0 8 0 9 0 0 10 15 0 0 4 3 6 12 11 0
0 0 0 0 0 0 2 0 0 12 0 0 0 0 0 0
0 11 0 0 0 0 12 0 0 0 14 0 5 8 15 0
0 0 16 13 0 0 0 0 0 0 10 0 14 0 0 4
10 0 12 11 3 8 0 0 14 0 2 0 4 0 6 16
0 16 0 15 0 0 0 0 7 11 0 0 12 0 0 0
0 13 0 4 0 14 0 11 12 10 3 0 7 0 2 0
0 0 0 0 0 5 0 6 13 0 16 4 0 3 0 0
0 14 11 0 0 10 0 0 1 0 0 7 0 0 16 0
0 0 0 0 16 0 13 5 0 0 11 0 8 0 1 14
15 10 8 0 0 0 0 9 2 0 0 14 3 6 13 7
16 6 0 0 8 15 14 0 0 3 13 0 0 10 0 0
0 4 0 16 0 0 0 0 8 14 0 0 13 11 0 0
0 0 0 10 0 4 0 0 0 0 0 0 0 14 0 0
2 0 0 0 0 12 0 13 0 0 0 16 0 0 0 10
0 0 13 0 0 0 0 1 0 0 0 0 0 0 4 0
