8 5 0 14 0 0 0 0 0 13 0 1 15 6 0 12
12 0 0 0 0 0 6 10 0 0 0 0 3 0 0 0
0 0 0 9 0 0 16 0 6 0 0 0 0 0 0 0
0 0 6 3 0 8 0 0 0 7 16 0 0 4 9 0
0 4 10 5 0 0 14 0 2 0 0 7 0 0 0 0
0 0 0 12 0 0 0 0 0 0 0 0 0 0 6 5
0 0 0 0 8 0 1 0 0 0 0 0 4 10 3 0
0 14 11 16 10 0 0 5 0 0 3 0 13 0 0 0
2 0 0 0 0 0 8 0 0 16 0 0 0 3 0 0
0 0 0 0 0 0 0 4 0 0 8 0 9 0 0 0
0 0 12 0 0 3 9 0 7 14 0 0 0 0 0 0
0 0 0 0 0 0 0 13 0 0 0 0 5 0 0 0
0 0 0 0 0 1 5 0 3 9 12 0 11 0 0 0
0 0 0 7 4 10 13 0 0 0 0 0 12 0 0 16
0 0 0 11 0 6 0 0 0 5 7 0 0 9 0 0
10 12 5 0 0 0 0 0 0 11 13 0 0 0 0 3
