2 9 0 7 0 6 0 0 0 0 3 15 16 0 0 0
0 10 5 4 16 12 0 0 11 1 6 8 14 0 2 7
6 0 3 0 0 0 0 11 0 0 0 0 8 15 4 1
0 0 16 0 2 15 0 0 0 0 4 0 6 5 3 0
4 0 7 0 6 1 0 12 0 0 15 0 10 0 0 14
0 13 6 10 0 11 7 5 16 14 8 4 3 2 1 0
1 11 0 16 8 0 0 0 10 0 2 0 4 0 0 0
0 0 0 0 0 13 16 0 6 0 1 12 0 7 0 5
13 4 0 5 0 10 0 15 0 11 0 0 12 1 9 2
0 1 0 11 0 0 0 2 0 0 0 9 13 4 14 15
0 15 2 6 0 0 12 1 0 0 0 0 0 0 10 0
14 16 0 0 13 5 4 0 1 0 0 0 0 3 11 0
10 0 0 14 9 8 5 0 15 6 0 0 0 0 0 0
9 0 0 0 14 2 0 16 0 0 12 3 1 10 7 0
0 7 12 2 1 4 0 0 9 0 14 0 0 0 5 0
5 0 0 0 12 0 15 0 0 0 7 13 0 0 6 0
