13 0 14 5 8 4 0 0 0 0 0 11 0 0 0 0
0 7 0 0 0 0 0 0 13 0 0 15 0 0 0 0
0 0 0 0 16 0 0 0 0 0 0 0 0 0 0 0
0 8 0 0 0 0 0 7 0 0 0 0 0 0 0 0
0 11 0 0 0 0 0 0 10 0 9 0 13 0 0 0
0 2 0 0 0 0 0 0 0 0 0 0 0 0 0 0
0 0 0 0 0 0 0 0 0 11 0 0 0 8 0 0
0 3 6 0 0 0 0 14 0 0 0 1 0 0 0 0
0 0 0 0 0 1 0 0 9 0 0 2 0 15 0 14
0 0 0 0 0 3 0 5 0 1 0 8 0 0 16 9
0 0 0 16 0 8 0 0 0 3 0 0 0 0 0 0
0 0 7 0 9 0 0 0 0 6 0 0 0 0 0 0
0 0 0 0 0 0 0 6 0 12 0 10 0 5 0 0
0 0 0 0 0 0 0 0 3 0 8 0 0 7 0 0
0 0 0 0 10 13 8 0 0 0 0 0 14 0 0 0
0 0 0 15 0 0 0 0 0 4 0 13 0 3 10 0
