0 9 12 0 16 0 0 0 0 0 0 0 11 0 0 0
5 0 0 1 0 0 0 0 8 0 2 0 0 14 0 16
10 0 0 16 0 0 0 14 0 0 0 0 0 0 0 8
14 0 0 7 0 0 0 2 0 0 16 15 0 6 0 12
4 0 6 0 0 7 0 8 0 0 11 3 0 0 0 0
0 14 0 0 10 0 0 0 0 7 0 0 0 0 0 0
0 0 0 11 0 1 0 0 4 0 0 0 0 0 0 0
1 0 8 0 0 0 0 0 2 0 0 0 4 0 12 11
0 16 0 10 8 6 0 0 0 2 0 0 12 0 0 0
0 2 0 0 0 0 0 16 0 15 0 7 0 0 0 0
0 0 0 0 13 0 12 0 0 0 0 0 0 0 0 0
11 0 0 0 0 0 0 0 0 0 0 0 0 16 0 0
0 0 0 0 0 13 0 0 12 0 0 0 0 15 0 0
12 0 1 0 0 14 5 0 11 0 0 0 0 0 0 0
0 0 0 0 0 0 0 0 0 0 0 0 0 12 0 4
0 0 5 13 0 0 0 6 0 0 0 0 0 0 2 3
