14 8 2 9 5 1 10 15 16 7 4 3 6 12 11 13
4 5 15 7 13 3 2 14 6 12 8 11 16 1 10 9
1 11 10 6 7 16 12 4 9 13 14 2 5 8 15 3
12 3 16 13 6 9 11 8 15 5 10 1 14 2 7 4
10 9 12 11 3 8 15 7 14 1 2 5 4 13 6 16
3 16 6 15 10 13 4 2 7 11 9 8 12 5 14 1
8 13 5 4 1 14 16 11 12 10 3 6 7 9 2 15
7 1 14 2 12 5 9 6 13 15 16 4 10 3 8 11
13 14 11 5 2 10 6 3 1 8 15 7 9 4 16 12
9 2 4 3 16 7 13 5 10 6 11 12 8 15 1 14
15 10 8 12 4 11 1 9 2 16 5 14 3 6 13 7
16 6 7 1 8 15 14 12 4 3 13 9 11 10 5 2
5 4 1 16 9 2 7 10 8 14 12 15 13 11 3 6
6 7 9 10 11 4 3 16 5 2 1 13 15 14 12 8
2 15 3 8 14 12 5 13 11 4 6 16 1 7 9 10
11 12 13 14 15 6 8 1 3 9 7 10 2 16 4 5
