14 2 7 3 12 4 11 10 16 15 8 13 6 1 9 5
1 4 15 5 13 14 9 7 2 12 10 6 3 8 11 16
6 12 16 9 8 5 2 1 7 3 4 11 13 10 14 15
10 13 8 11 6 15 16 3 14 1 9 5 2 4 12 7
13 14 5 8 4 9 15 16 6 2 7 10 11 12 3 1
7 1 2 10 3 11 6 12 8 5 16 9 14 13 15 4
15 9 3 6 7 13 8 14 12 11 1 4 5 16 2 10
12 11 4 16 10 2 1 5 13 14 3 15 8 7 6 9
4 6 13 1 2 10 5 11 9 8 15 16 12 3 7 14
3 10 12 15 16 7 14 8 11 13 6 1 9 5 4 2
2 8 9 7 1 12 4 15 5 10 14 3 16 11 13 6
5 16 11 14 9 3 13 6 4 7 12 2 1 15 10 8
16 5 6 4 15 8 7 2 3 9 11 12 10 14 1 13
8 3 14 13 5 1 12 4 10 6 2 7 15 9 16 11
9 7 1 12 11 6 10 13 15 16 5 14 4 2 8 3
11 15 10 2 14 16 3 9 1 4 13 8 7 6 5 12
