2 12 6 8 3 0 14 9 0 10 5 0 0 4 0 0
9 0 0 15 0 4 2 0 13 0 0 0 16 11 10 1
14 16 0 0 15 0 13 0 0 9 12 0 2 3 0 8
1 13 0 7 0 11 16 0 3 15 0 0 5 12 0 0
8 0 0 9 4 15 0 0 14 2 16 0 0 0 1 11
7 1 3 0 0 0 0 0 0 0 0 11 14 10 15 2
0 14 0 4 0 0 0 13 0 5 1 0 6 0 9 0
15 6 13 16 0 14 1 11 12 3 9 10 8 5 0 4
12 4 1 2 0 13 0 15 7 8 11 5 9 6 3 16
13 15 14 10 0 0 0 1 16 6 0 0 0 8 0 7
16 0 9 3 0 7 12 4 15 1 0 0 10 14 0 0
0 0 0 6 0 9 8 0 10 0 14 0 1 0 0 13
0 0 0 0 0 3 0 10 5 0 7 4 13 9 0 0
10 11 16 1 0 0 7 0 9 12 15 0 0 0 5 0
4 5 7 0 0 8 0 0 2 14 10 3 15 1 0 6
0 0 15 0 0 12 4 2 0 16 13 0 11 7 0 0
