13 0 15 7 5 1 9 4 0 0 2 0 0 12 0 0
0 6 12 14 0 10 3 0 9 5 15 11 2 0 7 13
0 0 4 2 0 0 0 7 13 0 3 1 0 6 14 5
10 11 3 5 2 6 13 14 0 7 12 8 16 0 0 0
0 0 10 4 0 0 11 8 0 0 16 6 0 3 0 0
0 7 8 6 15 5 0 0 0 0 0 13 14 2 16 0
11 0 5 0 14 0 6 3 0 10 7 4 13 0 8 0
15 0 0 13 0 0 16 9 5 0 8 0 7 11 0 0
0 5 11 3 16 0 0 0 12 0 0 10 0 0 0 15
0 0 6 12 4 9 0 5 0 0 11 3 0 14 0 0
0 13 0 15 0 0 0 0 0 14 0 0 12 5 0 16
16 0 7 0 0 12 0 0 2 0 5 0 0 0 3 11
0 4 14 11 12 8 2 1 3 9 13 16 0 0 15 7
7 3 1 10 9 11 0 13 8 0 0 0 5 0 12 14
6 15 13 8 3 0 4 10 0 12 14 5 11 9 1 2
0 0 16 9 7 0 5 0 0 1 0 15 0 13 4 0
