0 14 0 9 15 10 12 1 0 6 0 0 0 2 0 0
11 0 8 2 14 7 9 0 10 1 12 5 13 15 3 4
15 5 0 12 0 0 0 4 8 0 16 2 6 0 10 7
4 13 7 10 2 0 0 0 15 0 0 11 0 0 12 0
0 0 15 0 5 0 0 0 0 2 0 7 0 4 14 13
5 0 0 4 16 0 0 2 12 10 14 9 0 11 0 0
9 0 0 1 4 11 0 14 0 3 13 0 0 0 0 12
13 0 11 14 10 0 7 12 0 5 15 0 0 8 16 2
0 12 0 5 0 2 16 15 0 4 10 6 7 0 0 1
0 4 16 15 0 0 0 5 0 8 1 12 2 9 6 11
0 11 0 3 0 0 0 8 5 0 2 16 14 12 0 0
2 1 10 8 6 12 0 9 3 0 11 14 0 16 0 0
0 2 0 11 9 5 6 0 14 16 0 15 4 0 0 3
0 15 0 7 8 4 0 11 0 0 0 0 0 0 0 16
8 0 4 13 0 0 0 0 0 12 9 3 11 5 2 6
1 0 5 0 12 16 3 13 0 0 0 10 0 7 0 14
