0 0 0 0 7 5 10 6 0 9 0 0 0 4 0 15
4 0 0 0 0 0 0 12 0 3 0 2 10 6 0 1
6 13 16 10 0 0 4 9 15 5 12 14 0 7 0 3
0 11 15 0 3 16 8 0 0 7 6 10 0 12 9 13
13 1 14 0 0 6 5 11 0 0 3 0 7 0 4 8
0 0 0 0 16 0 0 3 1 0 0 0 12 15 2 0
3 16 4 11 0 0 0 10 0 0 9 15 0 1 14 0
0 8 12 0 14 0 0 15 5 6 0 0 13 11 0 16
0 2 11 3 12 10 1 16 14 13 15 0 8 5 7 4
7 5 10 16 0 3 6 0 0 12 0 4 1 14 15 9
0 4 0 14 0 15 0 7 10 16 1 5 3 0 6 11
0 0 0 13 5 14 11 0 9 0 7 3 0 10 12 0
8 10 7 12 0 0 0 13 0 15 0 9 4 0 0 14
11 0 5 9 0 0 0 1 0 0 14 13 0 0 0 12
0 14 2 6 0 0 0 0 3 0 0 12 11 0 0 7
1 0 0 4 0 0 7 14 2 0 16 8 0 3 5 6
