13 8 1 4 14 6 0 0 0 0 5 0 0 0 7 2
0 0 2 0 3 5 16 0 8 0 7 14 0 0 9 0
5 0 0 0 0 0 0 12 4 9 3 15 1 6 0 10
3 7 0 0 0 8 0 0 0 0 1 0 11 0 0 5
9 13 0 10 0 1 5 0 0 14 6 0 12 11 0 0
14 0 6 5 15 3 10 4 11 0 8 0 9 7 0 16
8 0 0 11 16 9 12 0 13 5 0 1 15 0 0 6
4 16 15 0 2 0 0 0 0 7 0 0 8 5 1 14
1 9 13 7 0 0 0 15 14 0 0 4 2 0 5 3
0 0 10 0 1 0 3 13 9 15 2 0 0 8 6 0
0 3 0 0 0 16 4 9 5 0 12 11 0 10 14 0
0 12 4 6 5 14 0 0 3 0 10 13 16 0 15 1
0 4 0 8 12 2 0 7 1 3 14 0 0 16 0 0
12 0 0 13 9 0 1 3 7 16 0 6 14 0 0 0
0 15 0 1 8 4 0 5 12 10 11 0 6 0 3 7
0 0 0 0 10 15 6 16 2 0 13 0 5 1 12 9
