0 0 3 4 14 0 0 0 0 6 0 0 2 16 0 0
0 0 11 1 3 12 16 6 0 0 4 0 10 8 5 0
15 10 5 2 0 0 0 8 0 16 13 0 12 1 0 14
14 0 16 0 15 2 11 0 0 1 5 0 7 0 9 0
3 11 0 0 0 0 0 4 9 13 7 0 6 0 12 15
10 0 8 0 2 0 9 15 0 0 11 4 5 3 13 0
13 0 9 16 0 0 0 7 8 0 15 5 11 0 14 4
6 12 4 15 11 13 3 5 2 10 14 1 0 0 0 0
4 13 12 11 1 0 0 0 0 0 16 9 0 0 0 0
0 0 0 10 0 9 0 16 1 14 0 0 13 0 2 0
2 15 0 9 13 0 0 14 0 4 0 0 0 0 3 16
0 1 0 3 5 11 10 12 0 7 2 6 0 15 4 8
0 4 0 0 0 3 6 0 0 0 1 15 16 13 0 0
0 3 13 6 10 8 4 11 16 9 12 0 15 5 0 2
11 16 10 8 12 15 0 2 3 5 0 7 4 0 0 9
9 0 15 12 0 14 0 1 0 2 0 13 0 6 0 0
