0 13 0 1 0 9 0 15 16 0 0 11 0 2 12 3
0 0 0 8 11 14 13 12 0 7 5 6 9 1 4 0
9 0 0 16 0 4 0 5 12 0 14 10 7 13 0 0
0 7 12 5 0 16 3 8 2 1 13 0 14 0 10 15
8 9 16 11 14 0 4 7 0 0 0 0 2 15 3 6
0 14 5 2 1 0 16 3 9 0 0 8 0 4 0 0
0 0 7 4 0 6 0 0 14 0 12 16 0 8 0 0
12 1 6 10 0 11 0 13 4 0 3 0 16 0 9 0
11 10 0 7 0 2 0 0 0 0 0 14 1 3 8 9
3 5 1 12 0 7 0 4 0 0 0 0 15 6 2 0
16 0 0 0 3 1 5 0 0 0 15 0 10 0 0 0
0 0 2 15 0 8 10 0 0 12 1 0 4 0 16 0
0 4 0 0 0 5 2 16 8 0 11 12 0 10 13 0
2 0 10 13 12 15 8 11 3 0 7 0 6 9 0 0
5 12 9 0 7 0 6 0 0 10 2 4 8 0 15 0
1 11 0 0 4 13 14 0 0 0 0 15 12 7 5 2
