3 2 4 14 1 8 5 9 13 0 11 0 0 0 0 0
0 11 12 15 3 6 4 0 0 9 0 0 5 0 8 0
5 13 10 9 0 15 16 7 0 6 0 8 0 0 2 3
0 6 16 7 12 2 13 0 14 0 3 0 1 0 0 0
0 9 6 10 13 0 15 4 12 0 7 1 8 5 3 0
0 5 3 4 10 0 2 0 6 13 0 0 15 14 0 9
0 1 13 2 0 5 0 3 4 0 9 15 12 0 0 10
15 0 0 0 14 9 0 0 0 10 0 3 0 2 13 1
0 12 0 0 0 14 8 2 0 0 6 13 11 0 0 4
7 15 14 13 16 11 6 1 0 5 0 0 2 12 0 0
6 0 11 8 4 13 12 5 0 0 10 2 9 3 0 14
0 0 5 0 9 0 3 0 8 0 14 12 7 0 0 13
9 3 0 0 0 0 1 13 11 0 15 0 10 0 14 0
12 10 0 6 0 0 0 11 9 0 5 4 0 0 0 16
13 14 0 11 5 12 9 0 0 0 1 6 3 0 0 0
4 0 0 0 15 0 10 8 0 0 13 14 0 0 9 0
