0 10 3 0 7 9 0 0 1 8 0 11 6 16 0 0
15 0 7 12 5 0 0 0 0 0 9 2 10 11 4 0
6 0 0 0 0 0 0 0 0 5 7 0 8 3 0 0
5 0 2 11 10 0 0 0 0 12 0 0 14 0 0 9
16 7 0 9 8 3 4 0 15 10 0 0 0 13 0 5
0 0 0 15 0 0 0 0 0 0 8 5 0 0 0 16
13 0 0 6 0 16 5 2 0 0 14 9 0 8 0 7
2 5 11 0 12 10 0 9 7 16 1 13 0 0 6 3
0 13 5 10 0 15 16 0 0 9 4 14 12 7 1 0
0 2 0 0 0 0 10 14 0 0 3 0 16 0 15 8
8 0 1 0 13 7 9 0 0 2 0 15 11 5 3 6
3 15 9 7 2 6 12 5 8 0 11 0 13 0 0 4
0 12 8 2 0 0 7 0 3 0 13 0 5 4 16 0
0 16 15 1 4 14 0 0 0 7 5 8 0 0 13 11
9 6 4 3 1 5 13 0 0 11 2 0 0 12 8 0
7 11 13 5 16 2 8 0 4 14 12 1 15 6 0 10
