0 1 3 14 12 11 0 0 0 5 15 7 13 0 2 0
10 0 9 12 16 6 0 0 0 3 11 0 0 5 0 1
0 0 0 2 1 3 4 13 0 0 16 0 0 0 11 8
16 13 0 11 0 15 0 14 6 0 1 0 4 0 9 0
0 0 12 13 0 0 0 4 16 0 3 0 0 7 15 14
5 10 1 15 0 0 11 16 0 0 0 0 0 6 12 13
9 3 0 16 0 0 12 2 13 7 5 0 0 0 4 0
6 0 7 4 0 14 13 0 1 0 12 0 0 2 0 0
1 5 13 6 0 2 16 0 0 0 0 0 14 0 0 0
14 4 16 9 15 0 8 0 5 1 0 3 0 13 10 11
15 7 2 3 13 10 0 0 11 0 8 6 0 0 16 0
8 0 0 10 14 9 3 0 0 4 13 16 2 1 7 5
13 14 0 0 11 0 0 3 0 8 4 12 10 15 1 0
2 11 15 1 0 4 0 0 3 13 0 5 0 12 0 0
3 16 0 0 9 0 6 1 2 0 0 11 0 4 13 7
0 9 0 0 2 0 15 10 7 16 6 1 0 0 8 3
