0 7 0 4 9 10 0 1 0 13 16 14 0 6 11 8
0 11 0 16 0 0 4 7 12 0 0 0 2 0 0 0
13 6 1 14 16 0 8 2 0 5 10 0 4 9 15 3
2 0 0 10 0 0 13 15 4 0 0 8 1 0 16 0
0 0 0 6 0 7 0 0 9 0 0 0 0 0 0 0
1 3 9 7 12 5 10 0 0 16 0 4 14 13 0 0
0 0 16 2 15 13 9 0 0 10 0 1 11 7 3 0
10 12 0 8 1 0 11 0 0 3 6 0 0 0 5 16
0 0 0 0 2 6 16 0 3 1 0 0 7 8 0 11
11 2 3 13 10 0 7 9 0 0 4 6 16 0 12 5
4 16 0 1 14 0 0 11 0 15 9 0 0 2 0 0
12 0 0 5 13 0 1 3 0 0 11 2 15 14 0 9
0 13 0 9 7 16 2 12 0 0 5 3 10 15 0 0
16 0 2 0 5 0 0 4 1 0 15 10 13 0 0 12
5 0 8 12 0 11 15 0 13 4 7 9 0 0 14 2
7 0 10 0 8 1 14 13 6 0 2 16 5 0 0 4
