4 0 2 16 0 0 14 0 0 0 3 12 6 0 1 9
0 6 0 0 3 1 4 16 0 0 14 8 15 11 2 5
0 0 0 0 2 0 6 0 0 9 0 0 4 14 0 0
0 14 0 1 8 9 5 11 2 0 15 0 13 10 0 16
15 4 0 0 1 2 10 13 6 14 0 0 0 0 7 3
3 7 0 5 0 4 0 0 12 0 0 0 10 0 0 0
2 9 0 0 6 7 12 14 0 3 0 11 5 4 8 1
14 0 12 0 16 5 3 8 0 7 4 0 0 9 15 0
0 0 9 3 0 0 0 6 0 16 2 15 7 0 11 0
12 2 0 7 14 0 13 3 0 11 0 10 16 0 5 0
16 15 0 4 11 0 2 0 0 0 7 3 14 0 0 10
0 10 0 0 9 0 7 15 0 0 8 0 0 1 0 0
1 3 7 2 5 11 15 10 0 6 12 9 0 0 16 0
6 0 5 0 13 3 16 1 8 0 10 14 9 0 4 12
8 16 4 0 12 14 9 2 3 15 0 7 1 5 0 11
0 0 14 0 7 6 0 0 1 0 0 16 0 0 10 0
