0 0 0 4 15 0 0 0 7 0 0 13 0 0 14 0
0 0 14 13 12 11 16 7 8 0 0 3 9 0 0 6
2 0 0 0 0 4 13 3 0 5 14 0 7 0 12 16
12 15 9 7 5 8 0 10 0 0 0 16 4 0 0 0
0 0 2 0 10 0 4 12 0 3 0 14 0 0 6 9
16 3 4 10 0 13 5 0 0 0 0 0 8 2 7 0
8 12 5 9 0 7 11 16 0 0 0 0 14 0 0 0
13 14 6 0 8 3 9 0 2 0 16 12 5 11 4 0
6 4 0 0 7 0 0 14 15 0 9 8 0 12 16 0
9 0 16 14 11 0 6 13 4 12 0 10 15 8 0 7
0 10 7 3 16 0 0 4 0 13 11 0 2 0 0 14
5 1 0 12 3 9 2 0 16 14 7 6 10 4 13 11
7 0 0 16 13 14 12 0 3 0 10 0 0 0 0 4
4 0 12 0 6 0 0 9 0 16 0 0 0 14 0 15
14 0 0 0 1 2 15 11 12 0 4 0 0 0 10 5
10 9 1 5 0 16 7 8 14 0 6 2 0 3 0 13
