0 0 3 13 1 2 16 6 0 0 12 0 8 5 0 0
6 0 9 0 14 15 10 0 13 11 1 7 3 2 16 12
0 0 0 0 0 3 7 11 0 0 0 5 0 0 0 15
0 14 0 15 0 0 0 9 0 0 8 0 11 0 0 1
5 0 6 9 3 0 11 0 0 0 0 14 16 0 12 2
13 0 0 0 0 4 15 1 8 0 3 0 0 0 0 0
0 3 0 14 13 0 0 12 5 9 7 0 0 0 15 0
0 4 15 7 5 6 14 16 11 0 2 1 9 3 8 13
0 6 4 16 0 12 8 3 10 5 0 0 0 0 11 9
8 0 0 5 4 10 0 14 16 0 11 15 12 0 3 0
9 15 12 3 11 16 6 13 1 8 4 2 0 10 5 7
14 11 0 0 15 1 0 0 0 6 9 0 2 16 0 8
3 13 14 6 10 9 4 0 7 2 0 0 0 0 1 0
2 16 5 11 0 0 0 15 0 1 10 9 0 0 0 0
12 10 7 0 0 0 3 5 14 4 0 8 6 0 0 11
0 0 0 4 0 11 1 2 12 0 0 0 0 14 10 16
