0 0 14 0 3 15 6 10 0 0 0 8 4 11 0 0
0 1 3 6 0 0 0 12 0 13 11 15 0 5 0 10
11 0 5 7 0 9 1 13 0 0 10 0 8 0 14 6
0 15 10 8 0 0 0 5 16 2 6 14 9 1 0 0
14 0 0 3 6 16 10 7 0 0 4 9 13 8 0 0
5 0 0 0 0 0 0 4 12 16 3 0 10 0 0 11
10 11 1 0 9 12 2 0 13 15 5 7 0 4 0 3
13 0 6 4 0 3 0 0 0 14 2 10 0 12 0 16
1 5 12 10 11 8 3 0 14 0 15 0 0 0 13 0
8 13 9 11 0 0 14 0 6 0 7 0 0 0 1 4
7 0 16 0 0 4 5 1 0 9 8 13 0 0 12 14
0 3 4 0 7 0 0 2 11 0 0 12 5 0 0 8
3 0 13 15 0 6 0 14 4 0 9 1 2 16 0 5
0 14 0 0 0 0 15 3 5 8 13 16 6 0 4 1
0 0 0 0 10 0 4 0 15 6 0 3 12 13 8 9
6 4 8 5 13 1 0 0 0 0 0 0 3 14 0 0
