0 16 0 9 0 0 12 4 8 10 14 2 0 1 5 11
0 0 0 0 9 0 0 0 4 6 7 13 10 0 2 12
14 13 4 2 8 0 10 0 1 5 12 0 7 6 3 0
6 12 0 0 0 0 2 5 0 0 3 16 4 14 15 8
9 4 0 6 0 0 16 0 0 12 0 0 1 0 13 0
0 0 0 11 0 7 0 0 0 0 0 3 6 2 9 0
13 7 0 0 0 10 0 6 16 2 0 0 0 12 8 0
0 8 2 0 12 0 9 15 0 0 0 6 0 0 16 5
4 0 8 0 1 14 0 3 2 0 6 0 0 9 7 16
16 14 0 7 0 6 0 0 12 3 11 0 15 8 10 2
0 15 9 0 16 5 0 10 0 1 8 0 12 3 4 6
5 0 6 3 0 12 8 7 15 0 16 4 0 11 1 0
11 0 12 0 3 4 0 0 6 15 13 1 8 5 14 10
0 3 0 0 15 9 6 11 0 14 0 8 0 0 12 0
0 2 0 4 10 8 13 1 0 16 5 0 0 0 0 3
8 6 0 10 0 16 0 12 3 0 0 7 0 0 0 1
