9 15 0 6 4 0 8 3 14 12 0 16 0 1 10 0
0 0 0 5 0 13 0 0 0 0 15 2 0 14 16 8
14 16 0 13 0 9 12 0 0 3 1 0 15 6 0 0
0 0 0 0 16 0 14 0 13 6 10 5 9 4 0 2
0 0 9 16 0 14 0 0 8 10 0 15 0 0 5 11
11 2 5 15 6 7 0 0 0 14 0 12 10 9 8 1
8 4 14 12 11 16 0 0 0 1 0 7 0 0 0 0
3 0 7 0 2 15 5 8 0 0 11 0 4 0 12 14
13 11 15 0 9 6 1 0 0 0 12 10 8 5 7 16
0 0 0 14 13 10 0 0 0 7 8 6 0 12 0 0
7 0 10 1 0 0 0 0 11 5 0 4 6 15 13 9
2 0 0 0 7 0 0 12 0 16 0 13 14 11 4 10
0 0 1 0 15 4 10 0 0 8 0 3 0 13 0 5
0 0 6 8 0 12 13 2 10 9 0 11 1 0 15 0
0 7 0 11 0 1 0 0 12 0 0 14 3 0 2 6
0 0 13 9 3 8 7 11 2 4 6 1 0 10 14 0
