0 3 0 11 0 5 10 15 4 0 9 0 7 0 0 8
14 8 2 1 0 9 6 12 5 10 0 7 15 0 0 3
5 0 0 13 11 3 14 0 8 6 1 0 0 12 0 9
10 6 0 9 0 0 2 0 15 0 14 3 13 11 0 0
0 4 9 0 15 2 11 0 6 0 12 0 1 0 5 10
0 0 6 7 0 0 0 0 0 0 16 0 4 0 15 12
0 15 0 16 0 14 0 0 10 9 8 1 2 3 7 13
2 0 13 0 7 10 0 1 3 15 0 0 0 9 6 0
0 9 0 0 14 7 0 8 2 0 6 0 5 15 10 16
0 2 8 0 6 0 9 16 0 0 0 0 0 13 3 0
0 1 0 10 5 4 3 0 11 8 13 0 9 0 12 14
3 0 0 4 10 15 13 0 9 0 7 12 0 2 8 1
0 14 3 0 16 13 4 0 0 5 0 0 0 1 11 0
0 0 0 5 12 1 0 0 16 0 0 6 0 0 13 0
0 13 10 0 3 0 7 5 14 1 15 0 16 0 4 6
4 16 0 8 0 6 15 0 0 11 3 13 14 0 9 0
