2 0 13 0 16 6 7 0 0 9 10 8 0 1 0 3
0 9 10 11 0 0 13 1 16 6 0 3 5 7 0 8
0 1 0 6 0 10 8 0 4 5 11 0 16 14 2 9
3 16 4 0 9 14 0 11 15 1 7 2 0 13 0 10
11 0 0 0 0 13 0 0 12 4 0 9 0 0 6 16
0 0 0 9 0 0 4 0 1 2 13 15 12 3 0 0
4 10 16 0 12 9 2 0 5 7 6 11 0 0 0 13
0 0 0 0 7 0 6 5 3 0 14 0 0 4 9 11
9 8 0 0 0 5 14 6 0 0 16 0 3 0 13 0
0 13 0 16 15 7 0 0 8 11 2 1 14 0 5 0
15 14 1 5 0 0 0 0 0 3 0 12 9 0 8 7
6 0 0 0 1 8 3 0 9 0 5 0 10 16 11 0
13 3 0 14 8 0 0 0 0 0 9 0 0 11 0 6
1 4 0 10 0 3 11 0 0 0 15 5 0 0 0 12
16 6 0 2 14 0 9 13 0 8 1 7 4 10 3 5
8 0 0 12 5 4 0 7 10 0 0 6 0 0 16 0
