0 10 0 0 5 0 3 1 0 9 11 14 0 0 16 0
0 8 0 3 0 15 0 0 16 13 4 0 12 2 1 11
0 0 13 0 0 16 12 0 15 10 7 1 0 14 8 0
15 9 16 1 0 0 0 0 2 8 12 3 6 10 0 7
0 0 15 0 0 10 9 0 7 0 0 0 11 12 3 0
3 14 7 0 0 0 0 12 10 6 0 0 13 5 0 1
13 11 0 6 0 5 16 14 4 0 1 12 8 7 0 10
12 5 1 0 6 0 13 0 3 0 8 0 14 0 15 0
2 3 0 9 13 0 1 15 8 0 0 16 10 0 0 14
0 6 4 0 8 9 0 0 0 1 0 15 5 3 13 12
0 1 14 0 0 0 5 0 9 0 0 4 0 8 0 15
10 12 0 15 14 6 2 3 13 7 0 0 0 0 4 9
0 7 0 14 0 0 6 2 0 0 0 10 3 0 11 4
0 0 0 4 0 12 10 0 0 2 13 6 16 9 0 0
0 2 11 16 4 3 0 13 12 0 0 0 7 0 0 0
0 0 10 5 16 14 8 11 1 4 3 0 15 6 12 2
