2 10 6 0 0 0 0 0 12 5 7 0 0 4 15 0
15 0 16 9 0 0 6 0 2 0 14 0 0 0 1 12
7 12 8 11 0 0 0 0 6 16 0 0 10 0 5 2
4 5 1 14 12 0 7 2 0 8 0 15 6 13 0 0
0 0 15 4 2 9 14 7 16 13 10 8 3 12 11 1
14 9 7 0 8 0 0 13 4 3 11 0 0 15 0 0
0 0 3 2 0 6 10 15 14 7 0 0 0 9 8 0
0 0 0 12 0 11 4 0 0 0 0 2 0 6 0 7
0 4 5 13 0 0 16 8 15 9 6 7 0 2 14 11
0 0 0 6 0 0 1 3 10 11 8 16 0 0 4 0
1 0 11 0 15 0 2 6 0 4 0 0 0 10 0 0
0 7 0 15 4 5 0 9 1 0 0 0 13 16 6 0
6 3 0 0 0 0 9 1 0 14 0 13 0 8 0 10
9 16 2 10 7 15 3 12 8 6 4 11 5 1 0 0
13 1 0 8 6 2 0 0 0 15 12 9 16 11 0 0
11 15 4 0 0 0 8 16 5 0 0 0 0 0 12 6
