9 0 7 0 5 0 0 14 2 10 0 0 6 0 0 0
0 1 10 0 0 0 0 16 0 11 15 6 12 4 0 5
14 0 0 0 4 0 13 0 8 0 9 0 0 0 7 0
2 0 0 0 8 0 11 6 0 0 0 4 14 10 0 0
15 0 9 10 14 0 0 0 0 0 16 1 11 8 0 2
5 0 0 0 0 4 1 9 12 0 3 0 0 0 10 13
4 14 3 0 0 2 7 8 0 13 0 11 9 0 6 16
1 11 2 0 10 6 16 12 0 8 7 15 4 3 5 14
8 0 0 0 12 0 5 0 6 15 2 9 0 0 0 0
12 2 0 6 16 9 0 4 11 0 10 0 1 0 0 7
0 9 4 0 3 10 15 1 5 16 0 12 13 2 0 0
10 15 0 0 2 13 6 11 7 1 4 0 8 0 16 12
0 0 1 0 6 12 9 3 13 2 14 0 15 7 11 0
0 12 0 0 0 8 0 0 0 0 6 10 0 14 2 1
0 10 13 0 0 0 14 5 15 4 11 0 0 0 9 0
3 8 15 0 7 0 10 2 1 9 12 16 5 6 13 0
