15 0 7 6 0 0 16 0 0 14 8 2 3 0 0 10
11 0 8 0 0 2 0 0 0 0 5 0 0 0 14 0
10 12 16 0 0 5 0 0 1 0 13 4 2 9 0 15
1 13 2 4 0 7 0 0 3 9 12 0 16 11 5 6
6 2 3 0 15 12 9 4 0 5 0 16 0 0 0 13
13 0 12 0 11 8 1 0 10 15 0 9 0 0 0 3
0 7 10 5 0 6 0 0 2 12 0 1 0 0 9 8
0 1 9 15 14 10 0 5 4 13 11 0 0 0 12 2
12 0 6 1 13 9 10 0 14 2 16 0 8 0 3 0
0 10 14 8 0 0 11 0 0 3 15 6 0 2 0 5
5 16 13 2 0 4 0 0 7 11 0 8 9 10 0 0
7 15 11 3 2 0 0 8 0 0 0 13 12 0 16 1
0 9 0 0 5 3 13 0 16 0 2 11 0 1 0 0
0 6 4 0 1 16 14 12 5 0 0 7 15 8 0 0
16 0 0 12 0 11 0 0 15 0 0 0 13 0 6 7
3 11 1 0 8 0 0 0 13 6 9 0 0 5 2 16
