2 10 6 8 3 0 15 7 13 14 0 0 12 0 0 9
0 15 3 0 0 14 13 4 0 0 0 16 0 7 5 0
9 7 0 1 16 10 0 2 3 11 6 0 0 14 13 8
4 16 0 13 8 6 0 5 10 0 0 0 0 0 0 0
8 0 7 15 9 0 5 0 11 13 0 4 6 1 14 12
0 0 13 9 0 3 6 0 0 0 7 2 5 11 16 10
0 2 12 11 0 15 0 0 0 5 0 0 3 8 0 13
10 6 0 5 7 16 0 0 12 3 0 8 0 9 2 0
1 0 2 0 0 0 0 0 4 0 11 13 7 0 0 16
13 8 0 0 11 0 0 3 16 10 12 7 1 5 0 0
0 12 0 16 0 13 7 15 14 1 0 0 8 0 9 0
7 14 0 10 0 0 0 16 15 8 0 9 13 3 0 2
0 0 10 0 0 0 14 11 8 16 13 6 0 12 15 0
15 0 0 0 2 0 10 12 0 4 0 11 0 6 0 1
6 11 16 7 13 8 3 9 2 0 15 0 0 0 10 0
0 5 0 4 0 1 0 6 0 0 0 14 2 13 0 3
