4 0 0 14 8 0 0 10 0 0 0 0 11 0 0 15
0 5 10 0 0 0 0 3 16 8 0 11 9 2 1 0
0 8 0 0 5 0 0 11 14 2 4 0 12 6 0 0
9 1 0 0 12 16 0 4 10 15 0 0 0 3 5 8
0 15 12 10 13 0 0 6 0 0 0 14 3 8 0 2
1 3 9 0 15 0 7 12 2 0 10 4 0 5 14 13
14 4 0 8 0 2 0 0 0 12 15 13 7 10 0 1
0 7 0 0 9 11 10 14 3 5 0 0 15 0 4 6
3 16 5 15 2 7 0 0 0 14 13 12 10 0 0 0
8 0 0 9 0 14 0 0 0 10 0 0 0 0 12 7
2 10 14 0 0 12 16 13 0 11 6 7 5 0 15 0
7 0 13 12 6 10 15 1 4 0 0 0 8 14 2 16
0 13 8 0 0 5 6 15 12 3 0 0 0 7 10 0
10 0 16 0 1 9 12 7 11 0 5 0 0 13 8 14
12 0 7 6 10 3 0 0 0 0 0 8 4 0 16 5
0 0 1 0 0 13 4 8 0 0 0 10 0 11 3 12
