0 0 0 15 13 0 11 6 0 0 4 5 1 7 12 9
0 0 5 9 4 10 3 0 7 0 1 0 11 0 0 8
4 0 0 0 12 1 5 15 9 0 0 2 3 0 10 6
1 10 0 6 8 0 7 0 0 12 11 0 0 0 5 0
3 15 0 0 7 0 13 0 0 0 2 0 8 12 0 1
10 8 13 0 0 3 4 0 14 0 5 0 15 6 11 7
9 2 14 0 0 0 6 11 13 3 12 8 0 0 4 0
12 1 0 4 5 0 10 8 16 0 7 11 14 3 13 2
5 4 0 0 0 13 0 0 0 11 10 16 0 9 6 12
6 0 15 0 11 7 0 4 5 14 0 3 16 13 1 10
0 0 0 13 10 0 1 2 12 9 0 0 5 0 3 0
14 0 0 10 16 8 9 5 0 0 6 13 0 0 15 0
7 0 0 0 0 0 2 0 0 6 9 14 0 0 16 0
8 13 9 1 6 0 16 0 0 2 3 0 12 4 14 0
0 6 0 0 15 0 8 0 0 5 16 0 9 1 0 0
15 5 16 3 0 0 0 7 0 0 13 1 6 0 8 0
