1 0 15 0 14 2 12 0 0 11 3 16 10 0 7 6
0 0 0 0 1 7 0 0 0 0 9 0 5 0 0 15
0 10 5 0 16 0 15 0 0 0 1 6 4 2 11 9
11 0 0 6 5 10 0 8 0 0 15 2 0 0 14 12
3 0 0 10 0 0 8 11 13 0 0 0 1 9 0 14
14 0 4 0 0 5 0 13 3 1 0 9 15 12 0 0
0 9 6 0 12 15 10 14 4 0 11 8 16 3 0 0
0 0 13 12 2 3 0 9 14 0 0 0 11 6 4 0
13 4 12 0 3 9 2 1 0 8 0 10 6 7 15 0
0 6 0 14 15 4 7 16 0 5 0 3 8 0 0 2
10 0 2 0 8 11 5 12 0 15 6 0 0 0 16 0
0 8 0 0 6 14 13 0 12 2 4 0 3 5 9 1
7 1 3 13 11 0 0 2 0 10 12 0 0 4 8 0
0 0 0 4 9 8 3 5 6 0 7 0 2 0 1 10
0 0 0 15 0 1 0 0 2 0 8 5 0 0 0 16
5 2 10 0 13 12 0 0 1 9 0 4 0 11 6 0
