1 0 3 0 16 0 0 0 6 12 9 0 2 0 0 13
10 5 0 4 6 9 12 0 1 14 2 16 3 7 0 8
0 0 16 2 5 1 15 0 4 0 8 0 0 9 0 6
13 6 12 0 0 0 14 0 10 5 11 0 4 15 0 0
0 12 1 13 10 0 7 0 8 0 15 6 11 2 9 4
0 7 11 10 15 6 13 0 16 9 5 4 0 0 3 1
0 0 6 0 0 0 0 12 0 11 14 0 0 5 8 0
5 0 8 0 14 0 0 11 2 10 7 0 13 16 6 15
16 0 14 11 1 8 6 0 3 7 0 0 0 0 2 12
0 0 13 12 7 10 0 16 5 8 0 14 15 0 4 11
0 0 2 5 0 0 0 0 0 4 0 10 7 8 16 9
4 10 7 8 12 0 9 0 11 0 0 2 0 13 14 3
0 0 4 15 0 0 10 1 9 16 6 5 8 0 0 0
0 11 0 0 4 14 5 0 7 15 3 0 0 1 0 2
8 2 0 14 0 3 0 0 12 0 10 13 0 4 0 0
7 0 0 0 0 0 8 6 0 0 0 11 0 0 0 0
