6 0 13 0 0 0 2 0 0 12 15 0 14 0 11 0
3 16 8 12 9 4 0 11 13 0 10 0 0 7 15 0
1 14 0 0 12 0 16 10 11 7 8 9 2 6 3 0
2 10 0 11 14 3 15 1 5 16 0 0 0 0 0 13
0 2 0 3 0 0 9 0 0 0 7 11 0 0 0 1
9 8 0 5 0 10 7 12 15 4 1 13 0 3 2 6
11 0 16 0 0 6 0 2 0 0 12 0 0 14 7 0
12 0 4 0 0 0 5 13 14 0 3 0 15 11 10 0
0 0 3 2 0 5 4 0 0 14 13 10 6 0 8 11
0 0 0 14 0 0 11 7 8 0 0 0 0 13 0 0
10 1 0 0 0 0 0 0 3 0 11 12 4 2 0 0
7 11 15 8 13 2 0 3 4 5 16 6 0 0 0 10
14 0 0 16 3 9 10 4 0 11 5 0 7 0 6 0
0 0 11 0 7 16 0 0 0 13 0 8 3 0 1 12
0 7 2 6 5 0 0 15 10 3 4 0 11 9 13 14
0 0 12 9 2 0 13 8 6 1 0 0 10 16 4 15
