0 2 0 0 1 14 0 0 0 5 0 15 11 8 3 4
0 14 15 0 5 0 3 0 7 1 0 0 16 13 10 0
1 4 16 7 0 0 0 11 9 12 0 3 15 5 14 2
3 0 0 11 0 0 0 4 8 0 0 0 0 6 7 12
0 0 0 5 11 9 1 15 0 3 0 14 4 10 12 0
14 11 4 1 0 0 10 5 0 9 6 0 0 0 0 7
15 0 0 6 16 4 0 12 0 13 0 8 5 3 11 1
12 0 0 10 0 0 6 0 5 11 1 4 2 14 0 15
0 12 14 3 9 0 0 6 11 8 5 0 10 4 2 0
0 0 8 0 10 0 0 0 14 4 0 0 7 12 15 5
2 0 0 0 0 1 4 7 0 0 0 0 3 0 0 8
4 0 0 13 12 8 5 3 0 10 0 0 9 0 0 0
8 3 6 16 4 5 0 0 12 15 11 13 14 0 1 10
10 15 0 0 0 11 0 0 1 0 9 5 0 0 8 0
0 0 0 2 8 15 12 10 3 7 14 0 0 0 0 11
11 7 0 14 3 6 0 1 4 0 8 0 0 15 5 16
