10 0 12 11 14 9 16 0 0 0 15 0 3 7 0 0
1 0 0 14 0 0 0 2 0 0 0 0 4 16 12 0
7 16 0 0 0 0 0 3 12 9 5 13 0 14 1 0
0 0 13 3 11 12 4 1 14 16 10 7 15 9 6 0
0 1 3 0 0 0 14 0 5 6 9 0 8 0 10 7
0 0 10 8 0 0 11 0 0 0 16 14 0 5 9 4
0 14 0 12 1 0 9 5 0 10 0 8 6 2 0 15
0 0 0 5 0 8 0 0 0 11 0 12 0 3 0 1
0 3 0 4 0 11 0 9 10 0 0 0 0 15 8 0
8 0 0 16 2 0 0 15 9 13 3 0 14 12 0 5
14 5 11 13 3 10 0 0 8 15 1 0 0 0 2 16
9 0 7 1 5 0 8 0 2 0 12 0 10 0 0 3
0 0 14 0 8 16 2 10 6 12 4 9 0 1 15 0
2 4 8 0 13 5 15 0 1 3 0 0 0 6 16 0
15 11 1 6 9 0 12 0 16 5 8 2 0 0 3 14
0 0 5 10 0 1 3 0 13 14 7 15 2 8 0 0
