0 2 12 16 15 3 0 14 9 0 10 0 0 13 0 11
0 0 13 4 16 0 7 10 0 3 1 11 14 12 6 0
10 14 6 0 5 0 4 11 0 8 0 0 2 15 0 0
0 1 5 3 8 0 13 12 2 14 0 15 9 0 4 0
2 0 0 0 10 8 0 7 15 5 0 0 12 0 13 9
9 7 4 10 0 0 5 0 0 13 0 2 11 3 0 0
6 11 0 13 0 15 3 2 0 10 16 9 1 5 14 7
5 0 3 12 0 0 11 9 7 0 6 0 16 10 8 2
0 4 2 0 0 0 15 8 11 16 0 0 0 6 5 13
3 0 1 0 0 16 0 5 4 15 0 7 0 11 0 14
0 10 15 0 6 0 14 0 0 0 5 8 4 2 16 1
0 0 0 5 2 4 0 3 0 1 0 6 0 9 0 0
13 5 0 0 12 0 0 4 6 11 0 1 0 8 3 16
14 6 0 0 3 5 0 1 0 2 0 0 13 7 0 4
4 0 0 0 11 14 0 6 0 0 3 0 0 1 0 0
1 0 10 11 0 0 8 0 16 9 4 0 0 0 0 0
