1 0 6 0 8 4 0 13 0 14 0 12 9 16 10 15
14 2 12 8 9 15 5 11 1 0 16 4 13 7 0 3
13 0 9 0 12 0 10 0 8 6 5 0 1 0 0 4
16 0 0 0 6 14 0 1 0 0 13 15 12 11 5 0
10 5 15 2 13 0 0 0 0 1 0 16 4 0 12 0
7 9 0 13 2 12 0 0 6 4 3 0 11 5 8 16
8 12 14 16 0 10 6 0 11 0 0 13 0 0 0 7
0 6 4 11 0 0 1 9 5 7 0 2 0 13 0 10
12 8 7 0 14 0 16 5 4 0 6 0 10 15 0 2
11 3 0 0 0 0 15 0 7 0 14 0 8 0 0 6
0 13 16 14 3 1 9 0 0 15 2 8 5 12 0 0
0 0 2 10 0 0 4 0 0 0 1 5 16 3 9 0
0 14 11 6 0 9 0 0 0 0 4 0 7 0 15 13
9 4 0 12 0 5 0 14 0 0 7 6 0 0 0 0
15 0 0 3 4 7 12 0 0 0 0 14 0 9 0 5
0 0 13 0 11 6 3 10 15 0 9 0 0 0 0 0
