11 0 14 13 2 9 0 8 16 0 0 0 6 0 3 0
0 4 0 0 0 10 0 0 0 1 8 0 0 13 0 0
0 9 10 5 16 7 0 0 11 15 0 3 4 2 14 1
12 0 0 0 0 4 0 1 0 13 9 2 7 8 0 0
6 10 0 0 0 5 16 11 13 2 3 15 9 1 0 7
0 0 5 9 0 0 0 14 0 12 0 8 10 16 0 6
13 0 0 0 9 8 1 15 6 10 4 14 11 0 12 3
3 15 1 12 4 6 10 7 5 9 16 11 0 0 0 0
0 0 0 0 0 0 12 9 15 3 0 0 0 4 0 2
0 2 9 0 0 15 8 4 12 0 14 6 13 7 5 11
0 0 0 1 3 0 0 16 0 0 13 0 12 15 8 0
16 0 0 11 7 13 0 0 8 4 10 1 0 3 0 0
0 0 7 10 0 12 0 0 1 0 11 16 15 6 0 4
0 0 11 0 15 3 7 0 4 0 0 0 0 0 0 14
2 14 0 0 0 1 9 6 0 5 15 7 16 12 10 8
1 8 12 15 14 0 4 0 0 6 2 13 3 0 0 5
