9 0 0 0 11 0 10 3 6 2 16 1 15 5 0 14
0 10 5 0 9 12 1 0 4 0 7 14 6 0 2 3
0 2 0 3 5 14 4 13 11 12 9 10 1 16 8 0
0 8 0 14 7 2 0 6 0 0 0 5 10 0 12 9
0 7 15 10 4 0 14 0 0 9 6 0 5 2 0 0
0 0 0 0 0 3 0 0 14 11 0 0 0 0 6 0
0 14 0 4 6 0 2 8 0 0 0 12 3 15 10 0
11 0 2 9 0 16 7 1 10 5 3 15 8 14 4 0
12 0 0 7 0 0 0 4 0 6 0 0 0 8 15 16
0 0 4 15 0 5 0 0 0 0 14 0 11 0 0 0
0 9 8 1 3 6 0 0 16 15 13 0 14 0 5 0
2 13 0 5 15 7 8 16 12 4 11 3 0 10 0 6
14 0 10 2 16 15 6 0 13 0 0 0 0 1 11 0
13 15 9 8 0 0 5 0 2 14 12 0 0 0 3 10
0 3 16 6 8 0 0 0 0 7 0 0 0 13 9 0
7 0 1 11 2 13 0 9 0 0 4 0 12 6 14 0
