0 15 0 0 0 0 6 0 11 1 0 4 0 5 7 16
0 4 8 0 0 3 9 1 6 0 0 0 0 0 2 12
6 5 1 13 0 0 0 0 8 7 3 12 0 14 0 0
0 0 10 0 0 5 7 4 13 14 2 9 1 3 0 0
2 11 12 4 9 0 0 0 10 0 0 14 5 0 0 0
8 0 16 0 11 15 4 6 0 12 7 5 3 9 0 0
9 14 15 0 0 8 16 5 4 0 1 6 0 0 0 11
5 6 0 3 0 0 0 2 0 15 13 11 0 0 16 8
0 8 0 16 14 0 0 10 15 6 9 0 7 0 0 2
0 0 0 12 5 6 3 0 0 0 0 7 15 16 0 10
7 0 0 0 15 4 2 16 1 11 12 10 9 6 8 13
15 0 6 0 1 9 0 7 5 13 8 0 14 4 11 3
0 1 0 0 2 16 8 0 7 9 0 13 0 10 3 15
12 2 0 6 0 10 15 9 0 0 11 0 0 0 0 0
10 16 9 8 6 7 14 0 0 0 0 1 0 0 0 5
13 0 0 15 0 0 0 11 12 10 0 2 0 8 14 9
