0 0 13 10 6 0 0 16 0 14 8 0 1 9 5 12
8 0 4 1 14 2 7 0 6 3 0 0 15 0 16 11
9 14 16 0 1 8 12 11 5 4 15 0 7 0 0 0
15 11 12 2 0 0 0 0 0 16 1 0 6 8 14 0
0 10 15 3 8 0 2 0 0 0 14 0 0 5 0 1
0 6 2 0 3 9 1 12 15 8 10 0 4 16 0 13
1 12 0 0 5 10 0 0 0 0 3 9 8 0 0 0
5 8 9 13 11 0 16 0 0 0 4 0 0 2 6 0
0 15 0 0 0 16 0 8 14 11 12 3 0 13 2 6
0 9 14 11 0 5 0 10 0 1 6 0 12 0 0 7
0 0 0 0 0 0 0 0 0 5 7 15 14 11 4 9
7 13 0 0 0 11 0 14 4 2 0 0 16 1 3 10
0 4 0 0 16 15 0 2 0 10 5 0 3 7 1 8
0 0 10 0 12 0 0 6 8 15 2 13 0 4 9 0
0 2 0 0 9 3 0 5 1 7 0 4 13 6 0 14
14 0 0 5 13 0 0 0 0 0 11 0 2 12 15 16
