0 0 2 3 0 4 0 13 0 10 12 8 1 0 15 6
0 10 0 0 14 15 1 0 2 0 3 5 0 0 13 12
1 8 12 7 6 10 0 0 0 0 0 15 4 2 14 0
15 6 13 0 3 12 8 2 1 7 0 14 5 9 0 10
11 5 0 14 0 6 15 0 13 0 1 0 16 8 4 0
4 9 0 15 0 0 0 8 0 5 10 0 0 13 3 0
13 0 6 12 0 14 10 3 0 0 2 0 0 5 9 1
3 16 0 0 0 0 0 0 0 0 9 0 0 0 6 0
0 0 3 0 10 16 13 0 0 1 7 0 15 11 0 9
14 0 16 0 8 7 0 0 0 4 15 10 6 1 0 5
0 0 9 10 0 0 0 0 5 12 0 13 14 3 7 16
7 2 0 0 0 9 0 6 0 11 0 3 12 4 10 13
12 0 0 8 0 1 9 7 0 0 14 0 13 0 5 4
2 4 0 6 11 0 12 14 7 13 5 1 0 10 16 0
16 1 7 9 0 0 6 0 0 0 8 0 0 0 12 11
10 0 14 5 0 0 0 15 12 0 0 9 3 0 1 7
