0 0 9 11 0 2 12 15 10 0 0 0 1 16 7 4
0 10 8 0 6 11 1 0 0 7 3 0 5 13 0 0
1 2 0 6 0 7 10 0 13 4 0 16 0 0 3 0
0 0 7 0 0 16 3 8 0 0 12 1 0 6 14 9
0 0 0 0 1 14 0 0 0 9 0 6 3 10 13 7
6 0 3 0 5 0 0 0 7 11 1 0 16 2 0 8
13 4 5 0 7 0 8 16 0 0 0 14 0 0 0 0
11 7 16 1 12 3 0 9 15 0 0 13 0 0 4 6
8 3 0 15 4 1 5 12 0 14 9 0 0 7 0 13
7 0 2 0 0 13 0 14 5 8 11 15 12 0 6 10
16 1 12 0 10 0 7 6 2 13 4 3 0 9 0 11
0 0 6 0 0 9 11 0 1 0 0 0 0 3 8 14
14 12 0 0 0 5 9 0 8 3 16 0 0 0 0 15
5 6 13 8 0 10 0 7 4 1 14 0 0 0 2 3
0 11 4 0 2 0 0 3 0 6 0 0 13 0 1 16
9 0 0 3 8 4 0 1 12 0 13 2 0 14 11 0
