15 10 5 4 9 3 0 0 0 12 0 0 8 0 14 13
0 14 0 13 0 0 0 5 10 1 8 16 15 0 0 0
9 16 0 2 15 8 0 0 13 6 0 0 0 3 11 10
6 1 11 8 2 0 0 13 14 15 0 9 0 0 0 7
0 8 4 9 13 0 0 7 15 0 12 14 10 1 0 6
0 0 1 0 0 14 10 16 9 7 0 0 0 0 0 5
2 7 0 6 8 0 0 15 0 10 11 0 0 9 16 4
11 0 10 0 3 9 0 1 0 0 0 13 7 2 0 0
13 0 2 11 7 0 0 0 0 9 1 0 0 14 0 3
0 0 0 0 1 15 9 2 6 0 14 10 0 12 13 0
5 0 0 1 16 0 14 0 0 0 13 0 2 15 0 0
0 0 6 14 11 13 3 8 5 0 15 0 9 0 0 16
0 0 9 7 10 16 0 3 0 0 4 5 0 11 0 0
0 6 16 0 14 7 13 11 8 2 9 0 0 5 4 0
1 11 15 5 6 4 0 9 3 0 0 7 14 13 0 0
0 4 13 0 5 1 0 12 11 14 6 15 16 10 7 0
