0 0 3 4 1 9 6 5 0 15 8 0 13 7 16 0
9 2 0 0 10 0 7 12 16 0 4 14 8 11 0 6
11 0 0 8 14 0 3 16 10 1 6 0 0 0 0 0
0 13 16 0 4 0 15 8 7 2 5 9 0 3 14 0
0 0 13 16 3 0 2 14 0 0 9 7 15 6 1 11
0 6 4 11 0 1 0 13 8 14 0 12 0 16 9 0
0 0 0 5 8 0 0 11 0 6 16 15 0 2 0 12
15 12 0 14 9 16 5 6 0 0 1 3 0 13 4 8
8 7 0 0 0 0 0 2 6 0 0 4 5 15 0 0
0 0 0 6 7 0 0 15 14 8 0 0 0 1 11 0
4 0 0 0 6 8 1 3 9 0 7 5 2 12 13 14
0 5 0 3 11 0 16 0 15 12 13 0 0 0 8 7
0 0 8 0 0 0 0 0 0 9 0 0 0 0 2 15
0 0 0 0 2 0 12 4 0 0 14 0 1 10 6 0
0 1 10 0 0 3 14 7 2 13 11 6 9 0 0 4
12 0 6 2 0 10 0 9 1 4 15 0 11 5 7 0
