6 0 0 15 0 10 0 3 7 9 4 13 0 0 2 14
0 13 0 0 9 2 0 0 0 5 11 3 0 0 0 0
0 0 10 2 7 6 15 11 12 0 0 16 13 3 1 9
0 16 0 0 13 14 0 4 15 1 10 0 11 0 0 12
9 15 13 4 8 5 0 0 0 0 0 12 0 14 3 0
14 12 0 6 11 15 10 16 0 4 2 1 9 0 13 7
2 8 0 16 14 13 6 12 11 0 9 15 10 1 0 4
5 0 11 10 4 3 7 9 16 0 14 8 6 12 15 2
0 0 0 9 10 1 0 7 13 16 3 5 0 0 0 8
0 7 16 13 2 0 0 5 0 0 0 0 3 0 0 6
0 0 4 0 0 11 13 14 8 2 15 7 12 9 16 1
0 14 2 0 0 0 3 15 9 0 0 10 4 5 0 13
0 4 0 14 3 0 12 6 0 0 13 9 1 0 0 0
7 2 0 0 1 0 11 0 3 0 0 0 0 0 9 5
0 10 1 0 0 9 0 13 14 0 0 4 2 0 0 3
0 0 0 0 15 7 0 2 0 0 0 0 0 4 0 0
