0 0 3 0 14 0 0 0 0 2 5 6 0 0 1 7
1 9 2 0 0 0 0 0 8 14 7 0 4 0 10 0
5 0 16 10 0 3 0 0 0 1 12 0 2 0 8 14
14 15 12 8 0 10 2 7 0 13 3 0 9 16 0 0
11 0 0 0 8 13 0 0 3 4 15 0 1 7 2 6
0 0 0 3 0 0 0 11 14 0 8 0 0 9 0 13
12 0 8 0 0 6 15 14 0 0 11 1 10 5 16 3
15 1 0 2 0 0 0 12 0 6 0 5 14 0 4 0
10 0 13 0 0 0 0 8 1 0 4 0 7 15 0 0
2 12 15 0 4 9 7 1 16 5 0 0 8 14 0 10
0 5 14 1 16 11 0 0 7 0 9 0 13 6 12 4
0 6 0 9 13 15 0 10 12 0 0 3 0 1 0 16
4 13 11 0 9 0 0 16 0 3 1 0 0 0 7 12
0 2 6 0 11 0 1 15 5 0 13 0 3 0 14 9
9 0 1 12 10 2 0 3 4 7 16 0 6 8 13 0
3 8 10 5 0 7 0 0 0 15 0 2 16 0 11 1
