0 9 6 15 3 0 1 0 0 5 0 0 11 0 2 10
12 1 0 0 0 10 16 0 0 6 0 0 0 7 8 0
16 0 0 11 2 0 0 7 1 0 4 9 3 6 12 0
0 3 7 0 6 0 0 11 0 0 8 0 0 16 0 9
7 15 12 0 1 2 0 4 13 3 14 0 0 0 9 16
9 16 4 14 10 8 0 6 2 0 0 1 13 5 7 12
10 5 13 0 0 7 9 14 8 0 0 6 15 1 0 0
0 11 3 1 16 13 12 0 0 0 0 0 6 2 10 14
0 7 15 0 9 1 4 10 5 13 6 12 0 0 14 8
13 2 9 10 0 15 8 3 0 1 0 14 0 0 0 0
0 0 8 0 0 14 0 0 0 0 16 15 0 12 13 0
0 14 1 12 7 16 0 0 3 8 2 0 0 10 0 0
0 4 0 0 8 0 0 1 15 14 10 0 0 13 5 7
15 0 14 0 4 6 0 0 11 0 0 13 0 0 1 0
2 0 5 9 14 3 10 12 0 7 1 8 0 15 0 0
1 10 16 7 0 11 0 5 0 4 9 3 0 0 6 0
