15 2 9 10 7 0 13 0 5 8 11 0 0 0 14 0
14 0 8 13 16 0 0 6 9 3 0 2 12 15 4 10
6 4 0 12 0 14 3 0 0 10 16 0 7 11 0 9
3 11 0 7 15 2 9 0 0 0 0 4 0 0 8 5
13 6 4 16 3 0 0 5 10 7 2 12 11 8 9 1
2 12 11 8 9 0 0 0 0 0 14 16 5 0 3 7
10 0 1 0 0 16 7 11 8 13 0 0 15 6 0 2
0 0 0 0 0 0 6 2 4 0 3 1 14 16 0 13
5 10 12 15 6 11 16 0 0 2 0 7 0 0 1 0
11 0 6 4 0 10 0 7 0 1 0 3 13 0 0 0
8 0 0 14 0 13 4 1 12 9 0 0 16 0 11 0
0 0 0 0 0 9 0 0 0 0 0 8 10 0 0 0
16 0 0 0 10 3 2 9 7 5 15 11 8 12 0 4
0 0 0 0 0 0 0 15 0 0 4 0 1 14 5 11
12 8 3 11 0 7 5 0 13 0 0 0 2 0 16 15
4 15 0 5 11 6 1 0 0 12 0 0 0 7 0 3
