16 0 0 15 9 0 10 5 7 2 12 0 11 4 0 0
10 0 0 0 2 7 13 4 6 5 8 1 0 0 0 0
5 2 13 0 11 12 3 0 0 0 4 0 0 8 7 0
7 6 4 12 14 1 15 8 13 16 0 3 9 10 5 2
0 1 0 13 16 0 9 6 0 0 0 0 3 7 10 0
6 4 7 5 1 3 0 15 12 0 14 10 0 13 0 0
0 15 0 3 0 14 5 13 0 0 0 4 0 9 11 12
0 0 0 0 7 4 12 2 0 0 0 13 0 0 0 0
0 0 0 0 13 5 0 12 9 0 0 0 2 15 14 11
15 9 0 0 8 10 0 0 0 3 2 5 6 12 4 13
0 5 11 4 15 0 16 7 1 12 13 0 0 0 0 0
2 13 0 10 0 9 14 0 0 8 15 11 0 5 1 16
4 0 0 9 0 15 2 0 5 0 16 0 0 0 0 0
3 7 0 0 4 11 8 0 15 0 0 12 0 1 0 14
0 10 15 0 3 0 0 14 11 4 1 2 5 0 12 9
11 12 0 0 5 13 6 10 0 0 9 8 0 0 15 0
