0 8 12 0 9 13 4 1 15 0 5 2 0 3 14 0
9 0 2 0 8 10 0 0 0 0 0 0 5 12 0 0
14 0 13 0 0 0 5 0 10 0 0 8 0 0 16 0
1 5 0 11 16 0 7 15 0 13 12 14 4 8 0 0
4 1 0 3 7 15 0 16 0 14 0 0 13 9 0 0
2 6 15 9 1 3 10 13 0 4 0 5 0 0 0 0
8 12 16 14 0 0 6 0 13 11 0 0 0 0 1 7
0 0 0 7 0 8 9 14 0 0 0 1 3 5 4 0
6 4 10 5 0 0 2 0 1 8 9 13 7 0 15 0
12 0 0 13 4 7 15 10 11 3 0 16 0 0 0 0
0 0 1 0 0 0 0 5 12 10 4 0 0 0 9 14
3 0 14 15 0 0 0 0 5 0 2 0 12 10 11 4
0 14 0 8 3 0 13 11 2 12 1 10 16 7 6 15
16 11 7 12 5 6 8 0 0 0 13 0 0 2 0 0
15 13 3 1 10 14 16 2 9 6 0 0 0 4 12 5
0 2 4 0 15 1 12 0 0 5 11 0 9 0 13 0
