14 13 10 16 11 15 0 1 0 0 6 8 12 7 3 0
11 4 0 0 6 0 9 0 12 7 0 14 16 10 0 0
0 0 0 12 0 7 2 13 9 16 0 0 14 0 5 11
8 9 5 7 0 0 12 0 10 15 1 11 0 2 4 0
0 11 9 2 12 8 0 16 13 0 7 10 0 4 14 0
0 0 0 15 7 2 0 9 11 14 0 5 8 3 16 0
0 3 0 1 0 0 11 4 8 0 12 0 0 0 0 10
0 14 8 0 15 3 5 10 0 0 2 1 13 0 7 0
2 12 1 5 0 0 0 0 7 0 10 0 0 0 0 0
4 0 14 0 0 11 0 5 0 0 8 2 9 1 0 16
0 0 13 0 2 12 16 6 14 1 11 0 0 0 10 7
9 0 0 0 0 1 0 7 5 0 15 3 2 13 0 0
10 0 12 13 4 9 7 11 0 2 16 0 0 0 8 0
1 6 7 0 5 14 0 3 0 8 0 0 10 16 0 2
0 0 4 9 0 0 0 12 3 0 0 0 7 15 6 5
15 8 3 14 0 0 13 2 0 0 5 7 11 0 0 4
