15 0 4 8 6 0 13 0 14 0 0 10 9 0 0 0
12 0 16 10 0 0 11 0 0 0 0 2 7 0 5 0
14 6 0 3 0 9 0 7 13 11 5 4 10 0 0 1
0 0 9 0 2 4 10 0 6 15 16 1 14 3 0 0
0 0 11 0 7 16 0 10 1 0 3 15 5 0 6 14
0 2 14 0 0 0 3 0 0 0 11 6 0 8 7 15
7 10 3 16 0 0 0 6 0 12 0 0 4 2 9 11
0 0 0 6 0 14 12 5 9 0 4 0 16 0 3 10
3 11 7 9 0 6 14 0 15 13 0 16 0 10 2 4
16 14 0 0 0 2 15 0 12 10 0 0 3 0 1 0
1 5 10 0 0 11 0 13 0 14 0 9 6 0 15 12
0 12 0 15 0 0 0 1 4 0 6 0 0 9 0 0
13 16 5 7 1 12 0 14 0 9 15 3 0 6 10 8
6 4 0 14 0 8 9 0 0 1 13 5 0 0 0 0
10 0 12 2 0 7 6 11 16 4 8 0 1 5 13 0
0 0 1 0 13 0 0 16 2 6 0 12 0 0 4 7
