11 0 6 10 14 12 0 2 8 15 0 7 13 0 16 3
3 7 0 0 0 9 15 0 10 0 2 16 0 12 0 0
0 15 0 0 0 8 5 0 11 0 0 6 10 0 0 9
5 4 12 8 11 0 0 0 3 0 0 13 0 6 15 2
7 5 0 0 1 0 11 9 14 0 0 0 4 15 6 10
0 6 0 0 10 4 3 0 13 8 0 0 0 16 2 0
13 10 4 0 2 0 0 0 9 11 0 1 0 3 0 12
0 0 3 12 15 0 6 14 4 7 0 2 0 0 9 11
4 3 2 6 9 0 0 0 5 0 0 15 1 0 13 8
10 8 15 0 5 3 4 0 6 13 0 9 0 0 12 14
0 13 9 0 0 15 0 0 1 2 4 10 3 0 0 0
1 16 0 7 0 0 0 13 12 0 14 8 0 0 0 15
6 14 7 5 0 1 0 4 0 9 3 0 15 8 10 13
0 0 13 0 8 0 9 5 0 0 0 4 0 14 0 7
9 12 16 1 7 10 13 11 0 0 0 0 0 5 0 4
0 0 10 4 3 2 14 0 0 5 13 12 6 0 1 0
