3 2 1 0 5 0 16 8 12 0 13 9 4 7 15 0
0 15 0 0 13 9 0 0 0 11 3 7 16 10 5 1
4 0 16 0 3 0 11 0 0 10 0 15 9 13 0 0
12 10 0 0 7 15 4 6 0 0 8 16 11 14 2 3
0 0 0 15 0 0 2 7 13 0 10 6 1 12 4 14
0 0 0 2 10 3 1 9 8 16 0 0 7 5 11 15
0 0 0 5 8 12 0 13 3 15 0 0 0 16 0 9
9 12 10 0 4 6 0 16 0 7 5 0 2 8 0 0
0 0 2 0 0 7 0 5 15 0 4 10 0 0 1 0
1 0 4 0 15 11 0 0 0 0 0 12 3 2 13 5
0 0 0 0 0 16 13 12 11 2 6 0 0 0 0 10
15 0 0 10 2 1 0 4 9 3 0 5 6 11 14 0
2 0 0 3 1 8 5 11 0 0 0 0 14 0 10 7
10 16 15 8 6 13 7 14 0 0 11 3 5 0 0 0
0 1 7 4 0 2 0 0 0 5 0 0 13 0 0 11
11 13 5 0 0 0 0 0 1 6 7 0 0 0 8 2
