12 13 0 0 0 7 6 0 5 10 16 0 1 8 0 0
16 0 0 7 11 4 1 15 8 3 13 12 10 0 5 0
0 9 0 0 0 0 0 13 11 6 0 0 15 3 0 16
10 3 8 0 0 5 0 2 1 14 15 4 0 0 6 0
3 1 12 15 0 0 0 0 16 4 14 8 6 0 0 2
13 0 0 16 0 0 0 14 6 1 10 11 9 5 12 4
0 11 9 0 2 0 12 4 15 0 5 0 14 1 3 10
0 0 0 4 0 11 7 1 0 0 2 3 0 0 8 13
9 15 0 0 0 0 0 0 0 0 0 7 0 14 2 6
0 4 16 14 9 0 15 11 0 5 0 1 0 12 13 7
11 0 0 3 13 0 0 8 0 16 6 15 5 0 10 0
8 0 5 13 10 1 0 7 9 12 4 14 11 16 15 3
15 8 0 6 0 0 0 12 0 11 0 0 2 13 16 0
0 16 0 5 1 8 0 10 14 0 0 6 0 0 0 15
0 2 0 0 0 3 0 6 0 15 8 0 12 0 0 0
4 10 0 12 15 2 0 0 0 13 9 0 0 6 1 8
