3 13 8 14 0 6 12 0 1 9 10 5 4 15 0 7
16 12 7 6 4 1 5 0 8 0 11 0 0 3 9 0
2 0 1 0 0 13 0 0 7 15 0 16 11 6 0 0
0 15 5 10 16 8 0 7 4 6 0 0 0 0 0 13
0 0 0 5 1 2 0 3 15 0 14 9 8 10 11 6
0 1 0 9 15 10 11 4 0 13 6 0 0 16 12 14
4 16 0 11 13 5 0 6 10 0 0 1 0 9 3 15
15 0 0 2 12 0 8 0 0 16 3 7 0 0 1 0
10 0 13 0 0 16 0 0 14 7 0 11 0 0 0 12
9 0 4 15 5 11 13 0 0 1 0 12 14 0 10 3
14 8 16 0 7 3 15 0 0 0 0 4 9 0 6 11
12 5 0 7 0 0 6 0 0 0 9 8 16 0 0 0
0 0 0 12 0 0 4 2 16 0 0 14 6 11 0 9
0 0 15 0 0 9 0 0 12 0 13 10 0 1 0 16
0 14 9 0 11 0 0 0 3 2 4 6 0 0 7 0
6 0 0 0 10 0 3 16 9 8 1 15 12 0 4 0
