0 15 0 10 0 0 0 0 3 0 11 0 0 0 0 9
14 4 0 6 2 0 15 0 16 10 13 5 12 11 7 1
0 0 11 16 0 0 6 0 14 12 1 15 2 13 0 8
3 2 13 0 1 0 11 5 0 0 7 4 15 16 10 0
0 16 8 4 0 0 0 7 5 14 0 0 13 2 0 12
0 0 0 2 10 0 1 0 0 3 12 0 0 0 4 0
1 3 5 0 0 0 12 2 7 0 4 13 0 10 0 11
13 10 0 14 16 5 8 0 11 15 0 0 7 0 0 0
11 0 0 1 13 2 0 0 15 4 0 0 14 0 0 10
0 9 0 0 0 0 0 0 2 7 16 0 1 15 8 6
10 0 6 15 3 1 9 0 13 0 14 0 4 12 0 0
2 14 0 7 0 15 0 8 0 1 6 9 0 0 0 13
9 7 2 3 8 0 13 0 1 6 0 16 0 14 0 15
0 0 14 12 0 3 2 10 8 0 0 0 9 5 11 0
4 6 0 0 12 0 5 1 0 2 0 14 0 0 13 16
0 13 10 5 14 9 0 15 0 11 3 12 6 7 1 2
