7 3 8 12 14 2 16 4 5 0 9 10 6 0 1 0
4 9 0 0 0 15 6 13 14 11 2 0 0 0 5 3
0 0 6 0 0 0 0 0 0 8 12 15 4 13 14 7
0 15 0 14 0 0 1 0 6 7 3 4 10 0 2 16
0 7 15 4 16 0 9 11 10 2 0 3 1 0 0 0
0 2 16 0 0 10 0 3 12 0 0 6 0 0 7 9
0 13 3 11 6 8 0 5 0 9 1 16 0 4 10 15
0 10 9 6 0 1 2 7 15 0 11 0 12 16 0 8
10 6 2 0 8 13 0 0 0 1 0 0 7 0 11 12
11 16 0 7 0 6 0 0 4 14 0 8 13 0 9 0
0 0 4 0 0 0 0 2 0 0 0 0 5 6 16 10
0 0 0 5 0 16 0 9 2 6 0 0 15 14 0 4
15 0 1 0 0 4 0 0 3 0 0 2 11 0 0 5
6 12 0 3 0 5 0 0 0 0 0 0 0 0 13 14
16 0 14 13 0 3 0 12 1 10 6 7 9 8 0 2
2 4 7 0 9 14 0 0 11 0 5 13 3 1 0 6
