0 0 0 2 15 12 10 0 0 0 0 8 5 9 0 6
8 0 0 11 2 3 6 16 5 10 14 9 13 4 0 1
0 10 1 14 0 0 9 5 0 0 6 16 15 0 11 0
6 9 5 16 0 0 0 4 0 3 0 0 2 0 14 0
0 0 14 10 0 0 16 0 9 2 0 6 3 0 0 8
12 0 6 3 0 9 0 1 11 8 0 0 16 13 4 0
0 1 16 13 3 0 12 0 10 14 0 0 9 5 0 11
4 8 11 9 0 14 5 0 0 12 0 3 1 15 10 2
14 0 0 15 0 16 11 0 12 0 0 0 10 6 3 5
0 0 3 1 0 0 0 9 0 11 0 13 8 14 0 12
9 13 10 0 14 0 8 6 3 15 0 4 11 16 1 7
11 0 7 5 0 10 0 15 14 16 0 1 0 2 9 0
0 15 12 4 0 0 0 0 8 0 0 14 0 0 2 0
3 11 0 7 16 8 14 0 0 0 0 15 0 0 0 4
0 0 13 0 0 0 15 12 4 5 2 10 0 3 0 0
0 14 2 0 5 6 4 0 0 7 9 11 12 1 0 0
