3 0 12 1 2 11 0 7 0 0 10 0 9 4 15 8
9 10 2 7 4 8 15 16 0 3 1 12 0 11 13 6
11 0 0 16 9 14 10 0 0 7 0 0 0 3 0 5
5 14 6 0 3 0 1 0 0 0 4 15 0 2 0 0
0 0 9 6 1 16 0 0 0 13 0 0 7 5 0 3
15 7 3 4 8 10 13 0 2 0 12 5 0 0 9 1
14 1 0 5 0 4 6 0 3 9 15 0 8 0 11 0
8 0 13 2 5 3 7 0 6 10 0 0 0 0 0 15
16 0 0 15 13 0 4 12 1 2 0 8 0 14 0 11
0 8 1 11 10 6 0 0 0 5 0 0 12 0 0 16
12 2 5 14 0 0 0 1 0 0 3 10 13 0 0 0
0 0 0 0 14 9 16 8 7 0 0 0 15 0 5 0
6 3 0 0 0 0 9 14 0 0 0 0 5 0 7 12
2 16 14 13 6 15 12 5 10 1 0 0 11 0 8 0
0 5 0 12 7 0 8 4 14 0 9 6 0 10 3 13
0 0 0 9 11 13 0 10 0 8 0 16 2 0 0 0
