13 16 6 0 11 0 0 7 5 0 10 2 15 0 4 0
0 0 0 0 8 0 0 0 13 4 16 11 2 5 0 10
2 4 10 0 1 0 13 0 3 0 8 12 14 7 6 11
0 8 14 0 0 5 10 4 1 0 0 6 13 0 0 0
9 5 0 0 12 0 4 0 14 10 6 0 1 0 2 13
1 10 4 0 14 0 15 0 12 2 5 0 3 0 0 16
14 12 7 6 0 0 8 0 11 0 0 15 4 0 0 0
16 0 2 15 3 10 1 5 0 8 9 0 0 12 14 6
15 6 9 11 7 4 5 0 2 0 3 10 8 16 0 14
0 14 12 3 0 0 2 0 0 16 0 0 10 6 9 0
0 0 0 0 0 14 6 10 15 11 13 8 0 0 7 12
0 13 0 10 0 0 3 0 0 1 0 0 0 2 15 4
12 15 8 0 0 13 0 3 10 6 7 0 0 14 0 0
10 0 13 0 6 8 11 12 0 0 2 3 9 0 0 0
0 9 11 2 0 1 16 0 8 0 0 4 6 13 0 0
6 0 0 0 4 15 7 0 0 13 0 0 0 8 10 5
