14 16 9 1 13 12 0 6 4 15 10 0 0 0 0 7
8 0 3 11 16 0 0 4 9 0 5 0 10 0 0 0
4 13 0 5 7 3 10 15 0 1 0 0 14 0 11 0
10 12 6 0 0 0 0 9 0 0 7 14 0 4 0 1
6 0 13 0 14 11 5 0 12 0 4 7 9 1 0 0
1 0 4 0 0 2 12 10 3 9 14 0 0 13 16 0
0 0 0 2 8 13 0 7 11 10 0 15 6 0 0 14
0 14 11 10 4 0 15 1 6 0 0 0 0 0 7 0
15 5 16 6 0 8 7 11 1 14 9 10 3 0 0 4
9 0 10 4 3 14 0 5 0 0 2 12 16 0 15 8
2 0 7 0 0 0 0 12 15 8 0 0 1 0 6 0
12 0 0 14 15 0 0 13 5 0 3 0 0 0 2 0
7 6 15 0 12 10 0 0 2 5 0 1 4 0 9 3
13 0 0 8 0 15 4 3 0 12 6 9 0 7 0 16
0 0 0 0 9 7 16 8 0 4 15 0 0 0 0 0
3 4 14 9 0 6 13 2 7 11 16 0 0 0 0 12
