0 2 14 13 4 0 15 16 1 0 10 0 0 0 0 11
11 8 0 0 13 2 0 0 0 4 0 3 15 9 0 1
6 0 0 4 0 3 1 0 16 8 12 15 7 2 13 14
5 0 7 1 8 9 12 10 0 0 14 13 4 16 0 6
9 11 2 0 0 0 0 5 0 3 1 0 10 13 8 0
12 14 0 10 0 0 0 9 0 7 13 11 0 3 0 16
4 0 0 6 0 0 0 0 0 12 0 16 9 14 0 0
0 0 0 0 1 0 16 13 10 14 0 0 0 4 6 0
10 0 9 8 0 16 0 15 0 1 0 0 0 0 0 3
0 5 0 0 12 0 11 2 13 0 4 8 14 7 9 10
2 6 12 0 10 0 9 0 3 16 11 14 13 1 0 4
0 0 0 0 0 6 7 4 0 10 0 2 16 0 0 8
15 0 8 0 9 4 3 0 14 5 0 10 0 11 7 0
1 13 3 5 0 11 0 7 0 0 16 12 6 0 0 9
7 12 4 0 15 14 0 0 2 13 9 1 3 10 16 5
0 10 0 0 0 13 5 0 0 11 3 0 12 0 0 2
