0 0 0 12 0 11 5 6 8 0 0 0 4 10 1 0
0 5 13 4 1 12 0 7 11 0 10 2 15 0 0 9
15 0 0 8 0 4 13 0 5 0 0 16 7 14 11 0
0 6 0 11 10 0 14 0 4 15 0 0 5 12 0 0
7 16 9 13 2 0 0 14 1 0 0 0 0 0 0 5
8 12 0 0 0 0 6 1 15 10 14 13 0 0 0 11
0 4 0 10 16 0 12 0 2 0 8 5 14 1 13 3
0 1 15 14 3 13 0 0 0 9 6 11 10 0 7 12
0 0 4 9 0 0 10 11 12 5 0 6 0 7 14 8
0 7 8 0 14 0 2 4 9 0 0 1 12 3 5 10
1 10 14 6 0 0 0 0 0 0 16 4 0 0 0 2
5 11 0 2 0 1 0 3 14 13 0 10 16 6 9 4
0 9 2 15 0 14 1 16 13 3 5 0 8 0 10 7
0 14 0 0 7 0 4 0 0 0 11 8 0 0 12 0
12 8 0 0 0 0 0 10 0 16 9 14 13 0 4 0
11 13 0 0 5 8 0 12 10 0 1 15 0 16 0 0
