6 15 0 0 16 3 0 5 0 8 0 7 0 0 10 11
8 16 11 7 0 0 10 2 3 14 4 0 6 0 5 1
0 0 0 1 15 8 0 0 10 13 5 0 0 14 2 7
0 14 0 10 0 0 9 0 2 0 0 12 0 0 3 8
15 12 2 0 6 16 13 14 0 0 3 0 0 7 4 10
0 1 0 9 0 12 0 15 8 4 0 14 3 6 13 0
0 0 0 0 10 0 2 0 0 16 0 5 14 0 0 15
3 0 14 0 7 4 8 0 0 10 15 2 9 12 16 5
0 0 6 3 4 0 12 13 0 1 2 10 7 0 0 0
0 5 15 0 14 10 3 6 0 0 0 11 0 13 12 9
0 11 0 0 9 15 7 0 5 0 0 3 10 2 0 4
7 10 8 0 0 2 1 16 0 12 14 9 0 0 6 3
0 0 9 16 2 0 5 0 0 0 0 13 11 0 7 14
0 0 4 0 3 14 0 0 9 0 11 8 5 0 1 0
5 2 0 14 13 11 0 0 7 3 10 0 4 8 0 6
0 0 0 6 0 0 16 9 14 0 1 0 0 10 15 12
