0 8 13 11 0 5 0 9 0 3 4 14 0 10 2 12
7 14 0 3 0 2 0 0 12 15 10 0 0 0 11 9
15 0 0 4 6 0 0 12 0 0 13 11 7 16 14 3
5 0 6 0 13 0 0 0 7 0 0 0 1 0 0 4
0 0 0 16 1 15 10 0 0 0 3 7 0 2 9 0
10 0 5 2 11 16 0 0 6 1 0 0 12 0 0 13
9 0 14 6 0 0 0 3 16 13 2 10 0 0 1 11
13 15 4 0 0 6 0 2 0 0 5 0 0 0 0 8
0 0 0 10 12 1 11 5 0 2 16 0 14 13 4 0
0 12 16 0 14 9 8 15 3 6 1 13 0 11 10 5
1 0 15 0 2 0 13 0 8 0 0 4 9 0 6 16
11 2 9 13 4 7 6 0 0 0 0 12 3 8 15 1
14 4 7 9 0 0 0 1 15 10 0 3 0 6 0 0
3 1 0 5 10 0 0 7 0 4 0 16 8 9 12 14
2 0 0 8 0 0 0 0 13 9 0 1 0 7 0 0
6 13 12 0 9 4 2 11 14 0 0 0 16 1 0 0
