7 0 6 2 3 0 0 0 0 12 0 11 5 0 0 16
14 5 4 0 0 1 0 0 0 9 13 0 3 6 10 2
1 9 13 8 16 0 0 6 0 5 3 4 0 11 0 14
12 15 0 0 5 0 0 10 8 1 0 6 13 0 0 9
16 2 1 12 0 10 0 13 15 0 6 0 8 9 0 0
5 0 0 0 12 0 16 7 3 14 0 0 4 0 0 6
15 3 0 9 0 11 6 0 13 10 16 0 7 5 14 0
0 7 14 0 9 0 1 0 11 0 0 8 0 13 16 12
3 16 0 5 2 15 12 11 9 8 4 0 0 0 0 13
10 1 11 14 7 5 0 0 0 6 12 13 9 0 15 3
0 12 0 6 0 0 0 3 5 15 11 0 0 0 4 8
4 8 9 0 0 6 10 0 2 7 1 0 12 16 0 5
0 0 12 7 0 13 3 5 4 0 0 9 0 1 0 0
2 14 0 0 11 9 0 8 0 13 10 0 6 3 0 7
9 0 5 0 15 0 0 1 0 0 8 2 0 0 13 0
8 13 0 0 0 12 2 0 1 0 0 5 0 14 0 0
