0 0 7 8 0 9 10 6 0 15 12 0 2 0 0 11
0 2 0 4 3 16 0 0 0 10 0 8 0 9 0 0
10 15 0 16 0 12 8 0 0 0 0 9 0 0 0 6
9 13 11 12 0 2 7 0 0 0 0 0 8 15 10 0
12 0 0 0 2 5 3 4 15 7 1 11 13 0 0 16
13 11 6 0 0 14 16 0 0 3 0 0 12 0 7 15
0 3 0 0 0 0 13 0 10 0 0 12 11 0 0 14
0 4 2 0 0 15 0 7 9 14 6 0 0 8 5 3
11 6 8 15 10 0 4 2 16 0 0 3 1 0 0 0
0 7 4 0 12 0 14 9 0 8 2 0 16 11 6 0
3 0 12 2 16 1 5 11 0 0 0 6 0 0 0 8
0 16 0 14 6 0 15 8 0 4 5 0 3 12 2 9
0 0 5 0 0 4 1 0 12 11 13 14 9 0 8 2
4 1 13 7 0 11 0 3 8 9 16 0 0 0 0 12
2 12 16 3 14 8 0 13 5 0 7 0 15 10 11 0
0 14 9 11 5 0 6 12 3 0 0 2 4 13 0 0
