14 13 0 16 2 11 0 12 0 9 0 15 7 0 5 8
4 0 0 3 0 5 0 0 0 0 14 0 16 6 12 10
0 0 0 9 14 6 8 3 5 0 12 0 0 1 13 4
0 2 7 5 4 13 10 0 8 1 6 3 15 0 0 0
0 6 0 14 0 1 3 15 12 0 16 4 9 5 0 13
8 5 15 0 9 4 0 6 7 13 3 0 11 2 14 16
0 12 11 0 0 0 7 2 6 14 0 5 0 8 15 3
0 16 9 10 13 14 0 0 0 2 15 1 4 0 6 0
0 7 0 0 12 0 0 0 14 0 11 0 8 9 3 5
0 0 3 0 5 10 0 9 1 12 13 0 6 4 7 0
0 9 12 0 8 15 4 11 3 7 10 16 0 0 0 1
0 0 0 8 7 3 6 14 0 15 0 9 0 10 16 0
0 0 14 0 16 7 0 0 0 5 0 0 3 0 1 0
16 0 0 7 1 0 14 0 0 0 0 11 0 13 0 6
0 0 0 12 0 8 11 5 15 0 0 13 0 0 0 2
2 0 5 0 0 9 0 0 16 6 0 14 0 0 11 7
