4 3 7 0 13 6 12 0 0 16 0 0 9 2 11 0
0 0 16 14 10 9 1 0 0 0 0 0 0 0 0 6
13 0 11 9 0 14 5 0 6 0 2 8 0 12 1 16
0 0 10 12 16 0 0 0 9 0 0 7 0 0 15 0
2 12 6 0 1 8 16 0 4 0 15 0 0 0 9 10
0 7 9 1 2 0 0 0 0 0 6 0 16 0 0 0
10 4 0 16 0 0 7 6 2 11 1 9 8 15 0 3
14 8 0 0 0 10 0 0 16 0 7 13 1 0 2 0
9 5 4 2 15 1 8 14 12 13 16 3 0 10 7 0
3 16 0 0 0 0 0 7 8 0 0 1 2 13 0 9
0 0 8 10 0 13 9 11 7 6 5 0 12 0 16 0
0 11 13 0 0 16 2 0 10 9 14 0 3 1 8 5
12 9 0 0 0 7 4 16 15 0 0 6 14 0 10 0
0 0 1 0 0 3 0 9 13 2 4 12 0 16 0 0
16 0 3 0 12 15 6 0 0 10 0 5 11 8 4 0
5 6 14 4 0 2 0 10 0 0 0 16 15 9 12 1
