15 0 6 0 0 0 0 0 8 14 16 0 0 5 1 13
5 0 3 7 8 6 11 0 1 0 15 0 0 12 0 14
4 10 13 0 15 1 14 16 11 9 5 0 7 0 0 8
1 0 16 8 0 0 0 5 0 12 2 6 3 15 0 4
8 16 12 10 7 0 0 0 13 0 1 15 4 0 0 0
0 6 0 0 14 16 0 0 0 11 12 0 0 3 0 2
14 0 7 0 0 8 13 11 0 0 9 0 0 0 12 15
11 13 15 4 0 0 0 9 14 2 0 10 5 16 0 0
0 12 0 0 0 7 8 6 16 0 0 2 9 0 5 1
0 9 0 11 0 4 16 0 6 0 3 1 12 0 15 0
6 0 0 14 9 13 1 12 10 7 11 5 2 0 0 16
0 0 5 0 2 0 3 14 9 8 4 12 6 0 13 10
0 1 14 13 10 12 0 8 2 5 6 0 15 0 16 9
0 8 2 0 3 0 15 0 12 0 10 0 0 0 0 0
0 0 9 15 0 0 0 7 3 0 13 8 11 1 0 0
0 4 11 16 6 0 5 13 15 0 7 0 0 0 0 3
