6 13 12 0 16 0 10 0 1 0 0 14 0 11 0 0
0 0 8 3 7 14 0 15 0 0 5 11 4 6 12 0
0 0 0 14 12 0 2 1 6 8 13 3 15 16 10 7
0 10 0 0 11 3 8 6 15 16 0 0 13 0 5 14
0 11 10 0 0 0 3 16 7 0 1 13 2 14 4 5
0 4 2 13 10 6 0 0 11 0 3 0 1 7 8 15
5 0 0 0 0 7 11 13 0 12 0 8 9 10 6 16
0 0 0 0 0 1 0 0 0 10 14 6 0 0 3 0
0 0 0 12 0 10 0 0 8 0 0 9 5 4 7 11
3 8 0 0 0 0 16 0 0 0 4 0 10 9 14 0
0 0 5 0 9 4 15 12 0 6 0 0 3 0 16 13
9 14 0 0 3 8 7 0 0 13 11 10 6 0 0 0
14 12 0 0 6 16 0 0 3 0 0 1 0 2 0 8
16 6 1 0 0 15 9 3 13 0 7 2 12 5 11 10
0 15 4 0 0 2 0 7 9 0 8 12 16 3 0 0
0 7 3 0 8 0 12 10 0 0 6 5 14 0 1 4
