14 0 12 0 0 10 16 4 6 11 15 0 5 1 0 2
0 0 0 0 0 13 6 0 0 8 0 0 11 3 9 0
6 0 16 0 8 2 9 0 14 10 0 5 12 13 7 15
9 11 0 3 7 12 15 5 0 1 0 0 0 0 10 14
12 13 0 0 0 0 1 0 15 0 5 0 9 0 0 8
0 0 6 0 0 16 0 14 0 9 0 8 7 15 12 0
0 0 4 0 9 0 0 12 11 0 0 0 6 5 16 13
7 1 9 0 0 5 0 3 12 6 16 0 2 11 14 10
0 0 0 0 6 0 13 15 2 14 0 16 10 8 5 0
0 14 0 6 4 7 12 0 0 15 0 1 16 2 0 0
0 0 2 9 1 11 0 0 0 13 0 0 15 12 0 7
15 10 0 8 5 0 0 16 3 4 12 7 1 14 13 0
4 15 3 10 16 8 5 0 0 12 0 6 13 0 0 0
8 6 14 2 12 0 0 13 0 0 0 11 3 0 15 0
16 5 1 12 15 14 11 9 13 3 0 2 0 0 0 4
0 0 0 0 10 4 3 0 0 5 8 0 0 16 2 0
