16 10 0 1 14 0 7 0 0 0 11 3 0 12 8 0
0 13 8 0 11 0 5 3 0 0 12 6 15 0 0 0
0 0 12 0 6 0 13 2 10 0 16 9 0 14 0 0
0 11 6 3 0 12 0 0 13 0 0 0 7 9 16 5
0 15 0 2 13 4 0 0 0 0 1 10 0 0 0 7
0 0 0 0 10 3 8 7 0 16 2 0 0 0 0 0
6 12 0 7 0 14 9 0 5 3 8 4 0 2 1 13
8 3 0 10 12 2 6 1 9 13 7 11 16 0 0 14
7 0 0 15 0 0 0 13 2 0 0 8 3 0 11 10
10 0 14 11 8 0 3 12 1 0 0 0 2 0 0 0
2 1 0 8 0 10 16 0 0 15 13 5 14 6 7 0
12 5 0 6 0 7 2 14 3 11 10 16 0 0 9 0
3 2 0 14 5 0 0 0 8 0 0 1 11 7 10 0
11 0 7 0 2 0 14 16 6 10 5 0 12 1 15 0
0 6 10 0 7 1 15 9 11 2 3 0 5 4 14 8
0 0 0 12 3 0 4 0 0 0 15 14 0 13 0 9
