0 12 11 0 0 14 0 6 8 0 0 0 0 0 1 2
14 16 2 0 15 0 12 0 11 13 4 9 0 0 10 6
8 5 3 9 4 10 0 2 0 0 0 7 0 11 0 13
15 7 0 0 5 0 0 3 14 0 1 0 8 0 0 4
9 0 16 11 12 0 15 13 0 7 0 0 2 6 0 3
0 0 0 0 6 16 5 14 15 0 0 4 0 0 11 0
0 14 6 0 11 0 10 0 13 0 2 0 0 0 15 0
0 15 0 5 0 4 2 0 6 0 0 3 9 13 14 12
12 0 14 7 3 2 13 0 5 0 0 0 0 4 6 0
0 11 5 15 8 9 0 12 0 16 13 0 0 14 0 0
6 9 8 0 14 0 7 10 4 12 11 2 13 0 3 0
3 2 0 13 1 6 0 0 7 14 10 8 11 0 0 0
0 6 7 0 10 0 0 0 1 4 12 0 5 2 8 9
0 0 9 2 13 5 8 0 0 6 7 0 12 10 4 14
4 1 13 10 0 12 14 0 0 8 3 0 6 15 7 0
5 0 0 12 0 7 0 4 0 0 14 11 1 0 0 16
