0 13 11 0 0 16 0 9 4 0 0 0 3 14 0 8
16 0 0 0 0 3 0 12 7 0 0 8 0 10 0 4
6 10 0 0 13 4 0 15 0 14 0 0 0 12 16 0
12 3 4 14 6 1 0 8 11 0 16 9 2 15 0 0
0 0 9 6 0 2 16 3 0 0 11 7 0 0 13 0
0 0 0 1 9 8 0 11 0 13 2 0 14 16 15 0
0 7 13 0 0 6 14 0 0 0 0 4 0 0 0 0
2 0 0 11 1 0 0 0 0 10 0 0 0 7 0 9
5 11 14 13 2 15 3 6 0 7 0 0 0 9 4 1
0 0 7 16 8 5 4 0 6 9 3 11 12 13 2 14
8 12 10 3 0 11 9 0 13 0 0 0 0 0 0 0
0 2 6 9 0 13 1 7 15 16 5 14 10 11 8 3
11 0 2 0 4 0 6 0 3 12 7 1 5 8 0 16
9 16 3 8 0 0 0 0 10 0 0 13 1 4 12 7
0 0 0 4 11 9 0 1 14 0 15 0 13 3 10 0
13 6 0 0 0 7 12 16 9 0 8 5 0 2 14 11
