0 8 3 15 0 0 0 7 0 14 0 2 4 10 0 9
0 14 0 9 12 0 8 4 16 5 0 3 11 0 0 0
10 0 0 12 6 9 1 14 8 15 0 7 2 0 3 0
0 7 0 11 3 0 0 0 0 4 6 9 12 0 8 0
0 11 9 10 16 2 0 8 0 6 3 14 13 1 7 12
0 16 0 4 15 3 5 11 10 0 12 13 0 9 14 6
8 0 7 6 14 1 0 12 0 16 4 5 0 2 15 11
14 0 15 13 0 0 0 9 0 0 1 0 16 3 4 0
0 0 14 0 0 0 0 3 13 1 16 15 7 0 2 0
0 0 6 0 10 0 11 5 0 0 14 0 15 13 9 3
0 0 0 0 0 15 14 16 0 0 2 0 6 12 0 0
0 0 0 0 0 4 0 13 0 0 9 6 14 11 0 0
9 6 12 14 0 0 2 1 11 13 0 16 0 15 0 0
3 1 0 8 0 0 0 15 0 2 0 10 5 0 12 0
7 13 0 2 8 16 0 10 6 0 0 12 1 0 11 4
15 4 0 16 0 7 0 0 14 0 5 1 9 8 13 0
