16 13 0 0 0 0 1 0 0 0 4 0 7 0 0 10
4 12 2 8 14 9 5 0 0 0 0 3 0 0 16 6
7 3 0 0 15 12 0 10 1 16 0 0 8 9 4 0
14 0 6 1 16 0 0 0 9 0 0 0 5 0 11 3
5 4 7 10 0 15 13 8 14 2 3 12 0 16 0 0
6 14 0 12 3 0 0 0 11 10 0 4 0 0 0 7
0 0 3 16 12 0 10 11 0 9 5 8 4 6 2 14
0 0 11 2 0 16 0 0 0 0 6 1 10 5 0 12
0 2 0 0 0 14 0 15 0 13 0 7 3 0 0 0
11 15 0 13 7 0 3 0 0 0 0 14 0 0 6 0
3 5 14 6 2 13 0 1 10 4 8 0 0 12 7 9
1 0 10 0 8 0 12 4 0 0 2 9 14 11 13 5
0 9 16 14 0 0 0 12 0 0 0 10 0 0 1 0
10 6 13 3 4 5 9 16 2 1 11 0 0 0 14 0
8 0 0 5 1 3 0 0 12 0 13 16 9 2 0 15
12 7 0 15 10 11 14 2 0 0 9 0 16 3 5 0
