3 0 10 0 12 16 0 0 0 14 0 1 0 11 6 0
11 1 0 0 6 0 0 15 3 16 0 0 2 5 4 0
6 8 4 14 11 5 0 10 0 15 2 0 9 0 16 1
16 5 12 0 0 4 0 0 0 9 8 11 3 15 0 10
13 0 7 1 0 0 8 5 4 0 14 2 11 0 9 16
2 3 16 0 10 9 12 4 0 8 0 5 13 14 15 7
0 14 0 9 16 0 7 0 12 0 0 15 0 0 0 0
15 10 8 0 14 6 11 2 0 13 0 0 0 3 0 5
1 0 15 0 2 0 0 8 0 4 0 9 0 0 0 0
10 0 0 6 1 7 5 0 0 11 3 14 15 4 0 2
0 2 0 0 4 15 16 0 8 0 5 0 6 0 0 0
4 7 0 0 9 0 0 3 10 2 15 6 5 16 1 12
0 4 0 10 7 11 14 9 0 6 0 0 16 0 5 3
9 0 14 3 8 12 15 0 0 0 1 10 7 0 13 0
0 11 1 0 0 0 4 6 2 0 0 3 0 0 14 0
8 15 5 0 0 0 10 0 14 0 0 0 0 9 11 6
