7 1 4 13 14 0 12 9 0 0 5 8 2 11 10 0
5 0 9 0 0 1 0 0 0 10 4 0 7 0 14 6
10 0 3 11 0 2 4 13 0 14 1 0 16 0 0 8
2 16 0 14 3 0 0 0 0 11 13 15 4 12 9 1
0 0 0 7 16 0 9 10 5 0 0 0 12 14 8 13
8 3 0 5 6 14 11 0 13 4 10 0 15 0 16 7
12 13 16 0 4 5 0 0 8 1 0 14 0 6 3 0
0 15 10 6 13 8 2 12 9 3 16 0 1 0 0 4
0 0 14 0 0 0 15 11 3 0 9 16 6 7 2 0
9 0 0 0 12 0 3 0 11 15 0 6 5 1 0 0
15 2 6 0 1 0 8 16 0 5 14 0 9 3 13 0
0 0 5 0 10 0 6 0 1 0 0 0 14 0 15 0
16 7 15 0 9 0 13 6 0 2 0 0 0 0 0 5
3 14 1 0 0 11 5 0 0 9 6 10 13 0 12 0
0 0 0 0 0 16 0 4 15 0 0 0 11 0 7 14
0 5 0 0 0 10 0 3 16 12 7 1 0 0 6 0
