0 13 16 8 11 4 0 0 7 15 5 0 2 6 1 14
5 0 14 1 10 0 16 8 0 11 0 4 0 12 7 3
15 0 0 3 5 7 1 13 2 0 12 14 8 0 11 0
0 0 12 0 6 0 3 0 0 0 0 8 5 9 13 0
13 7 0 0 14 0 4 0 16 1 0 6 0 0 5 15
2 15 11 0 1 0 6 5 8 7 4 0 13 0 0 0
0 0 0 0 0 9 15 0 13 10 0 0 1 0 0 7
14 1 3 0 0 0 7 11 12 5 15 2 0 8 16 9
0 9 5 4 15 12 8 0 10 0 11 7 3 13 0 1
3 8 1 10 0 0 0 0 4 2 0 0 12 11 15 0
6 0 0 0 4 0 11 0 3 0 8 15 0 7 9 5
0 0 0 0 3 5 2 0 0 13 0 1 16 4 14 8
0 0 0 5 12 11 0 0 0 4 6 10 7 15 0 13
9 14 4 0 8 16 13 1 0 3 0 12 0 0 0 2
0 10 0 13 7 6 0 0 11 9 0 16 14 0 3 0
0 0 0 7 0 15 0 0 0 0 1 0 9 0 0 11
