8 0 14 16 0 13 6 0 5 0 0 0 12 7 0 0
0 6 0 0 7 8 11 5 0 15 0 16 0 3 14 1
0 1 0 15 0 3 0 14 13 7 4 6 0 5 11 8
11 0 0 0 0 0 0 15 0 8 0 3 0 16 0 0
0 0 0 6 5 0 8 0 0 0 3 0 0 4 10 0
0 0 0 7 1 2 15 11 14 10 5 13 3 9 16 0
0 14 0 3 10 0 13 7 0 0 0 15 0 0 1 11
10 0 0 0 0 0 0 9 2 4 0 7 0 15 0 12
3 16 6 0 12 7 0 8 15 2 0 0 10 11 13 5
2 0 5 8 0 10 0 0 7 11 1 0 15 14 12 0
0 9 1 10 11 5 0 0 16 0 13 12 6 8 0 4
14 12 0 11 0 9 0 13 0 5 6 10 16 1 2 0
0 10 4 14 13 0 0 16 3 0 0 5 1 0 0 2
16 0 3 0 0 12 2 1 10 0 7 9 0 0 4 15
0 0 11 12 0 14 0 6 4 0 2 8 5 10 0 16
6 8 2 0 0 15 0 10 11 12 16 0 0 13 3 0
