9 7 4 0 15 0 0 11 13 14 0 6 1 10 0 0
5 0 0 8 0 0 13 10 1 11 0 0 9 0 0 15
0 0 14 12 6 0 1 0 10 0 9 7 16 4 0 11
10 11 0 0 4 5 7 9 0 8 15 0 3 13 6 0
1 6 0 10 5 0 9 0 7 0 2 8 0 16 0 0
0 0 9 5 0 0 14 1 0 0 13 0 6 8 15 10
0 0 12 0 0 8 10 0 11 0 14 15 5 7 1 4
8 15 3 0 16 7 0 4 5 6 1 0 2 11 0 13
0 0 2 15 10 4 16 0 8 1 0 3 7 0 11 0
0 5 13 11 0 0 0 12 16 10 0 0 15 0 0 8
16 10 1 0 0 14 3 0 0 15 12 11 4 0 13 0
0 3 0 0 0 6 15 5 0 2 4 13 0 14 0 1
14 1 0 6 13 9 0 0 2 3 11 12 8 0 0 0
0 8 0 0 0 3 0 0 15 13 0 0 0 0 0 0
0 12 0 4 1 15 0 2 0 0 8 0 0 3 10 9
3 9 15 0 0 10 5 0 0 7 6 1 0 2 14 16
