8 2 11 15 0 7 13 9 0 0 0 3 10 12 6 0
0 0 0 0 0 1 10 4 16 0 9 0 0 0 0 15
0 0 0 0 5 11 8 0 7 0 10 15 13 0 3 9
0 12 7 10 0 14 0 3 0 1 13 0 16 0 2 5
10 0 6 2 0 9 5 0 15 7 0 12 0 1 0 3
0 13 15 1 6 0 7 16 0 9 8 11 2 0 0 4
0 9 4 5 14 13 12 0 2 0 1 0 15 6 16 0
0 8 0 0 2 0 3 0 0 0 0 4 0 0 11 10
0 0 0 3 11 4 16 14 1 0 15 0 0 9 10 7
0 0 0 9 0 0 0 7 0 4 5 0 0 2 8 6
14 4 0 13 1 0 9 0 0 0 11 0 3 15 5 16
12 0 1 0 8 6 2 5 0 0 3 9 0 0 14 11
0 0 0 8 10 5 0 0 0 15 7 16 0 0 1 2
0 10 12 16 9 8 0 6 3 14 2 5 0 11 15 0
0 7 13 6 0 16 14 15 8 11 4 0 0 10 0 0
15 0 3 0 7 0 1 13 0 0 12 6 8 16 0 0
