0 3 6 5 14 15 13 0 9 7 0 16 1 11 0 0
0 13 0 10 9 0 6 4 1 0 3 12 5 2 16 0
0 2 0 0 10 16 8 0 0 0 4 5 3 0 0 7
4 16 8 7 11 0 0 3 2 0 0 10 0 0 9 13
0 0 0 0 0 0 16 15 8 9 7 2 0 0 3 0
1 0 10 15 0 0 5 13 3 6 0 14 16 0 0 9
14 7 0 8 6 0 0 0 0 4 1 15 12 5 13 2
2 9 12 3 4 0 7 0 0 16 5 13 8 0 15 0
7 14 11 1 0 0 0 5 0 0 0 4 6 0 0 10
0 0 4 0 3 6 11 7 0 8 13 0 0 0 0 5
6 0 3 12 8 0 0 10 0 2 0 0 4 13 1 16
0 0 2 13 0 4 14 16 0 0 10 6 0 9 11 0
0 0 0 0 7 0 12 6 4 13 15 3 9 0 2 14
13 1 0 4 0 2 3 0 14 5 11 0 10 0 6 12
0 0 0 14 0 0 0 8 6 0 2 0 0 0 4 15
3 6 9 0 15 13 4 0 12 0 0 0 11 8 0 0
