13 3 0 11 0 0 0 15 0 0 10 0 7 0 14 5
8 0 12 15 13 7 10 0 0 0 0 5 11 0 0 3
0 14 0 10 0 2 1 0 7 0 3 0 0 0 0 13
1 2 0 5 14 0 0 12 4 0 8 0 0 0 0 15
0 10 5 0 0 6 0 16 9 3 7 13 0 1 11 0
3 4 0 16 0 5 7 0 0 10 11 0 2 12 0 6
0 6 15 0 10 12 0 0 0 5 0 1 13 14 8 7
11 0 13 0 9 14 4 1 15 0 12 0 16 0 5 0
5 8 0 4 0 9 16 10 0 7 0 11 6 0 0 0
16 13 0 6 0 0 0 8 12 0 5 0 10 7 3 0
0 15 11 3 0 0 13 0 2 8 6 10 0 0 0 0
10 1 2 7 3 0 6 14 0 15 16 0 0 5 0 0
4 0 10 13 7 1 14 0 11 2 0 12 5 8 6 0
15 0 0 1 0 13 5 4 0 16 14 0 3 11 0 0
6 0 0 14 8 10 15 2 5 1 0 0 4 13 0 12
7 5 3 0 0 0 12 9 6 0 13 8 1 0 15 0
