3 0 0 11 7 0 0 9 0 0 8 16 4 0 15 0
0 0 16 12 0 10 5 11 4 15 0 0 0 7 3 0
8 15 13 0 4 6 0 0 7 9 10 0 11 0 2 0
2 0 0 4 0 0 16 0 0 3 0 11 8 0 5 10
10 0 11 0 0 0 7 0 16 12 0 15 13 6 4 2
6 0 14 15 0 13 2 12 10 7 11 0 16 8 9 0
5 0 0 0 10 0 0 0 1 0 0 0 15 0 11 0
7 2 0 13 11 0 0 15 9 0 5 0 0 3 10 0
0 0 3 0 14 0 9 2 11 0 0 12 6 5 13 8
0 0 0 0 0 11 8 10 0 16 3 5 7 0 1 0
4 5 10 14 16 7 6 13 0 8 0 9 0 0 12 11
0 0 7 9 5 0 0 0 2 13 4 6 0 10 16 15
0 4 12 0 9 14 13 0 8 0 0 10 5 0 6 3
0 6 8 0 12 5 15 16 0 0 0 0 0 0 7 4
13 0 0 10 6 1 11 0 0 4 0 7 2 0 14 12
1 0 0 7 2 3 10 0 6 0 12 14 9 13 0 16
