0 0 13 12 15 10 0 0 2 5 0 3 0 8 4 9
1 15 11 5 14 0 2 4 8 12 9 16 0 0 0 0
4 16 8 2 11 0 9 0 15 10 7 6 14 0 5 0
10 0 0 0 8 5 0 1 0 13 0 0 2 12 0 0
0 4 0 0 0 7 1 3 0 0 2 13 0 10 11 12
0 5 0 10 0 8 0 0 11 0 12 15 0 0 16 0
0 0 0 0 16 14 0 0 10 7 8 1 6 5 13 0
13 12 0 0 5 11 15 10 0 0 0 0 1 14 8 0
9 13 0 3 12 15 14 7 0 8 0 0 4 6 0 0
7 11 0 0 0 9 10 8 12 0 3 0 5 16 1 13
0 14 10 1 13 4 5 0 0 0 0 2 0 0 0 0
0 0 2 4 1 16 0 11 0 0 0 7 12 15 9 0
15 0 14 9 7 2 8 13 3 0 0 10 0 4 12 5
0 0 5 0 3 0 4 14 0 1 16 12 13 11 0 15
16 0 0 7 9 12 11 5 14 15 0 0 0 2 0 0
11 0 12 0 10 0 0 0 7 2 5 0 3 9 0 0
