16 8 3 6 10 0 14 4 0 0 2 0 15 7 11 12
15 0 10 9 0 8 0 5 14 11 12 6 0 0 0 16
5 0 0 0 16 15 2 13 1 0 10 0 0 0 6 3
0 14 0 7 0 6 0 0 0 4 16 0 10 0 5 8
0 9 6 13 11 14 3 0 8 0 7 4 16 0 0 0
7 4 16 3 6 13 0 0 10 0 11 0 12 5 9 14
14 15 8 2 7 5 1 9 6 0 0 12 11 10 4 0
0 0 0 10 0 0 16 2 15 13 0 9 8 6 0 0
0 3 14 0 0 7 13 16 0 15 0 0 0 12 1 11
6 0 0 0 0 11 4 8 12 0 5 0 14 9 16 0
9 16 5 0 15 10 12 1 0 0 6 0 0 0 0 4
11 0 0 1 9 3 0 0 4 0 0 0 5 8 0 0
2 12 7 0 0 4 0 0 13 0 0 0 0 16 10 9
0 6 0 0 1 2 11 12 0 3 8 0 7 13 14 5
3 10 1 14 13 9 0 0 0 0 0 2 0 0 8 0
0 13 9 5 14 0 10 0 0 0 0 0 0 0 12 2
