1 13 15 2 5 8 0 4 9 3 12 16 14 0 6 10
0 0 14 0 0 15 0 2 7 0 1 0 0 0 13 0
8 0 0 0 0 0 0 0 4 14 0 2 9 0 0 0
3 4 7 0 12 0 9 1 0 6 5 13 0 0 16 8
0 9 16 0 0 0 13 6 14 0 8 0 12 0 2 4
6 1 11 7 8 4 14 5 12 2 16 0 0 9 10 15
2 0 8 13 0 0 15 12 0 0 6 0 16 3 7 0
12 14 0 3 7 10 0 0 0 0 13 0 0 8 1 6
14 0 6 0 4 9 12 15 0 1 0 0 0 13 0 2
16 0 13 12 10 7 0 0 6 15 9 4 0 14 11 5
0 15 1 4 16 2 0 0 8 0 3 5 6 0 0 12
11 8 0 0 0 0 0 0 2 10 0 0 15 16 0 0
0 0 9 0 2 0 4 0 0 5 10 0 8 0 0 16
0 7 0 0 13 16 8 9 0 0 0 14 4 0 0 0
4 0 12 8 14 0 6 3 1 0 0 0 0 2 15 13
0 11 2 14 15 0 1 0 3 16 4 8 7 6 0 9
