11 0 12 6 4 8 1 0 0 0 0 0 9 3 2 13
5 0 16 0 0 3 12 0 0 0 0 4 0 0 0 8
2 0 4 0 16 6 9 0 3 0 12 11 10 15 0 5
0 0 13 8 0 11 0 10 7 14 0 2 0 6 12 4
0 0 0 16 11 2 0 0 1 0 0 15 0 0 9 12
1 0 0 0 7 9 16 12 0 10 0 0 0 4 0 15
14 7 0 4 6 0 13 15 0 0 0 8 0 0 11 3
0 12 0 3 0 0 4 0 0 0 9 0 1 14 16 7
0 4 10 14 1 16 7 11 8 0 3 6 0 9 5 2
13 0 8 0 5 0 2 4 14 0 7 9 0 11 6 0
0 16 11 1 13 0 0 9 5 0 2 10 15 0 0 0
0 0 7 5 14 15 3 0 0 12 11 0 4 8 10 0
0 0 14 0 12 4 0 0 16 6 10 7 0 0 1 0
0 0 0 0 0 0 10 5 4 3 13 14 0 12 15 0
4 10 0 9 0 14 11 1 15 2 5 12 7 0 13 6
7 5 0 0 3 13 0 0 11 9 8 1 0 2 4 0
