0 0 0 14 0 2 16 0 11 5 0 4 1 0 3 0
16 0 3 7 0 0 12 15 10 0 2 1 0 5 0 8
0 5 10 11 9 8 4 1 7 3 0 15 16 0 13 0
1 6 0 0 0 3 0 5 12 0 0 13 0 0 7 11
4 12 7 16 0 0 8 14 13 0 3 0 11 0 5 0
11 0 9 0 0 0 2 0 8 10 1 12 0 4 15 0
0 8 0 15 0 0 7 0 5 4 14 2 0 3 16 13
13 0 0 0 0 0 1 6 15 0 7 0 0 8 14 9
0 11 14 13 4 0 6 0 16 2 0 3 5 0 8 0
10 1 2 0 8 14 13 0 0 15 0 11 4 7 12 0
7 4 15 5 16 1 9 10 0 12 13 8 0 11 2 0
0 0 16 0 0 15 0 0 0 0 0 0 13 0 6 10
0 16 8 0 0 5 11 0 0 6 12 9 3 0 0 4
0 2 0 0 1 9 0 4 0 0 15 7 8 16 11 0
3 0 13 12 10 0 0 8 4 1 0 0 0 6 0 2
14 9 0 4 0 6 15 0 0 8 0 0 7 0 1 5
