13 0 0 4 2 16 0 0 6 5 0 0 3 9 0 0
6 10 15 0 0 5 0 11 3 0 9 0 4 13 0 0
0 0 3 7 14 0 0 13 0 4 1 8 16 11 0 0
0 16 1 11 0 0 0 0 13 0 15 0 7 5 2 14
0 1 0 5 15 6 0 0 4 12 0 14 0 0 13 3
4 0 8 13 0 0 0 14 0 6 3 15 0 16 5 2
16 14 0 0 0 0 0 3 8 1 7 0 6 10 4 12
10 3 0 0 5 7 4 8 0 0 0 13 0 0 9 15
12 0 6 0 1 0 0 0 15 0 4 0 9 14 0 7
15 8 4 9 0 10 0 7 14 13 0 0 2 3 11 0
0 0 10 1 0 4 14 0 7 0 12 0 0 15 0 0
7 5 13 0 6 0 11 0 16 2 8 0 1 12 10 0
0 0 0 8 0 15 0 0 1 7 16 4 12 2 0 11
0 0 11 0 0 0 7 2 5 9 0 3 10 4 0 16
2 4 0 0 16 14 0 0 10 0 0 11 15 0 1 9
9 0 16 0 3 11 1 4 12 15 14 2 13 0 7 5
