3 5 2 10 11 4 0 0 16 9 0 0 0 0 6 8
4 12 16 7 0 10 14 0 11 0 0 3 13 5 0 1
0 11 9 14 6 0 0 0 12 8 5 0 0 4 7 10
1 8 6 0 0 0 16 0 4 14 7 0 0 3 0 0
11 4 13 1 0 0 9 14 7 0 0 0 0 0 16 0
0 15 0 0 0 7 11 4 0 16 0 0 1 13 12 6
0 16 7 0 15 0 0 5 0 11 0 0 0 14 0 0
9 3 14 6 0 0 0 0 1 0 0 5 10 11 0 0
2 6 4 0 14 12 0 0 0 13 0 7 11 9 1 0
0 1 0 9 7 8 6 0 2 0 11 0 12 10 5 13
0 13 0 0 0 9 10 0 0 12 3 14 0 7 0 2
12 0 10 8 4 0 2 11 9 5 0 16 0 0 14 3
7 9 15 13 0 0 0 6 5 1 0 2 4 0 0 0
16 14 0 11 1 2 0 8 0 0 13 0 7 0 10 9
6 0 8 3 9 11 0 0 14 0 16 12 2 1 13 5
5 0 1 0 0 14 0 10 8 6 0 0 15 16 0 12
