0 6 3 0 0 15 0 5 11 10 16 0 2 12 4 0
7 16 2 0 4 1 0 12 6 0 0 14 8 11 0 0
14 12 10 13 0 0 0 9 15 4 0 0 0 0 7 0
8 4 0 0 2 6 13 10 3 0 7 1 14 9 16 0
6 0 0 0 0 0 0 11 0 0 3 4 13 0 12 7
3 0 0 0 0 9 0 16 0 2 0 0 5 0 6 0
0 2 4 14 7 12 6 0 0 13 15 0 0 8 10 16
0 7 0 16 0 5 0 0 0 0 0 6 0 3 0 15
4 1 14 0 6 0 12 0 0 3 0 0 16 5 13 8
13 3 0 12 11 2 0 4 16 5 0 10 9 0 1 0
15 9 11 0 16 0 5 1 0 14 0 13 12 10 2 0
0 10 0 7 9 3 0 0 2 8 1 12 0 15 0 4
16 14 0 0 0 0 9 6 10 15 0 3 11 13 8 12
0 0 9 15 0 16 0 14 4 0 8 5 0 6 3 1
10 0 0 0 0 0 2 15 12 0 14 16 7 0 5 9
12 5 7 0 0 0 1 0 0 0 0 11 15 16 0 2
