0 8 0 16 12 0 10 3 1 2 5 11 13 4 0 9
0 0 12 2 16 7 0 11 15 6 13 0 3 5 0 14
0 0 0 0 0 0 4 9 3 16 0 0 0 0 0 7
0 4 3 0 1 13 2 5 8 0 0 0 11 0 0 16
2 0 0 15 9 10 0 0 14 12 11 1 4 8 0 0
11 0 6 14 7 8 0 0 9 5 0 2 0 0 12 0
8 0 0 0 14 0 3 0 0 13 6 16 0 9 11 2
12 13 0 9 2 11 6 0 0 0 8 0 1 16 0 10
0 9 0 0 5 2 0 0 4 0 0 0 16 11 0 12
0 15 2 1 10 16 0 0 0 9 12 5 14 7 3 0
0 0 0 12 0 3 0 7 2 1 0 0 9 10 8 0
5 11 10 0 0 0 12 14 16 7 3 13 6 2 0 0
0 0 9 0 0 4 11 0 0 0 0 7 0 14 16 8
15 0 0 11 0 1 9 0 0 10 16 0 7 13 5 0
13 0 8 5 0 0 7 16 6 0 1 14 10 15 0 11
16 0 7 3 8 5 0 10 13 11 9 15 0 0 4 0
