0 0 11 5 9 2 10 6 0 14 0 8 16 4 0 0
0 0 6 13 0 3 16 7 12 9 5 1 11 0 10 14
16 3 0 0 1 13 11 14 0 4 15 0 0 9 2 0
14 7 4 9 8 12 5 15 0 16 0 0 0 0 6 1
15 9 0 0 0 5 0 0 0 13 12 0 3 2 1 6
0 0 0 11 0 0 12 8 0 10 0 5 0 13 16 4
0 4 16 0 7 0 3 13 0 2 1 0 14 5 8 10
0 8 5 10 15 16 2 1 0 0 0 0 7 11 9 0
0 6 13 0 0 0 0 5 7 8 0 2 1 0 14 9
0 0 9 0 0 7 8 0 5 6 0 14 0 0 12 2
0 5 0 0 2 0 0 12 3 1 16 0 6 10 0 0
4 0 14 2 0 0 6 0 0 11 10 12 0 0 5 0
7 0 0 15 5 14 9 3 0 0 6 13 10 1 0 8
6 0 8 4 11 10 1 16 2 0 0 0 5 12 13 0
9 0 0 0 6 0 7 4 0 0 8 0 2 0 0 0
0 10 3 0 0 0 13 2 0 15 11 0 9 0 0 16
