0 0 14 8 7 4 0 0 0 5 1 0 0 9 0 3
3 2 0 0 0 9 0 11 0 6 0 14 12 0 7 0
1 0 7 4 12 14 5 8 3 15 9 2 0 0 16 0
0 9 12 15 10 0 2 3 13 7 11 16 8 4 0 1
12 0 0 2 0 5 10 13 0 8 0 4 9 0 0 15
10 5 6 11 0 15 3 0 0 12 0 0 13 7 8 0
0 7 13 1 0 2 0 14 0 3 5 6 16 0 4 10
15 0 4 0 8 0 12 0 0 10 16 13 5 1 0 2
0 1 2 6 3 0 14 12 8 0 4 0 0 0 5 0
16 0 9 10 0 13 4 15 0 2 12 0 0 11 0 8
13 4 8 0 0 0 11 0 6 1 0 0 7 0 12 0
11 0 0 5 9 0 0 1 0 14 13 3 0 0 6 4
0 15 0 12 0 1 0 7 0 4 0 0 11 0 13 16
0 0 0 16 13 0 0 0 12 9 14 11 0 0 0 7
0 0 0 7 4 11 15 5 0 16 0 0 0 8 0 12
2 8 0 0 14 0 0 9 0 13 15 7 4 5 0 6
