9 0 0 8 16 0 11 0 0 4 0 7 0 13 3 0
0 0 13 4 5 1 0 0 3 0 15 0 7 14 0 8
0 15 7 2 12 3 13 0 9 14 0 6 16 5 0 4
14 3 0 1 4 0 0 7 0 0 13 10 9 12 6 11
12 0 0 14 0 0 2 0 13 16 0 11 10 15 0 0
8 0 0 15 10 6 4 12 0 0 14 2 0 0 0 0
0 9 3 0 11 8 14 15 1 5 0 0 12 6 7 0
7 5 6 0 13 16 1 0 8 0 3 15 0 4 0 2
16 0 0 9 0 0 6 0 0 0 0 0 0 1 11 12
13 11 10 0 0 0 12 14 6 15 8 3 4 0 16 5
5 1 0 0 0 7 8 16 10 0 11 13 0 9 15 6
0 0 2 6 15 0 5 4 0 1 9 12 8 7 0 10
10 6 0 5 0 0 0 2 0 3 7 0 0 11 0 0
4 0 9 3 0 13 7 0 0 10 2 14 15 8 12 1
15 0 0 0 9 4 0 1 0 13 16 8 0 3 0 0
0 7 0 13 0 12 3 0 0 0 0 0 0 0 0 16
