11 0 14 1 0 0 3 6 16 0 2 7 13 8 0 9
0 3 0 0 0 0 0 0 12 6 13 4 10 0 15 1
0 8 13 0 15 2 1 0 3 10 14 0 11 7 0 16
7 10 4 12 13 9 0 16 15 0 1 0 0 6 2 0
0 12 0 11 7 1 15 0 4 0 8 0 16 9 14 0
13 7 0 0 9 0 0 14 0 15 12 0 1 11 5 8
0 0 0 16 0 6 11 10 14 1 0 0 15 0 7 13
1 0 15 0 0 0 8 0 9 16 7 11 2 0 3 6
0 0 7 15 0 0 10 0 0 2 9 0 0 16 11 12
6 2 0 0 0 7 4 11 0 0 0 12 0 15 0 14
0 5 0 14 0 12 6 0 0 0 0 15 7 1 0 4
10 13 0 3 0 0 0 15 7 4 0 0 8 2 0 5
0 0 3 0 0 10 2 0 0 14 0 16 0 0 0 7
14 4 9 0 3 5 12 8 1 0 15 0 6 10 0 0
0 11 0 0 16 14 13 4 2 0 6 0 5 0 9 15
0 16 10 0 0 15 7 0 0 9 5 0 4 14 8 2
