7 0 0 12 8 13 0 11 10 0 15 1 14 4 3 0
9 10 3 0 0 14 16 0 13 0 0 0 15 0 1 8
0 0 4 5 15 1 0 0 9 14 0 6 10 0 2 0
0 1 14 16 0 7 10 5 3 2 8 11 6 0 9 12
14 0 8 0 0 10 11 0 4 0 7 5 16 2 13 0
13 4 0 10 5 8 0 0 16 0 0 3 7 0 0 15
0 12 0 0 14 0 0 0 8 9 0 10 0 3 0 4
0 16 5 3 0 4 7 0 1 12 0 2 11 8 10 9
0 0 0 0 1 5 4 0 0 0 10 13 0 14 7 0
0 11 13 4 7 16 0 0 0 3 0 0 9 0 0 0
5 14 0 0 0 15 0 8 2 7 9 0 0 0 16 10
0 0 15 8 11 9 0 10 12 16 1 14 5 6 4 0
4 0 12 0 16 11 14 1 0 10 0 0 0 9 0 0
16 0 0 0 9 0 5 0 0 0 3 0 2 0 15 7
1 0 10 14 0 0 8 7 11 13 4 9 12 16 6 5
3 6 0 0 0 0 15 0 5 0 2 0 4 0 0 14
