8 9 1 2 0 15 10 16 13 0 4 7 14 0 0 3
16 0 14 0 0 1 0 2 12 5 8 0 4 13 7 0
12 4 10 0 0 0 9 0 14 3 2 6 15 8 0 1
7 0 6 0 0 0 0 0 0 1 9 0 10 0 11 2
4 10 16 7 9 6 15 0 1 14 11 0 2 3 0 0
0 0 2 12 13 0 0 0 3 10 16 9 0 0 1 0
9 11 5 0 10 16 0 0 4 15 0 0 0 6 8 0
14 0 3 8 4 12 11 0 0 0 7 0 0 0 15 10
10 1 0 16 0 11 3 12 0 0 5 4 8 0 14 7
0 14 7 0 15 0 0 0 0 16 12 1 3 2 9 6
2 3 12 0 7 10 0 0 0 0 15 11 13 0 4 16
0 8 0 15 16 2 1 4 0 0 3 14 12 0 10 0
0 12 0 10 1 9 13 6 0 0 14 0 11 0 5 0
1 7 0 0 2 0 0 11 0 12 10 0 6 0 0 15
0 0 0 6 0 3 0 0 0 0 1 15 9 0 0 13
13 0 0 14 5 0 12 0 9 8 6 0 0 0 2 0
