0 8 11 7 14 13 6 0 2 1 9 16 0 5 4 0
0 2 5 0 0 9 0 4 11 10 8 0 0 0 7 14
9 0 6 0 11 10 0 7 14 5 0 3 0 8 2 12
0 14 4 0 0 1 5 8 0 0 0 15 0 9 0 16
2 10 14 0 16 6 0 15 0 0 7 4 0 13 1 0
0 13 1 0 0 2 0 0 16 15 0 0 14 7 10 8
0 0 8 0 0 7 0 11 10 0 5 0 0 15 12 0
0 9 7 0 13 4 10 0 12 0 0 0 0 0 6 0
0 0 0 0 15 8 0 2 0 0 13 0 1 3 0 10
7 0 13 9 4 16 0 1 8 3 10 11 12 2 0 0
1 0 2 0 10 3 0 9 5 0 16 14 7 4 8 6
0 0 10 8 0 12 7 0 15 0 0 1 9 14 13 11
0 7 16 0 0 11 12 10 4 2 14 5 15 6 0 1
14 0 0 10 0 0 0 16 6 0 15 12 8 11 0 2
0 0 0 2 9 15 0 0 7 16 0 0 4 10 0 13
6 0 0 11 0 14 0 0 1 0 0 10 16 12 0 0
