6 11 5 9 0 0 3 0 0 0 8 12 4 1 2 0
10 0 3 1 0 8 2 4 0 0 11 14 0 13 0 16
16 13 8 4 0 0 6 0 15 2 7 1 0 11 3 0
0 2 14 7 0 1 11 10 0 0 3 0 9 0 15 8
0 0 0 0 0 0 5 0 16 8 13 0 0 4 9 15
2 9 15 13 16 7 0 0 0 12 5 4 6 8 14 0
0 0 0 16 0 14 0 8 0 11 6 9 10 0 0 5
0 6 10 0 9 13 0 2 0 0 14 0 16 0 0 0
0 7 0 14 0 12 10 6 0 0 0 0 15 0 1 0
5 10 2 11 3 0 13 7 12 0 16 0 14 9 8 0
15 0 6 8 0 11 0 0 14 0 0 13 3 5 10 7
1 16 0 0 0 5 0 9 0 7 0 10 0 12 0 2
0 5 16 6 1 10 0 13 2 15 12 11 0 0 0 9
4 8 9 2 0 3 7 0 6 0 10 0 0 15 16 1
0 3 0 0 11 0 9 16 0 0 0 0 8 10 5 0
0 1 0 10 6 0 15 5 0 16 0 3 2 14 0 0
