4 0 0 1 2 0 0 11 15 12 0 7 3 6 8 14
0 8 3 0 0 0 0 0 0 6 0 14 0 0 0 0
11 0 12 0 0 7 0 6 8 3 9 4 0 1 0 15
10 14 0 7 0 8 0 3 11 13 0 16 9 12 4 2
7 3 10 8 4 0 0 0 1 16 0 9 0 2 0 12
1 9 0 6 7 0 0 16 10 2 0 8 0 0 15 3
0 0 0 14 11 2 8 9 0 0 6 3 7 16 1 10
0 2 11 0 0 6 0 0 0 0 4 0 8 5 0 9
0 7 0 10 0 1 4 0 0 8 0 11 0 3 0 0
0 15 16 9 0 0 7 10 0 0 13 5 14 8 12 1
0 12 1 0 5 14 2 8 9 0 0 10 11 13 0 0
0 11 0 0 0 0 16 12 6 0 2 1 15 10 7 5
16 13 0 12 0 3 0 14 0 1 8 2 0 15 10 0
15 1 2 0 0 0 5 13 14 11 7 6 12 0 0 8
0 10 0 0 1 0 15 2 5 9 3 13 0 4 0 0
0 0 9 5 0 0 11 0 12 0 16 15 1 0 0 0
