0 3 0 12 10 11 2 14 8 0 6 0 0 0 0 0
13 0 0 6 5 0 8 0 0 10 14 0 12 16 11 2
14 2 0 10 0 4 13 7 9 0 11 12 6 3 5 8
5 0 0 0 0 0 6 3 0 1 15 2 9 14 0 0
4 6 0 0 11 3 0 10 0 5 9 0 16 0 12 15
0 0 0 9 0 6 0 1 15 0 0 0 2 0 0 0
0 15 12 14 2 8 7 0 0 0 13 6 5 0 0 10
11 0 0 0 15 5 0 13 0 0 0 1 7 0 14 4
10 0 0 7 13 15 5 2 14 6 1 16 0 11 8 0
0 8 0 13 0 14 0 0 3 0 10 0 1 7 16 0
16 0 0 0 4 1 10 0 0 9 0 13 0 0 2 0
0 4 0 1 0 0 0 16 12 2 5 0 13 10 6 14
0 0 14 0 0 10 1 5 0 7 0 9 11 0 15 3
8 0 7 0 14 2 0 0 13 0 3 11 0 0 1 6
6 9 0 16 3 0 0 11 0 14 2 10 8 13 0 7
3 11 10 0 0 13 4 6 1 12 8 15 14 0 9 0
