5 9 0 0 7 16 0 0 8 1 0 6 0 0 0 12
11 0 0 8 12 0 10 0 13 0 15 0 9 16 2 6
0 0 13 14 8 15 0 0 3 0 9 0 0 0 1 7
10 6 0 0 0 11 0 9 16 0 2 0 5 3 13 8
16 0 0 0 4 1 0 14 9 6 8 2 13 0 7 0
0 0 0 1 2 0 0 3 0 11 13 16 0 12 0 0
9 0 0 0 0 0 0 16 1 7 4 3 15 0 0 10
0 4 3 13 0 7 0 0 5 14 0 0 16 2 9 0
0 0 6 12 9 0 0 7 10 5 0 1 0 15 16 13
15 0 10 9 0 4 0 0 12 13 16 8 7 0 3 11
14 0 0 3 0 8 6 0 0 15 0 4 12 0 0 0
0 13 8 5 16 12 1 15 0 3 6 0 4 0 0 2
13 7 12 0 0 0 14 1 4 9 3 0 6 11 0 5
2 8 9 11 0 5 7 4 6 16 0 12 3 0 0 0
0 14 5 6 3 0 16 12 7 8 0 0 2 9 4 15
0 0 0 15 6 0 8 0 0 2 5 0 0 7 0 16
