16 14 6 9 1 2 8 7 0 11 10 13 0 0 0 0
0 15 7 0 5 0 0 4 8 3 0 6 11 0 0 2
0 4 8 0 0 0 11 3 0 15 0 1 0 0 0 13
13 0 0 0 0 0 9 10 16 0 4 12 1 5 14 8
7 0 14 10 0 8 0 0 3 0 0 0 0 12 11 0
0 0 5 3 6 4 0 14 11 0 7 0 0 9 0 16
0 2 16 0 11 0 0 15 9 0 13 0 3 0 1 0
4 1 11 0 9 0 0 16 12 14 15 2 5 8 7 6
3 0 1 0 12 16 0 0 0 0 0 9 0 0 0 14
0 10 4 0 3 9 0 0 0 16 6 11 8 13 5 12
9 13 0 16 8 14 4 0 1 12 0 0 7 3 0 0
0 0 12 8 7 11 2 0 0 0 3 10 0 0 0 9
14 7 0 2 4 1 16 9 6 0 11 3 0 15 13 0
0 6 0 4 0 0 7 0 10 9 0 0 14 16 8 0
0 16 9 0 10 0 0 8 4 1 0 0 2 6 3 7
5 8 0 1 14 15 6 12 0 0 0 7 0 11 9 4
