0 0 0 5 2 0 9 0 10 4 16 1 0 14 6 0
14 7 12 0 0 0 0 1 0 8 0 0 0 5 0 3
2 4 16 9 0 13 0 3 0 15 11 0 12 8 1 0
0 0 0 1 5 10 8 0 12 0 7 14 16 9 11 2
0 12 0 0 7 0 0 14 0 5 9 0 0 0 13 0
0 11 14 0 6 5 1 0 4 12 0 0 9 16 0 15
0 15 0 0 10 16 0 0 14 7 0 0 3 0 0 0
1 0 0 3 11 4 15 2 0 10 0 16 14 6 7 12
0 0 2 8 9 0 0 7 0 0 0 13 1 10 0 6
0 0 0 14 0 15 10 5 0 0 1 4 8 13 3 11
0 16 0 11 1 0 4 0 3 6 0 0 15 0 0 14
0 1 15 4 0 0 0 6 8 0 14 0 0 12 0 16
0 2 9 0 15 3 14 10 0 1 0 12 11 4 8 0
7 0 8 15 0 9 5 11 6 16 4 3 10 2 12 1
4 0 0 0 8 1 6 16 0 13 0 10 7 15 0 5
5 0 0 0 4 7 2 12 11 0 15 0 6 3 0 0
