10 0 9 0 6 11 4 5 0 14 3 0 8 15 2 12
5 12 0 14 9 0 0 1 0 4 0 0 16 0 6 0
4 0 13 15 12 10 2 0 0 6 7 16 14 0 5 1
6 8 1 0 0 0 0 13 5 10 0 0 0 7 0 0
0 2 11 0 0 14 0 10 1 0 0 6 0 0 0 13
14 4 0 12 13 6 0 0 2 5 10 11 0 1 0 0
1 0 16 0 11 0 0 15 0 8 13 7 0 0 14 0
9 13 0 8 0 0 1 0 4 12 15 14 0 6 16 0
11 5 6 1 0 9 7 12 10 3 0 0 2 0 13 16
13 7 3 0 0 1 0 14 0 0 6 0 11 0 0 15
0 0 8 4 16 0 10 0 12 0 1 5 6 0 0 7
0 14 0 0 2 5 0 11 7 15 0 0 0 0 0 0
15 1 10 0 0 3 13 2 0 9 4 0 7 0 11 6
12 0 0 0 0 8 11 6 0 13 16 0 4 0 0 14
3 6 0 13 7 0 0 9 0 0 12 2 0 10 8 0
8 11 14 2 10 0 15 4 6 7 5 0 13 16 1 0
