0 3 0 9 0 6 0 4 0 0 10 11 1 14 2 13
0 16 11 6 9 0 2 12 1 0 14 15 4 3 7 0
4 2 15 14 13 0 16 1 5 9 0 3 0 12 10 0
0 1 10 0 5 3 0 0 4 12 0 0 15 0 8 0
6 13 0 0 10 11 1 0 2 0 16 0 0 15 0 4
9 0 4 11 16 12 0 0 8 0 0 10 0 0 0 0
10 12 0 0 4 0 0 2 0 1 0 0 0 11 16 0
1 0 16 2 8 5 3 0 0 4 0 9 0 0 13 7
7 0 0 10 12 0 9 5 13 11 0 0 2 6 0 3
0 6 0 12 0 2 13 16 9 0 0 8 7 1 4 10
3 9 2 13 15 0 0 0 14 7 4 12 0 5 0 0
16 15 0 0 3 0 11 0 10 0 2 0 13 0 0 0
0 4 0 0 0 0 8 3 6 2 13 0 10 0 0 15
15 0 0 0 0 9 4 0 7 16 11 5 12 0 0 0
0 11 13 16 0 15 5 7 12 0 8 1 3 4 9 14
14 0 0 5 0 13 12 10 0 0 0 4 16 0 1 0
