11 0 1 12 8 9 0 0 15 0 0 0 13 3 6 7
15 0 2 4 14 0 3 13 6 7 0 12 16 11 0 10
14 0 10 0 0 0 0 1 9 11 16 3 5 8 2 15
0 0 5 3 0 7 11 15 0 10 2 13 4 12 14 9
0 0 0 8 0 14 0 9 0 0 13 16 12 0 5 0
3 0 0 6 1 0 12 2 14 9 0 0 10 7 0 0
0 0 14 5 11 8 0 7 0 3 12 1 9 0 0 0
9 1 0 0 5 13 0 0 2 0 0 11 0 14 4 0
0 6 0 0 7 10 14 0 11 13 0 0 0 9 0 0
0 0 8 16 0 6 13 5 0 2 0 0 0 4 10 0
0 11 9 0 2 3 0 0 0 1 15 10 6 0 7 16
7 0 13 10 0 11 1 0 16 14 6 4 8 15 0 2
0 0 3 15 6 0 0 11 13 12 14 2 0 0 0 0
0 0 0 0 13 1 9 8 0 4 7 5 14 0 0 12
13 0 7 0 0 15 4 3 0 0 1 0 0 5 11 8
0 12 4 1 0 0 7 14 0 0 11 0 3 6 16 0
