4 12 10 14 3 7 0 0 0 0 8 15 6 11 0 2
0 13 9 7 0 0 8 0 4 10 12 2 0 0 0 0
0 0 2 0 4 15 10 9 16 11 0 14 0 0 0 12
0 0 11 0 2 5 1 0 6 0 0 0 0 14 0 7
15 14 1 0 13 0 3 0 0 4 0 10 0 5 0 0
0 0 0 0 5 2 11 14 9 0 1 8 0 6 0 0
0 0 0 5 1 9 0 4 15 6 14 12 13 0 0 3
9 2 6 11 12 10 7 15 13 0 5 3 4 8 1 14
1 0 13 0 8 0 4 0 2 15 9 0 0 0 16 10
0 0 0 2 10 0 9 6 14 3 0 11 0 12 0 0
0 0 15 10 7 16 14 13 1 0 4 0 0 0 0 0
16 0 14 3 15 11 0 2 0 13 10 0 8 1 6 0
11 1 5 4 0 3 0 0 0 0 0 16 2 15 12 0
13 10 0 8 0 0 0 5 0 12 15 0 9 16 0 0
14 0 0 9 16 8 0 1 7 2 0 0 11 10 0 13
2 6 16 12 14 13 0 10 8 5 11 9 0 0 0 0
