10 0 0 3 2 6 0 0 9 13 7 8 11 4 16 12
16 9 0 0 13 12 0 4 0 11 0 0 0 15 5 0
8 0 6 15 10 0 9 16 5 2 14 0 13 0 0 0
0 11 1 0 3 7 0 14 0 0 16 4 10 0 0 0
14 0 16 9 12 2 3 0 0 1 5 0 0 13 8 11
11 0 0 8 0 0 0 13 16 7 2 0 12 6 0 1
3 13 0 0 16 0 7 8 12 9 11 0 0 0 15 0
7 5 12 2 0 15 1 11 14 8 0 13 0 9 0 16
12 3 0 0 4 0 6 0 0 0 0 0 0 0 7 15
0 16 14 4 9 0 10 0 13 6 3 11 0 12 2 0
1 0 9 0 0 8 0 3 10 4 15 0 14 16 13 0
6 7 8 10 15 13 0 0 0 12 0 0 1 11 3 0
0 0 0 11 0 0 0 0 0 0 4 9 16 3 6 0
0 12 3 0 0 0 0 6 7 0 13 5 0 1 11 9
9 8 0 0 0 0 4 0 11 10 0 1 2 0 0 0
5 1 13 0 7 16 11 0 15 3 12 0 4 8 0 10
