0 12 5 15 14 0 8 0 6 13 11 7 0 10 9 4
3 0 8 6 1 11 0 10 0 0 15 4 0 2 16 12
10 11 14 4 0 6 0 0 16 9 0 0 8 5 0 1
2 13 16 9 12 0 0 4 1 3 8 10 15 14 0 11
0 0 0 7 0 0 0 12 9 15 0 8 6 3 14 0
13 3 0 0 0 0 6 15 11 0 5 0 16 0 4 7
0 4 11 0 0 16 13 0 2 0 7 3 0 15 0 0
6 15 0 8 7 3 0 0 4 0 0 16 0 0 0 9
7 6 4 0 10 0 1 2 3 5 0 0 0 8 0 0
14 0 12 3 0 5 7 0 0 4 6 0 2 0 0 0
0 0 0 0 6 0 0 11 0 0 0 12 5 0 3 14
5 0 0 0 16 0 0 3 8 7 14 1 4 0 0 6
0 0 0 0 0 0 0 14 7 16 4 5 1 6 0 15
15 0 0 5 4 1 16 7 14 11 2 0 9 0 8 3
4 0 0 2 0 12 0 6 15 8 3 9 0 16 0 0
0 14 6 0 0 9 15 0 0 1 10 13 0 4 2 5
