11 0 16 0 0 1 0 0 5 0 9 0 0 0 14 6
10 0 0 15 4 5 0 13 11 2 0 6 1 0 9 16
2 5 0 9 0 10 14 6 7 0 0 0 0 4 8 12
6 13 4 14 0 0 9 2 0 0 8 0 11 5 15 3
8 1 6 0 10 16 0 7 15 9 11 0 0 0 0 4
0 0 2 0 0 15 1 8 0 0 7 0 0 11 0 9
14 12 5 11 0 0 4 9 6 0 0 10 7 15 13 0
15 7 9 0 14 11 0 5 13 8 4 0 0 1 16 0
0 10 11 6 13 0 7 0 9 4 2 15 0 0 3 1
0 15 0 0 0 6 0 0 0 0 0 8 2 12 0 10
0 0 8 4 1 0 2 16 10 14 0 11 15 6 5 0
12 0 0 1 15 8 0 0 16 5 6 7 0 0 4 0
9 0 7 2 5 4 0 0 8 0 0 0 0 3 1 0
0 0 0 0 7 13 16 10 0 11 1 0 14 8 2 5
0 0 13 5 0 0 3 1 2 7 0 12 0 0 6 0
0 16 10 0 0 12 11 15 0 0 0 14 0 9 7 13
