9 13 3 16 15 10 1 11 0 6 4 12 5 8 7 2
7 0 0 10 0 4 0 0 9 13 16 2 0 3 0 0
5 0 0 2 0 0 7 13 11 0 3 15 12 0 16 0
0 0 0 11 2 0 9 3 5 7 10 8 1 15 0 13
12 3 8 0 0 0 0 9 0 0 0 1 11 10 15 14
0 0 13 0 10 0 4 0 0 0 0 3 0 1 0 16
16 0 0 1 14 6 0 0 0 9 7 0 2 13 0 4
0 2 9 0 1 11 15 7 0 8 14 13 3 0 12 5
0 16 7 0 0 1 14 0 2 4 0 0 8 5 0 12
1 0 12 0 0 9 11 16 0 0 15 0 13 2 14 6
15 4 0 5 12 0 6 10 8 0 0 0 9 7 1 0
13 14 2 0 3 0 0 5 0 12 0 0 4 16 0 15
8 5 1 0 11 3 16 4 15 10 0 9 0 14 0 0
11 0 0 3 0 0 13 0 0 0 0 0 0 0 5 0
4 7 16 0 0 0 2 0 6 0 1 5 0 11 13 0
2 6 0 0 0 0 0 1 13 11 8 4 0 0 3 9
