12 6 0 3 13 16 10 2 0 15 0 9 0 0 1 14
13 14 15 16 0 9 7 0 8 10 0 0 12 0 0 0
0 2 0 4 3 12 0 5 0 14 0 6 10 15 16 13
0 5 0 10 6 14 0 4 0 0 0 0 3 0 7 9
5 10 0 15 2 0 0 0 0 0 0 4 8 0 11 16
0 0 0 6 4 15 0 0 0 0 11 14 0 10 0 5
8 0 0 0 9 10 3 12 13 2 15 0 1 6 14 7
2 1 13 14 5 0 0 16 10 0 9 8 4 3 12 0
14 8 0 7 16 0 0 0 0 9 10 0 6 0 0 12
0 13 2 0 15 0 9 0 6 0 0 1 0 14 0 0
10 0 0 5 12 0 0 0 2 0 13 0 15 0 0 8
15 0 0 1 8 0 0 0 12 0 14 7 2 4 13 11
0 3 10 9 0 4 12 15 14 5 8 13 7 0 6 2
7 12 0 8 0 0 0 0 0 4 0 10 0 0 0 3
0 15 14 2 0 5 13 3 7 0 6 12 0 0 8 0
0 11 5 13 7 0 2 9 0 1 0 3 14 12 0 4
