4 0 0 0 0 0 15 1 13 9 0 0 0 5 7 6
15 5 0 1 0 6 0 0 0 0 3 12 9 0 13 14
14 11 2 0 9 0 7 8 1 16 15 5 3 10 0 0
7 0 0 10 4 0 0 5 0 0 0 0 0 15 0 1
0 16 0 0 13 7 2 15 0 3 4 8 6 14 12 0
0 8 10 0 0 3 14 4 16 0 12 0 13 11 0 0
3 7 0 12 5 0 9 16 11 14 2 13 1 0 0 4
5 14 4 13 0 11 0 12 9 0 0 10 2 7 0 0
16 10 0 5 0 15 0 13 0 0 0 9 0 4 0 0
8 0 15 4 2 0 0 0 6 13 11 3 0 12 0 9
0 9 0 2 0 8 0 0 0 5 7 0 15 3 6 0
0 3 0 0 11 4 0 9 15 0 0 2 7 0 0 0
13 2 14 0 15 16 0 10 12 1 0 4 5 6 3 7
0 6 5 0 0 0 0 2 0 7 13 0 10 0 0 15
10 0 1 3 0 9 13 6 2 0 0 15 0 0 14 0
12 15 0 7 0 1 5 3 10 0 14 6 0 9 2 13
