8 15 0 0 12 0 2 9 0 10 11 0 0 16 0 0
9 4 2 0 0 5 13 14 0 0 0 1 10 11 0 8
0 16 0 10 0 11 0 0 0 9 0 0 0 5 15 14
7 0 11 6 0 0 8 0 0 4 0 5 9 13 2 0
16 0 0 2 10 14 6 5 13 12 8 7 1 15 0 9
1 6 5 0 3 0 4 12 0 14 16 15 13 2 10 7
10 0 15 0 13 2 0 0 6 0 0 0 12 14 8 16
0 7 0 0 0 0 16 0 0 2 3 9 11 6 4 5
14 0 7 12 4 8 11 0 0 0 6 3 16 10 1 0
0 1 0 4 9 6 5 0 12 16 0 10 0 0 14 11
6 0 0 0 14 12 10 0 0 0 0 0 0 3 0 0
3 0 10 0 0 13 0 16 0 0 9 14 7 0 5 6
15 2 9 0 16 3 0 13 1 8 0 6 5 0 11 0
0 0 0 14 11 0 9 2 5 7 0 16 0 0 0 15
11 10 6 16 5 1 0 4 0 3 14 0 8 0 13 0
5 0 0 1 8 0 12 6 15 0 0 2 0 0 0 0
