0 0 13 1 11 7 8 0 0 0 0 6 0 0 15 10
10 11 0 5 0 0 3 14 15 0 0 16 0 0 8 6
8 0 0 7 15 5 4 0 3 1 14 9 16 0 11 13
0 14 0 3 0 0 1 6 10 11 13 8 0 12 4 7
0 7 0 0 8 0 16 5 0 10 0 0 0 15 0 0
1 0 9 2 0 0 6 0 0 0 16 0 0 7 14 5
0 8 0 0 0 0 0 9 14 6 0 0 0 11 0 16
0 0 6 16 4 0 14 13 2 7 15 0 0 0 1 0
2 3 7 15 16 8 5 4 6 0 0 10 12 13 9 0
16 5 1 9 0 6 13 0 7 0 0 0 8 3 10 14
6 0 0 10 14 9 0 7 0 3 0 12 0 0 0 15
14 12 11 0 10 3 15 1 16 0 5 13 0 0 0 0
7 1 15 0 5 0 9 2 8 16 0 3 13 0 0 11
4 2 8 0 6 0 12 0 11 0 0 15 14 1 0 0
0 0 10 6 7 0 11 0 9 0 1 0 0 0 12 0
11 0 3 12 1 0 10 15 4 13 6 0 2 5 0 8
