0 3 0 0 10 0 4 0 9 11 1 2 15 6 7 14
15 4 11 6 2 0 9 1 7 13 0 8 16 0 0 0
0 0 1 12 0 16 0 6 0 14 0 4 2 0 0 9
7 0 9 2 0 15 0 13 0 0 0 12 0 1 10 11
13 0 0 0 1 2 0 0 0 0 0 6 14 0 3 10
1 0 5 0 9 0 13 0 0 0 0 7 6 0 0 16
6 16 0 11 4 0 5 14 13 12 0 3 1 8 0 0
0 2 3 0 0 11 0 16 0 0 5 1 12 7 0 4
0 0 8 5 0 3 16 2 15 1 13 9 0 0 4 0
0 7 0 4 0 13 1 0 0 8 6 0 9 0 0 3
0 0 0 1 14 10 6 0 12 0 7 0 13 16 0 0
0 11 13 0 0 8 7 9 4 0 3 10 5 0 0 6
4 15 14 0 5 0 2 11 0 0 8 0 3 9 16 0
0 5 7 0 0 4 8 0 1 3 0 14 11 0 0 13
0 13 12 8 0 6 14 10 2 0 11 15 7 4 0 1
0 1 0 0 13 0 12 7 16 10 4 0 8 15 14 0
