0 4 0 2 0 0 13 9 0 12 15 8 0 11 1 0
11 8 13 0 6 1 0 0 7 0 4 14 15 16 5 9
7 5 10 0 15 16 0 11 9 3 0 0 0 0 0 12
9 1 15 0 12 0 4 0 0 11 2 0 10 0 6 7
0 10 3 16 0 0 0 5 0 0 0 0 6 12 0 1
1 0 5 0 8 6 16 0 12 9 10 0 3 0 4 11
4 0 11 7 14 13 12 10 1 8 5 0 9 0 16 0
12 2 9 13 0 0 11 1 6 15 16 0 0 0 14 0
0 16 7 4 11 0 0 13 0 1 3 9 0 10 0 0
0 0 0 0 7 0 0 0 16 0 12 13 0 6 11 14
0 13 0 6 3 0 10 16 0 5 0 0 0 0 0 4
15 9 0 11 0 0 0 4 0 0 0 0 0 3 13 16
0 0 0 5 9 10 14 8 15 0 6 1 7 0 12 13
0 12 2 9 0 4 0 6 0 7 14 5 11 0 0 8
6 15 8 1 13 0 7 0 10 0 9 4 0 14 3 0
14 7 16 0 1 2 0 0 8 0 0 0 4 9 0 0
