2 0 7 14 0 0 0 12 10 5 0 0 0 4 8 15
11 15 9 5 4 0 0 8 14 0 0 3 10 0 0 16
4 10 12 1 0 11 6 15 0 7 0 0 2 0 14 0
0 0 3 0 14 0 10 9 0 15 6 0 5 0 1 0
8 0 0 2 0 0 15 7 3 0 5 0 0 16 0 4
0 0 0 9 13 8 0 0 7 0 0 0 1 0 12 0
5 0 16 3 0 9 2 11 12 0 14 13 0 15 7 0
10 0 15 0 6 5 14 3 4 16 0 11 0 9 2 0
14 16 4 0 0 10 3 6 0 12 11 8 0 1 5 0
0 5 0 0 0 4 12 0 2 13 10 0 0 8 3 11
0 0 0 0 15 0 9 14 5 4 0 0 0 13 0 0
7 0 0 0 0 13 11 0 0 6 3 15 4 10 0 0
0 0 0 0 16 15 4 2 6 1 7 0 0 0 9 13
0 13 8 4 0 6 7 1 0 0 2 9 3 0 10 5
0 2 0 11 0 14 5 0 15 3 8 10 0 12 4 6
9 7 5 6 0 0 0 10 13 0 4 12 16 2 15 1
