0 12 2 4 0 0 5 9 11 0 0 10 6 0 0 0
10 15 16 0 6 13 2 4 0 0 7 0 0 9 14 11
1 0 5 0 10 0 0 0 9 13 16 0 4 0 2 7
0 9 7 0 0 0 15 0 4 14 2 6 10 5 0 16
4 6 15 0 11 2 0 0 0 7 1 9 0 0 0 12
13 1 0 16 12 5 7 6 0 11 0 0 0 10 9 0
0 0 12 7 13 0 9 10 15 16 0 4 0 0 0 3
3 5 0 11 15 4 16 0 0 0 10 13 7 0 0 0
12 11 10 0 2 0 8 0 0 0 0 16 0 3 0 6
0 0 1 2 0 10 6 13 8 9 11 12 0 15 0 0
15 16 6 3 0 12 0 0 0 0 0 5 1 0 8 9
8 0 0 9 7 16 1 0 6 2 14 0 12 0 0 10
0 0 0 0 9 0 10 0 0 4 0 11 14 7 0 0
9 0 0 0 4 11 14 16 3 8 15 0 2 12 6 5
0 4 3 0 0 6 12 0 13 1 9 14 11 16 10 0
16 0 0 0 0 15 13 7 10 6 5 0 0 4 3 0
