2 9 4 0 15 8 5 0 14 10 0 0 3 0 13 1
0 5 0 13 0 0 0 10 12 0 0 16 0 0 14 7
0 0 0 6 3 13 9 0 8 0 0 2 5 15 16 10
0 10 14 0 12 7 2 0 0 13 5 0 11 0 0 9
8 6 12 15 0 0 14 9 0 16 0 0 7 2 5 13
0 0 13 0 0 12 15 0 7 8 10 0 6 0 0 4
11 16 10 3 2 4 7 5 0 0 14 13 9 1 0 0
7 0 0 4 0 3 0 6 0 0 0 11 0 0 10 0
9 15 16 12 0 0 11 0 13 14 0 5 10 7 1 3
0 7 0 2 0 0 16 0 0 4 0 12 14 13 15 0
5 0 3 1 13 15 0 0 0 6 11 10 0 4 9 2
4 0 0 10 9 0 0 8 15 7 2 3 16 0 12 6
13 4 0 0 0 9 0 2 5 0 0 0 12 16 11 15
0 8 0 0 0 0 3 0 4 12 0 0 13 9 0 0
16 12 0 11 7 0 8 13 10 9 0 0 0 0 2 5
0 0 5 9 14 16 0 12 11 2 13 0 0 0 0 8
