0 0 0 0 0 5 7 13 15 2 0 3 11 4 9 12
3 0 5 9 16 0 8 0 0 7 11 13 14 0 1 0
0 0 13 4 12 0 14 0 9 0 0 0 6 0 3 5
0 8 11 10 0 0 0 9 5 4 12 14 0 13 16 0
0 4 8 15 2 7 11 0 16 0 9 0 5 0 6 0
14 0 0 12 5 15 1 8 0 0 3 6 0 0 0 0
6 0 7 0 14 0 13 0 0 0 5 0 9 11 8 15
13 5 0 11 3 9 0 6 0 0 10 0 1 2 12 0
8 0 4 5 11 12 15 0 0 16 0 7 13 9 10 0
16 0 0 2 0 13 10 14 0 0 0 11 4 12 5 8
12 0 10 0 7 0 6 0 4 9 2 5 0 1 15 11
15 0 3 1 9 16 5 0 0 8 0 12 2 7 0 0
0 0 0 7 15 0 0 0 0 5 4 10 0 0 13 16
0 3 1 13 0 14 0 10 12 0 0 2 7 0 0 0
0 10 15 16 0 0 0 5 13 0 0 9 8 14 0 0
4 0 0 8 0 3 9 0 0 1 16 0 12 5 11 10
