0 0 8 0 16 0 4 3 14 10 6 9 0 12 0 1
1 0 9 16 0 0 10 0 5 0 0 12 15 0 8 0
10 0 13 0 1 12 0 14 0 0 7 0 0 0 16 0
0 0 7 14 0 0 8 0 2 1 3 0 4 9 10 13
5 0 6 0 4 14 16 0 3 0 1 0 8 15 0 7
0 1 16 8 3 7 15 0 12 0 0 6 11 0 9 10
0 0 15 7 9 11 12 0 0 8 0 2 0 0 4 0
12 9 0 11 5 8 0 6 0 14 15 7 13 1 0 16
9 0 0 12 14 2 1 0 6 0 10 8 16 13 5 15
0 0 0 1 0 0 13 11 7 12 2 5 3 0 6 14
0 15 0 3 10 16 0 0 0 0 0 1 0 0 2 11
0 0 2 6 0 0 0 7 0 13 11 0 12 0 1 9
0 8 14 4 6 0 7 9 15 16 12 3 0 0 0 0
16 13 0 9 0 0 0 8 0 2 0 0 0 7 15 4
2 6 0 15 13 0 0 16 0 0 8 10 0 3 0 12
0 5 12 10 0 0 3 15 11 6 9 0 1 0 14 0
