16 14 0 0 8 0 7 6 0 12 0 1 4 2 3 0
10 11 7 2 0 0 0 12 0 4 9 14 0 5 6 16
0 12 0 3 5 0 16 9 0 0 0 6 8 0 15 14
6 8 0 1 14 0 13 4 3 2 0 16 0 9 0 12
0 1 6 0 16 5 0 0 0 11 3 0 14 4 12 0
0 0 10 8 6 14 9 7 12 0 0 0 5 11 1 0
0 4 14 9 0 12 1 11 16 5 8 10 2 6 0 3
0 5 12 0 3 8 4 2 0 0 0 0 9 0 0 0
0 3 0 0 0 16 0 8 7 13 0 5 0 14 4 2
0 0 4 0 0 7 0 0 0 0 0 12 16 3 11 9
0 0 16 0 11 0 14 0 9 8 0 2 0 0 13 5
0 0 5 0 9 0 0 0 4 16 0 0 15 7 0 6
1 6 2 15 12 9 0 16 14 0 0 11 0 0 0 7
12 0 11 0 4 0 5 10 2 6 16 13 0 8 9 15
13 0 8 4 7 3 0 14 0 9 0 0 6 0 2 0
0 0 3 0 15 0 2 13 0 0 1 8 0 12 0 4
