0 0 2 0 0 0 15 11 1 0 7 16 0 8 14 4
0 10 0 16 0 6 8 7 0 0 4 5 13 2 1 0
14 8 0 0 1 0 4 16 2 0 0 12 11 5 9 10
1 4 0 5 0 0 0 0 0 0 0 8 7 0 6 15
4 0 0 0 7 0 0 8 0 0 14 13 0 9 10 11
5 16 8 2 6 0 0 0 0 1 0 11 15 0 4 14
0 0 0 11 3 14 2 12 6 8 10 0 5 0 0 13
10 14 0 0 16 11 5 0 0 0 0 0 8 0 3 6
3 9 0 0 14 0 11 15 0 4 0 2 0 6 0 0
13 2 0 0 0 16 3 0 8 0 9 1 12 11 15 7
11 5 16 8 0 10 0 0 0 0 6 0 4 3 2 0
0 0 10 0 0 0 12 0 13 0 0 3 1 14 0 16
9 12 0 0 0 0 0 5 0 16 13 6 14 4 7 2
2 11 0 10 0 4 16 3 15 0 8 9 0 13 5 1
16 1 0 14 15 0 6 0 0 0 3 7 9 10 0 0
0 13 0 0 11 7 14 9 0 2 1 0 16 15 12 3
