2 8 12 0 0 10 0 0 4 7 15 0 0 16 13 0
1 10 0 13 7 16 4 2 14 0 0 5 0 12 15 0
0 14 0 16 3 15 0 5 0 12 2 13 1 0 0 10
0 15 0 7 0 6 0 0 0 9 0 0 11 8 2 14
0 0 15 5 8 11 0 16 0 0 4 0 0 1 9 13
13 0 6 3 15 2 10 0 0 0 1 16 0 14 0 0
0 11 1 9 5 12 0 4 15 14 0 0 0 0 6 2
8 4 0 10 0 1 3 0 12 0 9 0 16 11 0 0
10 0 0 1 0 0 11 15 3 6 0 12 13 4 0 16
3 6 13 2 4 0 5 14 1 16 0 7 10 15 0 0
7 0 0 0 0 0 6 0 0 0 5 0 0 2 1 0
14 0 0 15 0 0 1 10 0 2 13 4 6 5 0 11
4 0 16 12 0 0 0 8 5 10 6 0 0 0 14 7
0 13 0 0 0 4 2 0 0 8 3 0 12 9 0 5
6 5 2 0 11 14 0 12 13 4 0 9 15 3 0 1
9 0 0 14 0 0 16 13 0 0 0 15 4 6 11 8
