0 7 0 9 0 16 6 10 0 4 2 0 12 0 0 0
13 0 6 0 0 15 1 11 0 10 0 0 8 16 0 2
4 11 1 0 13 0 12 2 9 0 8 16 0 0 0 10
12 0 0 16 8 0 4 14 15 0 0 0 3 5 13 0
0 15 13 10 4 0 11 9 0 0 5 12 0 0 8 1
16 0 0 4 1 2 15 0 6 0 13 0 10 11 0 0
1 5 0 6 12 13 7 8 11 9 4 10 0 15 0 3
0 0 0 0 6 10 0 5 8 1 15 3 0 4 9 0
11 0 0 0 0 0 10 0 16 12 0 5 13 3 0 15
0 0 16 1 0 12 3 15 14 0 0 0 7 9 2 8
0 4 0 0 0 9 13 16 3 0 0 0 0 10 0 11
9 10 0 15 5 6 8 7 13 0 0 1 16 0 0 4
2 1 4 13 0 11 9 12 0 3 0 0 5 14 0 0
14 6 0 0 0 0 0 0 1 0 12 11 0 13 0 16
0 3 9 12 0 0 14 0 4 5 0 0 11 8 0 6
0 0 11 8 15 0 5 6 0 13 14 9 4 2 1 0
