9 0 1 12 4 0 2 6 5 0 0 8 0 0 3 0
0 10 0 0 8 0 3 5 0 12 0 0 0 9 14 0
0 0 14 13 12 0 9 16 0 0 3 0 8 5 2 4
0 0 5 0 0 15 0 10 0 0 13 0 0 0 12 16
0 13 15 8 3 2 6 7 0 10 1 0 4 14 0 0
0 6 2 0 15 9 11 12 14 0 4 16 0 8 0 0
16 9 12 10 13 4 0 14 0 15 8 0 3 0 11 2
0 0 11 0 0 10 1 8 9 0 0 13 7 12 0 15
12 0 7 0 0 0 8 3 0 6 9 0 2 10 15 0
11 5 9 15 0 0 10 0 3 0 2 0 0 13 8 0
10 0 0 3 9 11 0 15 0 8 0 0 5 0 1 0
1 0 0 6 0 16 0 13 15 5 11 10 9 0 0 12
13 16 3 2 0 0 0 0 1 9 7 12 0 6 10 0
8 0 6 11 10 3 12 0 4 13 15 5 14 16 0 7
0 0 0 5 1 0 16 9 8 0 0 3 0 0 4 13
14 0 0 0 7 8 13 0 6 0 0 2 0 15 5 3
