7 15 0 4 10 14 1 11 0 0 2 0 16 5 0 0
0 9 0 0 2 0 0 0 0 0 15 0 7 0 1 4
0 0 0 11 9 4 15 0 16 0 5 7 2 0 6 3
0 6 2 16 0 0 8 0 4 14 3 1 10 0 11 15
0 0 0 0 0 10 16 12 0 4 14 0 1 0 13 0
0 0 0 1 0 0 14 0 13 0 0 0 3 10 0 9
0 0 0 10 7 0 2 9 3 0 0 5 0 0 0 16
15 0 16 2 0 11 0 0 10 0 7 0 0 12 14 5
16 0 8 6 0 7 11 0 0 15 13 0 9 2 4 0
0 2 13 5 8 0 0 0 9 0 6 0 14 15 16 0
3 1 15 7 13 9 0 2 0 0 10 14 0 6 8 11
0 14 0 12 15 0 5 0 8 2 0 11 13 0 0 0
0 11 6 0 16 0 7 0 15 12 9 10 0 1 0 2
2 16 10 0 1 15 3 4 0 5 11 6 12 13 9 14
0 7 0 3 11 0 12 10 14 8 0 2 0 16 5 6
0 0 4 15 0 2 0 5 0 3 16 13 8 11 0 10
