0 0 13 0 0 7 1 9 14 16 4 0 0 6 10 0
0 1 0 0 5 0 13 0 0 3 0 0 12 0 8 4
0 9 0 10 11 0 0 0 0 0 0 1 2 0 14 7
7 0 16 0 0 0 12 14 0 0 0 15 5 0 11 1
0 0 5 0 4 0 0 0 8 11 0 12 0 3 15 2
10 0 8 7 0 3 6 12 0 4 2 0 11 0 0 13
2 3 0 13 15 0 11 5 10 0 0 16 4 0 6 12
0 0 0 11 13 0 0 0 1 0 15 3 7 0 5 0
12 13 0 8 0 11 0 4 16 0 0 14 0 2 0 0
6 11 4 0 12 14 5 10 3 2 7 8 16 15 13 0
5 14 0 9 8 2 0 1 12 0 11 6 0 0 0 3
0 2 7 3 9 13 0 6 4 5 0 0 0 0 12 0
0 0 0 4 1 15 14 3 6 8 10 0 13 5 9 16
13 0 14 0 10 0 0 2 15 9 0 4 0 12 3 11
0 7 1 5 16 12 0 0 0 14 3 13 8 10 0 6
0 10 3 0 6 4 0 13 11 0 12 0 0 7 0 14
