5 10 0 0 0 0 0 0 0 0 11 1 6 7 2 4
3 0 0 9 0 8 5 6 10 0 7 0 1 0 13 11
12 11 7 0 0 0 3 2 0 16 4 15 5 14 10 8
0 8 0 15 10 11 0 4 5 14 13 0 0 0 0 16
2 16 0 1 7 0 8 3 0 13 6 10 9 0 0 0
0 0 5 3 2 0 12 9 0 7 0 11 14 0 4 10
0 12 10 11 0 0 13 0 0 0 3 0 8 6 0 15
8 7 13 4 15 0 10 11 14 0 0 0 2 1 0 3
0 0 1 7 11 9 16 8 6 15 0 3 13 4 0 12
13 0 15 8 12 10 0 0 0 11 1 0 0 5 9 0
14 0 12 2 0 0 15 5 7 4 10 13 11 0 8 0
0 4 3 0 13 0 2 0 12 0 8 9 15 10 0 0
16 0 0 10 4 5 6 0 0 2 0 12 0 3 0 14
0 0 0 0 14 7 0 0 0 0 0 0 16 0 1 13
0 0 0 14 8 0 1 0 13 0 0 0 0 0 0 6
7 0 6 5 3 0 0 15 0 10 14 16 4 8 12 9
