0 8 0 12 9 0 0 4 5 11 13 1 0 0 10 0
0 3 4 5 10 2 14 0 0 0 6 0 0 0 0 0
0 16 0 2 3 0 0 0 9 0 0 0 15 1 5 0
0 9 11 10 0 0 0 1 0 0 0 8 16 0 0 6
10 6 9 0 13 0 0 12 11 4 0 5 7 16 14 0
11 0 16 0 6 0 3 0 0 0 0 0 5 12 15 0
8 1 5 15 0 0 0 14 13 0 12 6 2 3 11 0
0 4 0 7 0 8 0 0 1 0 15 0 6 13 0 0
0 0 3 9 15 1 11 10 14 6 0 0 12 4 16 7
0 2 8 6 0 14 12 7 15 9 1 0 13 11 3 0
12 0 1 4 2 0 13 6 0 0 16 11 10 14 0 9
0 11 0 14 16 0 0 8 0 0 0 0 0 15 0 0
0 12 14 0 8 7 2 0 6 10 4 13 0 0 1 3
0 0 2 8 14 11 5 3 16 1 7 15 9 0 12 13
0 0 6 1 0 0 0 9 8 0 0 3 14 0 2 16
0 5 13 11 0 10 6 16 0 2 14 9 4 0 7 15
