7 0 0 0 6 14 0 4 2 16 0 0 0 8 0 12
0 2 8 9 13 7 0 0 11 4 0 12 16 14 15 0
16 6 0 4 15 11 8 9 0 10 14 5 0 0 7 0
0 0 1 10 2 12 0 0 13 0 0 0 0 4 9 11
4 0 3 0 0 6 12 0 5 0 15 0 8 9 0 13
6 8 9 0 14 0 0 5 0 1 0 4 0 0 2 16
0 11 10 0 0 3 0 2 0 14 0 6 0 1 5 15
1 5 0 15 16 10 0 0 3 0 12 9 7 0 0 0
0 15 13 0 10 4 3 1 12 8 7 0 0 0 0 9
0 0 0 0 11 5 16 13 9 3 10 15 14 12 1 4
0 0 14 1 8 2 0 12 0 0 0 11 15 0 0 7
0 0 0 5 7 9 0 14 0 0 1 2 11 0 8 0
15 14 7 13 0 0 2 6 10 9 4 0 0 0 0 0
0 0 5 6 12 0 14 11 15 7 3 1 0 0 0 8
0 4 16 0 9 0 7 0 6 11 5 0 3 15 14 2
0 1 11 0 5 8 4 0 0 0 0 16 9 0 13 0
