0 5 0 6 0 3 15 0 0 0 0 0 14 2 8 16
9 14 10 3 5 0 16 8 2 6 0 4 0 11 1 12
8 7 0 0 2 0 11 6 3 1 0 15 5 13 0 0
4 0 15 0 1 13 0 0 0 0 0 16 6 3 9 0
0 9 0 0 6 12 4 5 0 16 0 2 7 0 0 0
2 3 6 16 13 8 14 11 5 12 9 7 10 4 15 1
0 15 5 0 7 16 2 3 11 10 4 13 12 0 0 0
0 12 4 7 15 0 0 0 0 14 3 6 2 5 16 13
6 0 0 0 16 2 9 0 1 0 10 0 3 0 0 0
12 0 9 0 8 1 13 15 14 0 6 3 0 0 0 0
0 2 0 13 14 6 0 10 0 0 0 0 0 0 12 4
3 0 14 15 11 0 5 0 0 0 0 8 0 10 13 0
1 13 0 4 10 15 7 0 0 3 8 14 11 0 0 0
0 6 2 0 3 0 0 0 13 15 16 9 0 12 7 0
0 0 0 0 9 5 0 0 0 2 0 0 1 16 10 15
15 0 11 0 0 14 0 0 0 0 7 1 13 6 3 0
