4 11 0 3 5 15 0 12 9 7 0 0 0 6 1 16
0 0 10 0 0 0 11 9 0 0 3 0 0 7 0 14
7 0 15 0 6 0 16 2 1 0 0 14 0 0 3 12
0 0 0 0 7 3 1 4 15 0 0 0 0 13 5 0
10 0 0 4 0 16 12 13 0 0 15 2 0 1 14 9
0 16 11 15 0 2 3 14 8 13 10 0 0 5 6 0
3 5 7 0 15 9 6 10 4 0 0 1 13 16 0 8
12 0 1 13 8 5 4 0 16 0 14 0 0 0 10 3
0 15 16 8 4 0 10 3 0 0 6 0 1 0 11 2
2 0 9 0 0 14 8 0 13 0 0 0 15 0 0 5
0 4 0 12 9 0 0 6 2 0 7 0 14 0 0 13
0 10 5 7 2 13 15 0 3 0 1 0 0 12 0 6
0 14 0 0 10 6 7 15 12 0 9 13 0 0 16 11
15 7 0 9 0 0 2 8 10 0 5 0 6 4 13 0
0 0 0 10 14 0 13 1 11 15 4 0 5 0 9 0
0 0 2 11 0 4 9 5 7 0 8 0 10 0 12 15
