13 0 0 0 0 0 2 12 9 0 0 0 8 5 14 15
6 0 15 11 0 4 14 0 0 5 12 13 0 2 7 3
0 5 0 16 15 13 0 0 0 0 0 2 6 1 4 12
0 2 14 12 0 0 0 8 6 7 15 0 10 9 0 13
14 16 11 0 0 2 15 3 5 8 10 0 7 4 12 0
0 0 0 4 0 5 0 0 7 3 0 0 13 0 15 14
7 0 13 0 4 0 0 0 0 12 0 0 5 3 16 0
0 0 12 0 14 0 0 1 11 0 4 16 2 0 10 0
0 7 4 0 3 0 1 10 12 0 11 5 14 0 6 16
15 12 3 0 5 0 9 0 16 4 6 0 1 10 2 0
11 13 16 0 0 12 4 14 0 2 0 0 0 0 5 7
0 0 0 9 8 7 0 2 0 15 14 0 4 0 3 11
16 0 0 15 0 0 12 11 4 0 0 8 3 0 0 10
5 0 8 7 0 3 13 0 10 0 9 11 12 6 1 2
10 0 2 0 9 1 6 0 3 16 7 12 0 14 8 4
0 0 0 3 0 0 0 0 2 1 0 15 11 16 0 0
