0 4 0 14 0 15 0 6 1 8 11 9 7 0 0 2
0 0 13 9 8 16 2 10 0 0 0 15 0 0 11 0
15 0 0 8 1 11 3 0 4 5 13 6 14 10 0 16
0 6 7 11 9 0 4 0 2 10 0 3 12 8 0 0
8 9 0 0 2 13 0 3 0 0 1 0 0 0 0 7
12 7 0 0 6 5 0 0 15 9 8 16 0 0 0 10
13 0 0 5 0 8 0 15 3 0 0 0 9 6 12 14
1 0 6 0 0 7 9 12 0 13 2 10 0 11 4 8
6 16 0 13 5 4 7 0 0 15 0 12 2 9 3 0
0 11 0 12 0 3 0 0 0 0 0 0 4 15 5 1
0 10 3 2 0 12 14 1 8 11 5 0 0 16 0 0
4 5 0 7 11 2 0 0 16 0 3 0 0 14 10 0
11 13 0 1 0 0 15 0 0 4 12 8 0 7 14 0
16 0 12 10 0 9 0 0 7 3 15 5 0 2 0 4
2 8 4 0 0 10 0 5 9 1 0 13 0 12 0 0
7 3 5 15 0 0 0 14 11 0 6 2 10 0 0 0
