0 10 3 8 0 15 7 13 6 0 12 9 14 0 4 0
0 0 0 13 12 4 2 9 14 0 0 10 0 0 8 11
11 12 2 15 5 0 3 14 7 0 0 1 0 9 6 16
9 14 0 0 6 16 1 0 11 0 15 0 13 12 3 5
14 0 11 1 3 2 9 0 0 0 0 13 0 8 0 4
13 8 15 2 0 7 10 1 12 6 0 0 0 5 16 0
0 0 0 6 13 0 0 4 8 0 5 14 7 2 15 0
7 0 12 4 8 6 15 5 2 0 9 0 11 0 14 13
15 0 0 0 1 0 0 7 4 9 0 3 0 0 10 0
0 1 14 0 0 3 0 8 0 0 0 0 0 0 7 15
16 0 0 3 4 0 6 0 10 0 1 0 0 0 9 0
0 4 0 0 0 0 0 15 16 0 14 0 5 13 1 0
4 11 0 14 0 0 0 2 0 15 0 0 16 3 5 12
0 6 0 16 15 5 0 0 0 12 0 0 9 4 0 14
3 0 1 12 16 10 4 6 9 14 11 5 8 15 0 0
2 0 9 5 0 0 0 11 0 8 16 4 1 0 0 10
