0 5 8 0 14 15 0 2 12 13 0 9 0 0 4 0
2 3 10 14 0 0 0 12 8 11 7 16 0 0 0 9
11 0 4 15 1 0 9 13 10 0 6 0 12 7 0 8
12 13 0 0 0 0 8 10 0 0 1 0 0 0 3 6
0 1 0 3 0 16 13 0 0 2 0 6 11 0 8 0
16 7 13 8 0 14 10 6 3 1 0 0 4 0 5 0
6 0 0 2 0 1 11 3 0 15 0 0 7 16 0 0
0 11 0 9 4 2 12 8 7 0 0 0 0 1 6 3
10 8 16 12 13 0 1 7 6 3 0 5 0 0 11 4
0 0 0 0 2 0 14 0 1 9 0 4 16 0 10 5
0 6 0 4 0 0 16 0 2 8 14 7 3 13 15 0
0 0 0 5 3 0 15 4 13 0 0 0 9 6 12 7
13 0 3 16 8 7 5 15 11 0 0 0 0 10 0 12
8 14 5 1 0 4 0 16 9 6 0 15 13 0 0 11
7 0 2 10 11 0 0 0 0 12 4 0 0 0 1 15
0 12 0 0 9 0 0 0 0 7 8 13 2 4 0 14
