1 13 5 7 0 0 4 0 3 0 6 15 0 12 10 2
3 15 6 8 1 5 0 11 0 0 0 14 13 0 4 16
9 2 0 12 3 0 6 0 0 0 0 8 11 0 0 0
10 4 11 16 0 9 0 0 0 12 7 1 3 0 8 14
12 8 3 0 7 0 14 0 15 6 16 4 0 2 5 0
0 6 2 13 11 0 0 0 0 5 1 10 0 3 14 0
7 0 0 5 10 0 15 4 8 0 14 0 12 11 0 6
14 1 4 10 0 0 0 0 0 3 12 7 15 16 0 0
0 0 8 3 14 0 0 0 16 0 10 0 2 0 0 15
6 0 0 0 0 0 0 10 14 1 15 0 5 0 0 0
13 0 15 14 0 4 3 0 0 8 11 2 16 10 6 12
0 10 0 0 0 8 9 0 6 13 0 3 4 14 0 11
11 0 0 15 2 0 16 9 4 7 3 6 0 13 12 10
16 14 10 2 0 0 0 8 12 15 13 5 0 9 0 0
0 0 13 0 12 15 0 5 0 0 0 0 14 4 16 7
4 0 7 9 0 0 11 0 0 0 8 0 0 15 0 5
