15 0 7 3 0 6 12 0 5 0 0 16 1 10 0 11
0 1 12 2 13 15 11 0 6 9 8 0 3 5 16 4
0 13 4 0 7 1 8 16 3 0 0 0 9 2 0 6
16 6 8 11 0 9 0 5 0 15 0 0 0 0 0 12
13 11 9 0 0 0 0 3 15 8 4 0 6 0 1 10
8 12 15 14 0 5 0 6 2 0 0 13 4 0 0 3
3 0 5 4 0 14 0 0 10 0 7 9 0 15 12 0
6 10 1 16 0 0 0 13 14 0 0 3 0 9 0 0
2 5 16 12 0 0 0 15 0 0 9 0 0 1 0 14
4 8 11 9 6 16 0 1 12 10 0 0 0 3 13 0
10 0 0 6 0 11 2 9 0 7 1 0 16 0 4 0
7 0 0 0 0 3 14 0 16 0 5 0 10 0 0 0
12 16 0 0 14 0 3 7 9 0 10 4 11 8 5 1
0 0 0 13 0 0 0 0 8 5 6 14 2 0 0 9
9 0 14 5 16 0 6 2 0 13 3 1 0 0 0 15
0 3 0 8 0 10 9 0 7 16 0 0 0 4 6 13
