4 0 0 7 0 0 0 0 8 0 0 0 15 1 0 6
9 2 5 15 0 0 8 4 1 12 10 6 16 0 0 13
0 8 0 6 9 0 0 0 0 15 0 7 10 4 5 12
14 12 0 0 0 1 13 0 4 0 0 9 0 11 0 8
15 3 0 0 6 12 4 0 16 14 0 0 0 0 7 9
0 0 13 12 0 14 9 0 5 0 3 2 0 15 8 0
0 0 4 2 13 7 0 8 11 0 1 0 0 16 12 0
8 14 9 0 10 5 3 11 7 4 0 15 2 6 13 0
0 0 2 0 14 10 6 7 0 0 16 0 12 0 15 11
7 9 0 14 3 16 5 0 0 13 6 11 0 0 1 10
3 11 0 1 12 0 0 13 10 8 0 0 0 0 16 0
16 15 10 13 0 8 1 9 14 0 4 0 0 2 3 0
0 1 0 0 2 6 0 5 15 11 0 8 0 12 10 0
12 16 0 0 4 15 7 3 0 10 0 1 0 0 11 2
11 0 0 5 0 0 0 12 0 2 9 0 1 14 0 15
0 10 15 3 0 9 0 0 0 5 13 0 8 7 6 0
