9 5 4 0 3 7 0 1 2 0 14 11 13 6 8 0
1 15 6 0 10 2 14 11 8 0 4 0 9 16 7 5
0 2 10 11 5 0 0 16 9 6 0 7 3 0 12 14
0 0 0 7 0 0 4 0 15 0 16 5 0 1 11 2
0 13 0 0 4 0 9 2 16 0 0 1 0 7 6 8
0 0 16 0 0 0 0 3 0 0 0 13 14 0 5 9
0 0 5 9 0 6 1 0 14 0 0 0 12 0 13 10
2 8 0 12 13 0 0 0 0 15 10 9 1 0 0 0
11 0 15 8 7 13 0 14 0 1 9 0 0 0 0 12
0 16 14 0 11 0 3 0 10 4 0 6 0 9 1 0
13 12 1 0 9 5 16 4 0 0 2 14 0 8 0 0
3 4 9 2 15 0 10 6 5 12 0 8 7 0 0 0
12 11 8 4 0 3 0 0 0 9 0 15 16 13 0 1
0 0 13 15 2 4 0 0 12 16 0 0 8 14 0 11
0 9 0 0 0 0 8 5 13 0 3 4 0 12 0 0
0 14 7 3 12 0 0 0 1 8 11 2 4 5 0 0
