9 4 14 0 0 6 5 7 0 0 0 15 0 0 0 0
11 0 6 0 9 15 0 4 0 13 10 2 0 0 7 16
7 3 16 0 13 8 0 0 12 6 0 0 15 0 0 14
0 1 0 2 14 12 0 0 0 3 7 0 6 0 9 0
12 0 15 0 5 7 8 0 3 4 13 16 11 2 14 1
8 7 0 14 12 9 0 0 0 0 0 1 0 0 5 6
2 0 0 16 4 1 6 14 0 0 0 0 7 15 0 10
0 5 1 11 2 0 13 15 0 0 8 14 3 9 12 0
0 0 0 15 6 10 0 1 11 5 0 7 0 0 3 8
6 10 0 0 11 3 12 9 2 14 16 8 0 4 15 7
3 12 8 9 16 0 7 0 0 15 0 0 0 5 2 11
14 11 0 4 8 2 15 0 0 1 0 12 0 6 0 0
0 16 12 7 0 0 9 8 0 0 0 0 0 14 10 0
4 0 0 0 0 13 0 6 16 0 12 3 9 1 11 5
0 14 0 0 0 0 16 0 0 0 15 13 4 0 6 12
0 0 11 0 10 4 2 0 7 9 0 5 8 16 0 15
