6 14 3 11 4 0 0 5 0 15 7 0 0 0 10 2
13 5 0 9 0 0 0 12 3 0 6 0 15 8 11 14
0 4 15 0 0 8 6 10 9 2 0 12 0 0 0 0
8 12 1 0 14 9 3 0 13 5 11 0 16 0 4 0
9 0 0 0 0 12 0 2 0 0 3 4 0 14 13 0
0 0 13 0 0 4 8 7 0 6 0 11 1 3 5 9
5 0 4 0 0 16 11 0 0 0 9 0 0 0 0 8
0 7 0 3 9 6 10 0 5 0 1 0 4 0 12 0
12 0 0 0 2 5 14 6 1 0 0 13 3 9 16 4
0 11 0 5 10 7 9 3 0 0 4 0 0 1 15 13
1 0 2 0 13 11 4 0 14 9 8 3 10 5 7 0
0 3 9 0 0 15 0 8 16 7 10 5 0 0 2 11
0 2 6 7 0 3 15 1 11 0 12 0 0 0 14 0
11 8 0 0 5 0 2 0 0 0 13 0 6 0 3 7
15 0 5 4 0 14 7 11 0 3 16 0 12 10 0 1
3 9 0 0 6 0 0 0 0 14 5 7 0 11 8 0
