16 1 11 13 0 0 9 0 5 14 3 0 0 10 7 2
0 5 0 0 2 13 0 0 16 9 0 10 14 0 11 0
12 10 15 3 0 1 14 0 2 7 0 11 0 0 0 0
7 14 0 9 15 0 10 0 8 0 1 12 0 0 4 3
13 4 3 0 16 7 11 0 0 5 10 0 1 12 0 8
5 0 7 6 1 14 15 10 0 4 0 0 2 3 0 16
1 8 0 14 5 0 0 2 0 3 0 0 10 0 0 11
15 0 0 12 0 6 13 8 1 0 0 0 4 0 14 0
3 0 14 0 8 9 0 11 6 15 4 2 12 7 10 1
0 7 0 1 13 0 6 0 10 0 9 0 0 0 8 0
6 0 9 0 7 0 1 0 0 0 0 14 11 0 0 0
2 0 8 10 14 3 16 12 0 0 5 7 13 9 6 4
14 6 0 0 0 15 8 1 0 0 0 3 0 11 0 0
10 16 1 7 11 12 2 0 4 0 0 5 0 0 0 15
9 3 0 0 0 0 0 0 7 0 12 0 8 0 2 6
8 2 0 11 6 0 3 7 0 10 0 15 5 0 1 13
