2 10 8 15 0 3 0 0 4 7 0 16 0 11 1 0
3 14 0 0 0 1 0 9 6 10 8 5 7 4 15 0
9 12 11 0 16 0 7 4 15 14 13 0 3 8 10 5
4 0 7 5 0 0 6 15 3 0 0 11 0 0 0 0
0 0 0 12 0 0 0 0 10 0 0 14 0 0 4 0
0 0 0 4 0 14 1 0 8 12 0 13 2 3 0 0
5 0 1 0 9 8 12 16 0 4 0 0 0 10 13 15
0 0 2 13 0 0 10 7 11 0 0 0 14 6 0 1
7 4 0 3 6 0 15 0 12 8 0 0 0 13 0 0
0 15 12 0 13 0 0 10 0 3 6 0 4 9 2 0
13 11 5 0 2 0 0 0 0 0 15 10 6 7 8 14
0 0 16 10 7 0 8 5 13 11 14 0 0 0 3 0
12 13 15 0 0 6 3 8 1 0 11 0 0 0 0 4
14 0 3 0 1 5 9 0 7 15 0 8 10 12 0 13
0 9 4 2 11 0 13 0 0 6 16 3 0 0 7 8
8 5 0 1 4 7 16 0 9 13 10 12 0 2 11 3
