9 2 0 0 10 0 0 3 14 6 8 0 0 0 15 0
0 5 14 8 0 4 11 0 0 0 1 0 6 16 10 0
0 6 0 1 14 8 15 2 10 9 16 4 11 12 0 3
0 0 4 10 12 13 0 16 11 7 0 0 0 8 9 14
8 0 7 0 0 10 0 11 9 0 0 1 3 5 4 0
0 12 0 0 15 0 8 0 0 13 0 11 14 0 0 9
0 0 3 14 5 9 0 6 16 0 15 0 0 2 0 12
0 11 9 6 0 0 0 12 3 10 0 0 8 0 0 15
5 0 8 0 0 7 1 0 0 2 0 0 10 0 13 16
1 9 12 2 0 0 0 0 7 0 14 8 0 0 3 11
0 16 10 0 0 5 0 0 13 0 0 0 12 9 14 0
11 0 15 4 16 0 14 9 1 0 0 10 7 0 0 0
13 8 0 16 6 15 0 5 2 0 0 14 9 3 12 4
0 0 5 15 1 0 9 13 0 12 6 3 16 14 8 10
14 10 6 12 0 16 3 4 5 15 0 0 2 11 1 0
3 0 0 0 7 0 12 14 0 11 0 0 15 0 6 5
