16 14 0 0 10 13 0 5 11 2 15 6 12 7 0 3
3 0 10 2 0 1 0 9 13 0 16 4 5 0 11 6
5 13 0 0 4 12 15 0 0 14 9 3 8 2 0 16
0 0 8 1 0 3 16 0 10 7 0 12 4 9 0 0
0 0 3 0 0 0 0 8 0 12 2 0 11 4 0 0
0 16 14 15 12 9 0 0 0 3 0 1 2 5 0 10
2 7 12 5 15 0 0 0 0 0 8 13 0 0 3 1
0 11 0 8 0 2 3 14 0 10 7 9 13 12 0 0
0 0 0 6 0 0 0 12 0 5 10 14 0 0 0 0
11 15 0 14 9 7 0 0 8 0 0 0 0 13 0 12
0 0 0 16 6 8 4 0 12 1 0 15 7 0 2 9
9 8 13 0 0 0 14 0 7 4 3 0 10 0 0 0
0 9 7 11 5 6 0 16 0 0 0 0 0 3 0 2
8 5 0 13 7 0 12 3 2 6 14 10 16 1 9 4
0 1 6 3 0 4 2 15 0 9 11 5 0 10 7 13
0 2 16 0 1 14 9 0 0 0 12 0 0 0 5 0
