4 3 16 10 0 0 11 14 1 0 0 15 0 8 5 6
14 0 0 15 0 0 0 0 2 5 16 7 0 12 0 1
7 11 0 1 6 9 10 0 3 0 0 0 16 0 13 0
5 0 8 13 0 1 0 7 0 0 0 0 0 0 0 9
0 13 4 8 1 6 0 10 0 0 12 0 15 9 0 0
0 10 0 14 0 7 0 0 9 4 0 8 2 0 0 11
2 16 0 12 14 0 0 0 6 7 5 0 0 10 3 0
6 9 7 11 12 15 5 8 0 2 0 10 0 0 16 14
16 7 10 0 5 8 0 1 0 0 9 2 0 0 0 0
8 5 0 9 7 0 4 6 0 0 1 16 0 11 2 10
12 15 0 4 11 10 0 2 5 13 8 3 6 16 0 0
0 0 11 2 0 3 16 15 12 10 7 0 5 0 8 4
15 0 0 3 4 2 7 12 0 14 0 0 0 5 6 16
0 4 0 0 10 5 8 9 16 0 2 0 0 0 0 12
0 12 0 16 0 14 1 11 15 3 4 5 8 7 10 0
0 8 2 0 0 16 6 0 0 0 0 12 0 14 0 0
