0 10 3 0 13 0 14 0 0 8 2 5 12 0 0 9
0 0 11 0 3 4 0 0 10 0 12 9 16 0 6 0
9 4 8 0 6 1 0 12 11 3 0 0 13 2 5 15
14 0 12 2 5 9 11 8 13 0 6 15 0 3 0 7
0 0 2 14 0 10 0 1 0 0 5 0 0 12 16 4
7 0 10 0 15 0 0 0 0 1 0 0 0 11 9 2
0 0 0 0 8 16 0 0 2 14 9 12 15 0 0 5
0 0 5 9 0 2 0 11 0 0 10 3 0 8 0 1
0 12 6 4 10 0 0 14 16 2 11 0 9 0 7 3
0 14 0 5 0 6 0 4 3 15 0 10 0 16 12 11
3 7 0 0 12 0 16 9 6 5 1 13 4 10 2 0
11 2 16 10 7 0 5 0 9 0 4 14 1 6 15 13
2 8 4 6 0 5 9 0 12 0 0 0 11 1 14 0
0 0 0 1 4 3 0 0 0 6 16 0 7 13 8 0
0 0 7 0 0 0 12 0 0 0 0 2 0 0 4 0
16 5 13 12 11 0 0 7 0 10 15 0 2 0 0 6
