15 6 16 12 0 1 5 0 2 0 0 14 3 0 0 0
0 7 5 10 15 16 6 14 0 0 0 0 12 13 9 4
1 0 9 8 0 11 0 0 15 4 12 10 14 0 5 0
0 3 0 0 9 0 0 10 5 16 13 0 0 7 0 15
14 11 0 0 7 0 2 0 9 0 0 0 0 0 6 1
0 10 0 9 0 0 13 1 4 14 0 8 0 3 0 11
12 0 0 6 16 0 10 4 11 0 0 0 8 14 0 9
8 4 0 3 14 15 11 0 0 0 0 7 10 0 0 0
5 14 0 7 0 10 0 11 8 0 0 13 0 0 4 12
9 15 13 0 0 14 4 6 0 10 2 11 7 5 1 8
10 0 12 0 5 13 9 2 6 0 4 16 11 15 0 14
0 0 0 4 8 0 7 0 1 3 0 5 0 0 10 16
0 16 11 0 0 9 0 0 14 0 0 0 0 0 8 7
0 0 0 0 13 4 0 3 0 0 0 0 5 10 16 0
3 9 4 0 0 7 14 16 10 2 0 12 6 1 15 13
7 0 0 15 6 2 8 0 13 5 16 4 9 0 14 3
