0 0 16 0 0 0 7 6 8 15 0 10 0 13 0 0
2 11 7 1 0 0 0 3 0 9 0 6 0 0 12 0
10 0 14 9 12 0 0 0 5 1 11 7 3 16 2 6
0 15 0 12 14 0 0 0 0 0 13 0 0 4 7 0
0 0 0 0 16 10 1 0 13 0 9 2 0 14 0 0
0 9 2 10 5 0 0 15 0 14 0 0 13 1 4 0
8 3 6 4 0 0 0 14 0 7 5 1 0 10 16 12
14 16 1 13 6 0 0 0 12 11 0 0 0 5 0 15
13 0 5 0 8 9 14 0 2 0 7 12 0 0 15 0
0 2 3 14 0 0 0 5 9 0 1 15 12 11 8 10
12 6 4 8 15 3 2 16 0 13 14 11 0 0 1 0
9 7 0 15 0 0 12 11 0 5 16 8 14 0 13 2
5 8 9 0 4 1 16 13 0 0 6 0 0 7 10 0
0 14 12 0 0 8 6 0 0 0 0 13 11 2 0 0
0 4 0 16 0 11 5 12 7 10 0 9 6 8 0 0
0 10 0 6 0 14 15 7 1 8 3 5 0 12 0 16
