0 10 1 0 0 8 7 0 4 6 13 11 15 14 16 0
11 16 5 7 14 0 6 0 9 1 2 3 12 0 0 4
0 0 0 0 16 0 13 0 0 0 8 15 0 11 2 3
0 13 2 0 9 3 4 11 0 0 0 12 1 0 0 0
7 9 6 4 5 0 0 8 0 15 12 16 0 0 0 0
8 3 15 1 0 0 16 0 5 0 14 0 7 0 0 6
0 12 14 0 15 0 9 6 1 4 11 13 2 0 0 8
2 11 13 5 0 12 14 3 0 0 10 0 4 9 0 16
1 15 0 0 8 6 0 0 13 11 0 10 14 7 0 2
0 0 7 13 10 9 0 14 15 0 16 0 6 3 11 0
14 6 3 2 0 15 11 0 0 0 0 1 13 0 8 9
5 8 0 0 13 2 3 0 0 9 6 0 0 0 4 0
13 0 9 0 0 0 0 0 8 0 0 6 5 0 0 14
0 1 12 0 0 5 8 0 2 0 0 4 0 16 0 0
3 2 11 0 12 14 0 7 0 16 0 5 8 4 9 0
0 5 0 0 6 0 1 13 11 0 0 14 3 2 7 10
