0 9 0 0 13 6 0 1 15 12 2 3 11 5 10 8
0 5 8 0 10 0 16 4 14 0 7 11 0 0 0 0
1 6 0 0 0 15 11 12 8 0 10 13 0 0 16 0
10 0 13 0 7 0 5 8 9 0 0 6 14 12 3 1
0 4 0 5 0 16 10 7 13 3 6 0 15 0 9 0
15 16 7 11 5 3 0 13 0 0 0 0 1 0 0 0
0 13 3 0 4 0 0 0 7 0 5 15 8 16 0 2
14 12 0 0 15 8 0 11 0 0 0 0 5 0 0 0
0 8 4 0 11 12 1 0 5 13 3 0 0 14 2 15
12 0 10 0 0 13 8 14 0 4 15 0 0 9 0 6
13 15 0 0 2 0 0 3 0 0 0 7 12 0 8 16
2 14 5 0 0 7 0 15 16 10 0 8 13 0 1 0
16 0 9 0 12 14 3 0 0 7 11 10 6 0 0 0
5 0 15 0 6 11 0 16 4 0 9 12 0 0 0 3
0 10 0 0 1 0 15 2 3 6 14 0 0 8 11 5
11 3 0 0 8 10 0 9 0 15 13 5 16 2 12 0
