0 12 7 14 8 0 11 6 0 4 10 9 15 13 0 5
6 13 0 2 1 5 0 16 0 8 15 11 10 7 0 12
5 3 9 10 0 7 4 0 14 0 0 0 0 11 0 0
8 15 0 0 10 9 12 0 7 5 1 0 6 0 4 0
0 0 13 0 0 4 8 1 10 16 11 0 9 3 0 2
0 0 0 6 0 0 0 0 13 7 12 0 8 0 0 1
0 10 1 16 11 12 0 0 5 9 2 0 0 0 0 0
0 0 8 0 7 15 16 14 6 1 0 4 0 0 5 0
2 0 14 3 15 0 1 0 8 0 7 5 12 9 0 10
11 8 0 0 9 13 0 5 0 10 16 3 14 2 6 4
0 6 12 9 2 0 0 11 0 14 4 1 0 8 3 13
0 0 10 4 14 0 3 0 11 6 9 2 7 1 16 15
10 0 0 0 4 11 6 0 2 0 0 0 3 0 0 14
0 0 6 15 0 2 9 0 0 0 0 7 0 0 0 8
3 0 2 0 16 0 0 13 1 0 8 0 11 0 10 0
0 14 0 0 12 0 0 0 9 3 0 10 0 4 7 6
