7 9 13 0 5 0 0 4 2 11 15 12 0 10 14 8
0 5 14 15 10 0 16 8 6 0 13 0 9 0 11 0
10 0 0 0 1 0 7 11 16 0 0 5 0 0 0 13
2 16 3 11 0 15 14 12 0 4 8 9 0 0 1 0
15 6 0 3 0 7 8 10 13 5 0 0 1 14 0 4
8 10 0 0 0 5 9 0 1 3 14 0 2 7 6 15
0 7 1 14 0 4 2 6 8 0 0 15 0 0 0 11
5 0 4 16 14 1 0 15 7 10 11 6 0 13 8 0
0 1 0 4 9 0 11 14 0 0 16 10 8 2 15 7
16 3 15 0 8 12 0 1 11 0 0 0 0 0 4 0
0 13 7 0 0 16 4 2 0 0 0 0 0 1 5 12
0 0 0 8 7 0 0 5 4 12 6 1 13 11 3 16
0 0 16 0 0 14 10 9 15 0 5 0 0 0 13 1
1 0 0 0 12 0 6 0 0 0 4 3 0 0 0 2
0 0 0 0 0 8 0 3 0 7 1 13 0 16 0 0
3 15 12 0 4 0 0 0 0 6 10 2 5 8 0 0
