0 1 4 12 0 11 5 9 0 8 0 10 13 14 3 15
8 0 9 0 3 6 0 0 0 4 0 0 0 7 0 10
10 7 0 0 0 2 0 0 0 3 0 0 4 16 0 0
0 3 16 0 7 15 10 0 0 12 2 13 0 9 0 8
1 0 12 0 9 0 4 5 0 13 0 0 15 2 11 0
9 13 5 0 12 0 15 0 2 0 0 4 6 8 10 1
0 0 0 2 14 0 0 8 15 1 11 12 9 3 5 13
0 11 0 0 0 0 2 1 10 0 5 0 14 4 12 0
13 16 0 4 15 0 11 6 1 0 12 8 0 0 7 0
12 0 14 10 0 1 9 0 0 5 3 15 8 11 0 4
15 9 3 0 0 5 0 13 0 0 10 16 2 12 0 6
11 8 0 0 10 4 0 3 13 0 6 2 0 1 0 0
0 0 8 0 11 0 13 10 14 2 0 7 0 6 0 0
0 0 1 0 0 0 14 15 12 10 4 3 7 0 16 0
0 14 0 11 4 12 3 0 0 0 0 0 1 0 0 2
5 0 13 7 1 9 6 0 8 15 16 11 3 0 0 14
