0 12 0 7 0 0 0 3 10 0 0 11 13 0 15 0
15 10 4 0 0 0 0 11 0 14 0 1 9 0 12 5
2 0 0 0 0 5 0 12 0 0 13 7 4 0 0 1
0 0 5 0 10 0 0 4 15 12 9 0 0 0 0 0
0 11 1 0 0 2 12 0 0 0 14 3 8 0 5 16
16 5 0 0 6 0 15 8 11 0 0 9 0 1 14 0
0 6 0 0 0 4 11 14 8 10 1 5 12 15 2 7
8 0 7 0 0 0 0 5 4 16 2 12 0 13 0 0
0 0 13 0 11 3 5 6 14 0 4 10 16 0 8 12
14 0 12 6 0 0 10 7 5 11 16 0 15 3 0 9
5 0 16 8 0 0 2 15 0 0 0 13 0 11 7 10
0 7 0 11 14 8 9 0 2 1 12 15 0 0 6 0
4 1 8 0 13 0 0 2 0 5 11 0 0 0 9 6
6 9 14 0 0 0 16 10 0 3 8 4 0 7 13 15
0 16 11 10 0 0 7 9 13 2 15 0 1 5 0 0
7 13 0 5 3 0 4 1 0 9 10 6 2 14 0 8
