16 11 13 0 0 8 4 1 0 5 0 14 10 0 12 6
0 9 0 4 12 0 6 0 3 0 0 0 14 2 13 1
0 0 7 0 5 0 0 10 0 1 2 12 0 16 4 0
1 3 12 15 2 0 11 14 0 0 6 0 9 8 5 7
0 0 1 7 11 0 12 0 0 0 0 0 16 0 3 0
0 5 2 11 16 6 3 0 8 0 10 7 13 0 1 0
9 12 8 13 0 1 10 5 14 16 0 6 15 7 11 2
3 0 4 14 0 0 0 15 0 2 11 0 0 0 6 10
0 1 11 12 15 10 16 3 6 0 14 13 2 0 0 5
0 0 9 16 0 11 0 4 5 3 12 0 0 0 7 0
4 6 0 3 13 0 7 0 0 9 16 0 8 0 0 14
14 0 0 5 0 9 0 6 0 7 4 1 0 12 0 11
0 0 14 0 10 0 0 0 0 13 0 0 5 6 0 16
0 7 0 10 0 2 0 0 0 0 0 15 0 11 14 9
0 15 6 0 14 12 0 13 16 4 0 8 7 10 2 3
0 2 3 0 0 4 0 16 0 0 7 11 1 13 0 0
