0 0 8 7 12 6 11 0 14 9 3 0 0 5 15 2
0 13 0 2 10 0 1 9 4 0 5 15 16 0 0 12
15 6 0 14 3 16 5 7 2 12 0 13 11 10 8 4
0 0 10 0 14 15 0 0 7 0 8 16 13 0 0 3
10 14 11 3 8 0 9 15 13 7 12 0 0 2 0 0
9 0 13 8 0 10 0 0 0 0 0 1 3 11 0 7
0 2 15 6 7 1 12 16 0 3 0 0 8 0 0 10
0 0 12 0 11 0 13 6 0 2 0 8 0 4 5 14
8 0 7 0 0 0 0 12 0 10 0 2 14 0 0 0
0 10 0 0 0 0 0 0 16 0 7 0 0 6 4 11
0 5 6 0 0 9 0 1 8 14 15 12 0 0 0 13
16 0 2 1 0 0 0 5 6 0 11 0 9 0 10 8
14 8 1 0 2 5 15 4 0 13 0 0 0 3 7 0
13 3 4 10 9 0 6 11 1 0 14 7 0 0 0 5
2 0 16 12 0 13 3 8 0 0 9 0 0 0 0 0
0 11 5 15 0 14 7 10 3 0 2 4 12 1 0 0
