0 12 7 9 0 13 0 5 15 6 0 10 0 0 0 14
0 0 13 0 11 2 15 10 0 3 12 0 4 0 7 0
16 5 0 3 0 12 6 0 0 14 0 0 2 0 0 15
15 11 4 6 8 3 9 0 5 2 7 0 13 0 0 16
13 6 8 11 5 15 0 2 0 12 0 0 7 10 4 3
12 0 0 0 0 6 0 13 0 8 10 0 11 15 0 0
10 1 15 0 7 8 11 3 2 0 0 14 12 5 13 0
3 0 0 7 0 0 10 0 0 0 15 0 0 2 14 0
0 8 16 10 3 14 0 9 0 1 0 13 15 11 0 6
4 3 0 0 15 16 0 0 11 7 9 0 0 8 12 10
1 7 11 0 0 4 0 12 8 10 0 0 16 0 0 13
6 9 12 13 0 0 8 1 0 0 0 2 14 7 5 4
0 0 0 0 0 10 2 4 0 0 3 7 0 13 6 12
9 0 0 0 0 5 0 8 0 11 2 4 10 14 0 0
14 0 2 8 6 7 0 15 10 0 5 12 0 0 3 0
7 0 3 0 14 0 0 11 6 0 0 15 0 0 1 2
