9 10 0 0 13 0 1 2 8 16 0 4 7 0 0 15
4 1 5 11 12 0 16 15 0 13 0 7 9 0 10 8
14 15 0 12 8 0 0 0 11 1 0 0 3 5 13 16
16 0 8 0 5 0 0 10 0 15 12 0 14 2 1 4
0 8 14 15 6 12 0 9 4 2 7 16 10 0 5 0
0 0 16 5 0 7 10 8 1 0 9 13 12 0 0 14
12 13 1 10 11 0 0 16 0 6 0 0 0 9 0 0
11 6 0 7 14 0 0 0 0 12 0 10 2 8 16 13
5 0 12 0 0 10 2 4 6 0 0 14 11 0 0 0
1 0 13 2 7 0 0 0 9 0 16 8 0 4 12 0
15 0 10 3 0 8 12 11 13 5 4 2 6 1 7 0
0 9 7 0 0 13 0 3 12 0 15 0 0 0 14 0
10 5 0 1 4 16 8 12 0 9 0 0 0 14 2 11
0 0 0 16 3 0 0 0 5 0 0 15 0 0 0 12
0 0 0 0 2 11 0 5 10 8 0 0 16 0 3 0
0 3 0 9 0 6 0 0 16 4 2 12 0 0 0 5
