9 0 0 0 0 2 0 15 0 0 8 4 0 0 13 0
0 2 15 1 6 0 4 16 14 0 0 0 10 0 8 5
11 12 0 0 7 3 1 10 13 0 9 5 15 0 0 0
0 0 7 10 0 0 0 0 0 15 2 12 0 3 6 1
0 0 0 2 15 5 7 0 0 1 0 13 0 16 0 8
0 0 14 0 0 0 2 0 3 0 0 15 0 11 9 0
1 0 0 0 16 0 3 12 5 8 14 0 0 0 0 2
3 16 12 15 0 8 14 0 4 9 7 2 6 5 0 13
14 1 8 0 0 0 0 4 6 0 13 16 9 7 0 0
7 9 11 13 3 0 0 14 8 4 15 0 0 0 0 10
0 5 2 6 13 0 0 0 7 14 0 3 0 0 0 16
0 4 3 16 5 7 6 8 12 2 0 0 0 0 15 14
0 15 0 4 12 9 13 3 0 7 16 14 5 10 0 6
12 7 0 5 1 14 10 0 15 0 4 6 8 0 0 11
16 0 0 11 0 15 0 6 0 12 1 8 3 14 7 0
2 0 0 14 0 0 16 7 9 13 0 10 12 0 1 15
