0 0 10 11 14 0 6 16 1 3 8 0 0 2 13 15
0 0 0 0 7 11 8 0 10 2 15 0 9 3 5 0
0 12 0 0 5 0 0 0 6 0 9 13 0 7 0 4
5 2 0 1 0 15 10 13 12 0 7 0 8 0 0 16
8 0 12 5 11 13 0 0 0 0 2 0 0 0 3 0
0 0 7 0 4 0 14 0 5 6 12 0 15 0 11 0
1 0 6 4 12 3 0 2 11 15 13 8 16 9 0 10
2 11 16 15 6 8 1 0 0 10 14 0 0 13 12 5
12 1 0 6 0 14 4 0 3 0 0 9 7 10 15 8
11 8 15 7 1 10 13 0 4 14 16 0 0 0 9 0
4 0 5 3 8 12 2 0 15 7 0 0 0 0 0 13
0 0 14 0 0 9 7 3 2 8 0 0 0 5 0 0
10 0 11 0 3 0 0 14 7 5 4 16 0 0 8 0
3 0 1 8 13 0 12 15 14 9 6 0 0 0 0 0
0 0 0 16 0 1 11 8 13 0 10 0 3 4 14 0
0 6 0 12 10 0 0 0 8 0 3 0 5 0 2 9
