11 0 2 6 0 12 7 0 1 5 14 3 13 0 15 16
7 1 0 16 3 0 0 0 8 15 0 0 14 2 0 0
0 0 5 13 0 4 6 0 0 0 0 0 0 0 3 11
3 12 0 8 14 15 0 0 11 13 0 7 4 5 6 9
0 7 15 0 6 0 0 0 0 8 0 0 2 9 0 0
12 11 6 0 0 8 16 0 0 0 5 14 3 10 7 1
8 0 0 1 4 9 13 5 12 2 7 0 6 14 0 15
5 0 0 4 1 7 0 10 0 9 6 0 0 12 0 13
4 0 0 5 13 16 0 0 0 7 2 0 0 15 1 6
9 6 0 15 5 2 8 1 4 0 3 16 0 7 12 14
16 0 7 0 15 10 0 0 0 0 0 0 0 3 13 0
2 10 1 0 0 6 3 7 0 14 13 0 0 16 8 0
0 0 0 2 9 0 0 6 7 16 0 0 12 0 0 3
0 0 0 14 0 5 0 16 9 3 8 11 1 6 2 7
0 0 11 7 8 1 4 0 14 12 0 0 0 13 5 10
0 16 0 3 7 14 2 0 5 0 10 0 15 0 0 0
