3 5 12 2 0 8 0 0 0 0 9 0 10 7 6 0
4 0 16 8 0 14 10 15 6 2 0 0 12 9 0 1
14 0 7 13 9 6 0 0 0 0 15 10 11 16 8 0
0 0 0 0 4 0 5 0 0 0 7 0 0 0 2 3
0 0 3 7 15 0 0 0 10 0 0 0 0 0 16 0
0 13 14 0 2 7 9 4 1 16 11 0 8 0 3 12
2 8 0 0 12 0 6 5 13 3 14 9 4 0 0 0
5 0 0 4 0 10 0 0 12 0 2 6 9 1 11 0
0 4 8 0 14 3 16 9 0 13 6 12 5 0 7 10
0 0 0 3 5 0 7 10 0 9 16 2 15 4 1 8
9 2 10 16 6 4 12 0 15 5 0 7 0 0 14 0
13 7 5 14 0 2 15 0 0 10 4 3 16 0 12 9
0 0 0 0 0 0 0 12 2 0 13 14 7 0 9 0
8 3 4 0 0 5 2 0 0 15 10 0 1 0 13 0
0 6 2 12 13 0 0 0 0 1 5 4 0 11 0 0
15 14 0 0 0 9 11 7 3 6 12 16 2 0 0 0
