0 0 0 0 0 0 13 3 7 0 12 15 0 2 1 0
0 7 6 5 0 12 0 15 0 0 0 13 11 8 0 0
2 13 16 0 8 9 0 0 10 0 0 0 3 5 4 0
0 11 0 1 4 0 14 5 8 3 16 0 0 12 10 0
6 0 2 7 10 8 15 14 13 9 11 0 0 1 16 3
1 0 0 11 16 0 7 2 0 8 0 14 10 0 9 5
9 0 0 14 6 0 3 0 0 0 1 5 7 15 0 2
13 4 0 16 0 0 5 0 2 0 10 0 0 14 8 0
0 2 3 15 14 0 11 0 12 0 0 4 0 0 0 9
8 0 10 6 9 0 1 16 14 15 13 2 0 11 0 4
0 14 13 9 2 0 4 12 0 0 0 0 16 3 15 0
5 1 7 4 0 15 8 0 11 16 0 9 12 0 0 14
7 0 14 0 15 10 0 8 5 0 0 11 0 9 3 0
10 0 5 0 3 0 2 0 0 12 15 0 14 0 6 13
0 15 0 3 0 0 12 13 9 0 0 16 2 0 11 10
0 16 11 0 7 0 9 1 0 6 2 0 15 0 0 8
