14 11 0 0 6 7 13 10 0 0 15 0 0 1 4 0
6 0 12 0 8 0 5 0 0 0 11 0 13 16 3 15
0 15 10 0 3 0 2 4 13 9 12 0 14 5 7 6
1 4 13 5 15 0 0 0 0 0 0 0 0 0 0 0
10 0 7 6 9 0 0 0 0 0 0 14 15 13 2 4
0 5 1 9 0 15 0 11 0 13 0 6 7 12 0 3
3 0 14 0 7 13 0 2 0 15 0 0 0 11 6 0
11 13 0 15 1 6 10 0 7 12 0 0 0 0 9 5
15 8 5 11 2 0 0 12 16 14 9 4 6 0 1 0
0 0 0 0 5 0 8 9 0 0 6 0 2 15 0 14
0 10 0 0 11 0 0 7 0 2 0 15 9 4 5 8
0 0 9 14 0 0 6 15 0 5 0 8 3 0 0 11
9 1 3 12 10 8 15 5 0 0 0 0 0 0 14 2
13 0 8 2 4 9 11 6 0 1 10 0 0 3 15 16
0 14 15 4 0 3 0 13 0 6 2 11 0 8 0 12
16 6 11 0 0 0 0 14 15 0 5 3 4 9 13 0
