0 0 0 0 0 0 0 7 0 10 0 0 0 0 16 0
0 11 15 0 10 13 4 1 3 0 2 8 5 6 14 7
0 0 1 16 12 5 3 0 6 0 15 11 8 2 4 0
6 14 0 0 2 8 0 0 1 0 0 13 0 11 12 0
16 10 0 7 1 12 0 0 9 14 0 2 0 15 0 0
8 0 11 3 0 0 0 16 0 5 0 12 14 10 0 2
1 0 2 12 0 0 0 4 0 0 13 0 0 0 0 16
15 9 14 13 8 7 2 3 0 6 10 0 0 0 0 0
0 0 0 6 0 0 7 13 14 0 0 0 12 3 0 11
5 0 0 0 15 4 14 9 0 0 6 7 0 16 0 8
10 0 7 4 11 0 12 8 16 1 0 0 13 0 2 14
11 0 0 0 3 16 10 0 8 12 9 0 6 4 7 5
3 0 12 1 13 2 11 0 15 7 0 0 0 0 8 0
13 2 0 0 0 14 1 5 0 8 12 0 0 7 3 4
14 7 9 15 0 3 0 0 2 13 11 6 16 5 0 1
0 8 16 10 7 9 0 6 0 3 14 1 0 12 11 13
