13 11 0 6 0 0 14 12 10 16 2 1 4 0 0 5
10 0 12 15 8 0 6 0 0 5 13 4 0 9 14 0
0 16 4 2 1 0 5 0 12 9 11 8 6 0 7 3
5 8 1 0 0 0 16 10 0 3 0 6 0 0 2 11
8 5 0 12 0 0 0 0 4 0 9 2 13 7 10 6
16 2 10 0 0 0 0 8 6 0 5 7 9 1 11 0
9 4 11 14 5 0 0 1 8 10 0 13 3 12 15 2
0 15 6 0 2 10 0 13 0 14 0 0 8 0 0 0
0 10 16 5 0 0 0 0 13 2 0 12 0 14 0 0
2 13 0 0 16 5 0 0 1 0 0 0 11 0 12 0
0 1 0 4 12 11 2 0 5 8 0 0 10 3 0 13
0 0 0 3 0 0 0 14 0 11 7 0 0 5 0 0
0 9 0 11 15 0 0 0 0 7 0 3 14 6 1 10
1 7 15 0 10 12 0 2 9 0 6 0 5 0 3 8
4 0 5 10 11 0 8 3 16 0 1 15 7 0 0 9
0 0 2 8 9 7 1 6 0 13 0 5 0 0 0 0
