2 13 0 0 0 16 1 3 0 11 12 6 8 7 0 0
0 10 12 0 0 15 8 6 0 7 14 4 0 0 5 1
0 8 15 0 0 10 4 0 0 5 0 0 2 0 3 6
11 3 1 0 0 13 0 5 16 8 2 15 0 0 10 4
14 5 0 3 8 0 0 10 0 0 0 7 1 15 0 0
0 9 6 8 0 3 0 7 0 0 10 1 0 5 12 0
4 7 16 2 0 11 5 0 8 12 15 14 10 6 13 0
0 0 0 0 6 4 15 14 0 3 0 0 16 0 0 0
16 12 5 1 4 8 0 0 0 9 6 3 15 10 0 7
0 4 0 0 5 0 0 1 0 16 7 0 0 12 2 8
0 0 0 11 10 7 3 15 13 4 8 12 5 0 0 0
0 0 0 0 0 9 0 0 0 1 0 0 0 3 6 13
0 0 2 0 0 0 13 4 11 15 0 8 6 9 14 0
1 11 0 4 0 5 0 8 12 0 3 9 0 2 0 16
12 6 8 0 15 14 9 16 0 0 4 0 0 11 0 5
10 0 3 9 11 0 0 2 5 0 13 16 7 4 0 12
