0 7 9 0 0 12 16 0 15 0 10 14 0 5 2 0
0 0 0 0 0 0 15 8 6 9 7 0 16 14 4 12
0 16 0 13 7 5 0 11 0 2 12 0 9 6 1 10
0 12 14 2 0 4 0 0 0 11 1 0 3 8 0 15
0 5 0 0 0 3 7 0 0 1 2 10 8 13 0 9
4 3 11 0 0 9 0 0 0 0 0 0 0 7 0 2
0 13 0 9 0 11 8 0 0 6 15 7 5 0 0 4
0 10 8 12 0 15 2 13 0 5 11 9 6 0 0 16
8 0 10 0 0 0 5 0 2 16 3 15 12 11 6 7
2 6 0 0 8 0 10 15 11 13 0 0 0 9 16 14
0 0 0 0 0 0 11 16 9 12 0 6 0 10 3 5
5 0 16 11 0 2 12 3 10 7 14 0 0 15 8 1
0 2 5 7 15 0 4 0 0 3 0 12 1 0 13 11
0 8 3 0 0 0 9 14 1 0 0 2 0 4 5 6
0 0 0 4 0 0 0 7 16 0 9 5 10 2 15 3
1 0 0 0 5 0 3 2 7 10 0 0 0 0 9 8
