3 1 0 2 14 9 0 0 0 13 5 0 0 7 12 15
15 6 0 9 0 10 13 0 3 16 14 12 0 0 1 11
0 0 0 0 12 0 6 2 0 10 1 9 13 8 5 3
0 5 0 11 0 3 16 0 7 4 8 2 9 10 14 6
0 10 0 6 0 4 14 12 16 0 0 0 0 13 7 0
0 16 0 15 0 0 7 6 9 1 12 10 0 0 3 0
13 0 0 12 0 15 3 0 8 7 11 0 0 0 10 0
1 11 0 0 10 8 9 0 13 0 0 6 0 14 0 12
4 0 11 16 0 0 0 13 12 2 9 0 14 5 15 7
0 8 0 0 16 0 11 0 5 15 0 4 12 9 6 0
5 13 12 14 0 1 0 9 0 6 7 3 0 2 8 0
6 0 0 1 0 12 0 7 0 0 16 0 0 0 0 13
7 14 6 5 0 0 1 11 2 9 0 0 3 0 4 8
16 15 0 0 0 13 0 0 14 0 6 0 5 1 9 0
0 12 0 0 9 2 4 14 1 0 0 5 7 0 0 0
9 2 1 8 0 7 5 0 0 0 0 0 11 15 13 0
