12 10 0 0 6 0 3 8 0 0 1 2 0 0 15 0
0 7 5 2 10 15 0 0 11 3 0 16 14 0 0 0
15 9 0 3 16 11 0 14 0 10 5 13 7 2 12 0
0 0 8 14 9 13 5 2 7 12 0 0 3 10 0 4
0 0 0 11 0 0 14 16 15 0 0 0 5 0 8 13
0 14 2 0 11 6 12 1 0 0 13 7 10 9 0 0
0 6 13 7 5 4 10 15 12 0 9 3 11 0 0 2
5 0 0 0 7 9 0 13 14 0 10 0 0 0 4 6
7 0 16 10 14 5 0 0 0 4 2 8 9 0 0 12
6 2 1 9 0 0 11 0 16 0 3 0 0 14 5 0
11 13 14 8 0 16 15 0 0 0 12 0 0 0 3 10
0 4 0 0 8 0 0 9 10 7 0 0 1 16 0 0
16 3 0 6 0 1 0 0 8 0 4 10 12 0 0 0
10 8 9 0 15 0 2 5 13 6 16 1 4 3 7 11
0 0 0 1 4 8 0 6 0 0 0 0 16 0 0 9
14 0 4 13 0 0 16 0 2 15 7 9 0 8 1 0
