0 0 0 8 0 9 16 3 0 0 2 0 13 0 0 11
0 14 0 7 6 15 0 0 16 0 0 11 8 2 10 9
16 3 0 10 5 0 14 2 1 8 0 0 0 0 7 0
13 2 0 11 0 1 4 0 15 6 0 12 5 3 0 16
0 10 0 5 14 13 0 15 2 0 11 0 0 7 16 1
8 0 7 0 4 12 0 10 0 15 1 0 2 14 0 13
6 0 0 14 8 0 2 0 13 16 12 0 4 10 0 0
2 12 13 0 1 5 9 0 4 0 10 7 11 0 0 6
14 13 2 0 15 0 0 4 0 0 6 0 16 5 11 3
0 11 0 4 9 6 7 0 0 0 15 16 0 0 0 2
0 8 15 0 0 16 3 5 0 0 4 2 14 0 0 0
0 0 10 0 12 0 0 1 11 0 0 14 9 15 0 8
0 6 8 3 2 0 5 0 12 4 0 0 1 0 0 14
0 0 16 2 0 8 15 0 0 1 14 6 7 0 13 10
15 0 0 13 16 14 10 6 7 11 8 9 3 0 0 4
0 0 14 0 0 4 0 0 0 2 16 15 6 0 8 5
