5 0 0 0 4 12 0 16 0 9 14 0 0 7 15 0
7 11 9 0 0 10 14 0 0 12 5 3 6 0 0 16
4 14 0 16 5 0 2 0 1 0 6 15 9 3 12 10
3 15 0 12 6 9 1 8 7 0 0 16 0 0 11 13
1 13 8 0 3 0 6 0 14 15 0 12 16 11 7 0
11 5 0 3 0 13 0 0 0 7 10 0 0 6 2 12
2 0 4 0 16 0 0 0 0 0 11 0 0 14 8 9
14 9 16 6 0 4 0 0 0 1 0 5 3 0 10 0
0 0 1 0 9 14 16 13 15 11 0 0 2 0 3 0
16 7 3 2 0 6 0 12 9 13 0 8 0 4 14 11
12 8 11 0 1 15 0 4 0 0 3 0 0 16 6 5
15 6 0 13 0 0 11 3 0 5 0 0 0 10 9 0
0 0 0 4 14 7 8 5 0 0 15 0 10 9 0 0
13 0 0 14 12 0 4 0 0 16 7 0 0 15 1 8
0 1 7 15 11 2 0 6 0 3 13 0 0 0 16 14
0 0 10 0 0 16 13 1 0 0 0 0 7 2 0 6
