0 14 0 0 5 10 3 0 0 0 0 0 13 8 16 12
6 9 5 4 1 0 12 16 11 0 0 8 15 0 0 3
0 11 13 12 15 0 0 7 0 16 0 10 1 6 0 0
1 16 0 8 4 14 13 0 12 3 7 0 5 2 0 9
14 0 3 0 8 9 16 1 6 7 4 5 12 10 13 2
5 10 9 0 6 0 2 4 0 12 1 0 14 11 0 0
4 8 1 0 0 12 7 13 0 2 0 0 3 5 0 0
0 12 2 6 14 11 5 0 10 0 3 0 4 16 0 0
2 1 16 15 7 0 0 3 5 0 9 0 0 0 14 0
8 0 11 0 9 13 14 0 0 0 0 12 0 3 0 10
0 0 0 3 0 1 0 2 8 15 0 0 9 13 0 16
9 13 0 0 16 0 0 0 7 0 0 3 2 4 0 5
0 7 4 0 0 0 15 0 3 10 8 11 16 14 0 0
16 2 0 0 0 5 0 0 14 4 12 7 11 15 3 0
0 0 14 10 0 0 0 0 1 0 15 0 7 0 12 0
11 3 15 0 12 0 0 14 0 6 0 9 0 0 2 8
