0 0 0 15 1 9 0 0 10 7 0 0 0 11 3 0
0 0 13 0 0 0 12 2 4 15 0 8 6 0 16 0
16 0 0 2 14 7 11 0 0 9 1 0 0 4 0 12
11 0 7 12 10 8 6 13 3 0 14 16 9 0 0 15
5 9 3 8 0 0 10 7 2 0 6 1 11 0 13 0
0 13 12 6 5 15 0 3 8 0 0 9 1 0 2 4
0 11 16 0 2 13 14 0 7 0 12 5 0 10 0 0
0 2 10 0 8 0 9 0 13 3 16 0 0 5 0 6
0 16 0 0 0 0 1 0 14 8 5 13 7 0 0 2
1 12 15 0 13 16 0 4 0 6 0 0 5 0 14 10
3 14 0 0 11 2 7 5 0 12 4 10 16 0 6 0
6 0 0 5 0 0 15 14 1 16 3 7 0 13 0 11
0 7 1 0 0 0 5 0 6 0 15 3 8 12 4 13
0 6 5 4 15 0 3 10 0 1 8 0 0 0 9 0
12 10 14 3 7 1 2 0 16 13 0 0 15 0 0 0
0 0 11 0 4 0 13 0 0 0 0 0 10 2 1 0
