13 0 0 6 10 0 1 16 11 0 3 7 0 0 2 14
3 0 14 10 6 0 11 13 0 15 0 9 0 0 7 0
0 0 12 0 0 0 14 0 13 2 8 6 0 1 0 16
0 16 0 7 9 0 15 2 14 5 0 12 0 0 11 13
0 0 0 0 14 6 0 4 10 13 0 0 1 5 12 8
5 12 8 1 13 3 16 0 15 6 4 14 7 2 0 10
0 4 0 0 1 0 0 12 0 3 5 8 14 0 6 11
14 11 0 0 5 10 0 9 12 0 1 2 4 16 0 0
12 0 9 0 0 0 3 0 6 8 0 4 13 11 0 7
0 13 0 0 0 1 0 0 7 0 11 16 15 3 10 5
6 0 11 5 0 0 0 0 2 0 13 0 16 14 0 0
7 3 0 8 11 13 9 0 0 10 15 1 6 12 4 2
15 0 4 0 12 0 0 3 8 0 0 0 0 7 13 0
2 6 5 0 16 11 13 8 4 0 7 0 0 10 0 3
0 0 13 0 0 0 0 15 3 0 12 5 9 0 16 0
10 0 3 12 0 14 0 0 9 0 2 0 11 15 0 0
