0 15 0 13 2 9 0 0 7 16 0 14 0 0 0 6
16 2 3 1 6 0 0 0 0 15 13 12 0 9 7 5
9 0 5 0 7 0 13 1 8 0 2 10 0 14 15 12
7 0 4 14 8 11 0 0 1 5 6 9 0 2 16 13
0 0 10 15 0 0 0 0 2 13 12 8 0 6 3 9
11 0 13 6 3 12 0 15 0 9 0 0 14 10 8 0
8 3 2 5 16 0 7 9 0 6 0 0 4 12 13 0
0 0 1 4 13 0 8 14 3 10 11 7 15 5 2 0
0 10 6 0 0 7 4 0 13 14 9 0 0 8 0 3
3 0 0 16 9 13 0 8 0 0 7 2 0 11 10 14
0 11 0 2 0 5 0 10 6 12 0 4 0 16 0 0
0 0 0 0 0 0 6 11 0 3 16 0 0 7 12 4
6 13 0 0 5 15 16 7 9 2 4 3 12 1 14 0
0 0 0 7 0 0 1 0 0 8 10 6 0 0 11 2
0 5 0 0 0 0 14 0 0 0 1 0 0 15 6 0
2 1 0 0 0 3 9 0 14 0 0 0 16 0 4 0
