0 9 1 4 0 0 11 0 0 0 12 0 0 14 0 16
13 0 0 0 2 15 0 9 0 0 4 14 0 0 11 0
15 0 0 11 0 13 14 12 9 0 3 16 10 0 8 4
12 0 0 6 1 0 4 16 8 2 5 11 0 7 0 0
0 0 11 5 0 10 15 14 2 8 16 0 0 13 6 12
1 8 0 0 3 0 13 11 7 0 6 5 0 0 9 0
10 7 0 2 8 16 0 0 11 0 13 12 1 15 0 0
14 16 4 0 0 0 0 0 0 9 15 0 0 0 2 0
2 6 13 1 0 11 3 7 0 0 8 4 14 5 15 10
16 0 0 8 4 1 5 10 6 7 0 0 13 0 12 3
7 0 0 14 0 6 0 0 0 0 0 0 0 4 16 0
5 0 0 10 0 14 0 0 15 0 11 9 0 0 1 8
0 13 0 3 0 4 1 0 5 10 7 0 9 12 0 11
0 0 0 0 14 12 2 13 4 0 1 6 3 16 7 0
0 1 16 12 15 7 0 0 14 0 9 8 6 2 4 13
4 0 14 7 11 0 6 3 0 16 2 0 5 0 10 0
