15 2 8 3 7 11 1 0 16 6 14 9 13 0 12 10
0 1 4 0 0 0 0 0 0 5 13 2 14 16 0 0
14 16 5 0 0 10 0 0 11 12 3 7 1 4 8 9
9 7 13 0 14 8 16 5 4 0 0 1 0 0 0 6
6 0 3 0 15 0 9 10 0 0 0 0 0 0 2 1
10 0 15 1 16 0 5 11 13 0 8 0 9 3 14 0
8 0 0 0 4 0 12 1 2 0 0 10 0 13 11 5
13 5 0 2 0 6 8 14 9 0 1 0 15 0 16 0
12 0 10 13 6 0 14 7 15 16 2 0 0 0 0 11
5 0 0 0 8 15 0 3 0 0 11 0 0 0 0 2
2 3 1 15 0 0 11 0 14 0 12 0 0 0 6 13
7 4 9 11 0 16 2 13 1 10 6 5 0 0 0 8
0 6 0 0 0 0 0 0 0 1 0 16 7 0 0 12
3 10 11 7 2 4 0 12 6 0 9 15 5 0 0 0
1 13 12 0 0 3 6 0 10 0 0 0 0 15 4 14
16 15 2 0 1 0 0 0 0 0 4 11 10 0 0 3
