8 9 13 10 12 0 14 1 0 3 0 16 2 0 6 0
2 0 0 0 0 0 9 0 14 0 10 0 12 0 15 0
3 4 0 15 16 13 0 0 9 7 0 0 0 14 1 5
0 0 0 14 0 6 0 3 4 2 12 0 0 0 10 13
13 1 0 0 0 0 0 14 0 10 0 4 0 0 0 0
9 15 4 8 7 10 12 11 13 16 14 0 6 0 2 1
0 0 7 6 13 3 1 0 15 12 5 9 0 8 0 10
0 5 14 3 4 9 0 6 2 8 7 1 0 0 13 11
12 0 2 9 3 1 6 15 0 5 16 11 13 0 0 14
0 8 0 4 10 0 0 0 0 9 0 0 5 16 0 0
16 0 0 13 8 0 0 12 10 6 0 14 0 1 9 7
14 6 5 0 0 0 0 13 1 15 8 0 0 2 11 3
0 11 0 2 0 7 0 8 12 0 0 5 1 0 0 15
15 0 9 16 11 0 10 5 0 13 1 7 0 6 0 2
0 0 8 0 6 0 3 2 0 11 0 15 14 10 5 12
0 12 3 0 0 0 16 0 0 0 0 10 0 13 7 0
