0 0 3 13 9 6 0 15 0 14 0 16 11 0 1 5
8 0 14 0 0 10 12 11 0 0 5 0 4 3 15 0
0 0 7 0 2 13 0 0 0 0 0 3 0 16 9 6
0 1 0 16 4 0 3 14 12 9 6 0 13 2 0 8
7 0 0 0 1 4 0 10 16 6 2 0 0 11 3 13
0 11 0 4 0 2 0 0 7 12 13 10 0 0 14 0
0 13 0 0 6 8 0 0 1 0 15 0 0 0 12 0
16 0 10 0 14 12 0 7 8 11 9 0 6 0 0 0
12 14 0 0 0 0 0 9 5 7 0 0 3 15 2 10
0 15 11 5 0 14 10 13 0 2 0 0 12 0 8 1
0 0 16 10 5 0 0 4 0 8 1 12 0 0 0 0
0 0 13 8 0 0 2 0 3 4 0 15 16 6 5 14
0 10 0 7 0 11 1 0 9 5 4 2 8 14 6 3
4 0 0 14 3 9 0 6 13 10 12 8 0 5 0 15
11 0 12 9 10 0 0 8 15 1 0 0 2 0 16 4
5 8 1 0 13 0 0 2 11 16 14 6 0 9 0 12
