8 10 0 14 0 9 12 0 3 6 0 4 13 15 0 11
6 0 0 0 11 10 0 0 0 12 0 14 2 9 4 8
0 11 12 13 15 4 0 8 2 0 0 5 0 0 0 0
3 0 2 4 0 0 0 14 11 0 15 7 0 12 5 16
15 14 0 0 4 1 0 0 8 13 6 2 0 0 0 12
4 5 11 1 8 16 0 0 7 14 3 0 0 6 15 0
0 0 8 0 10 11 0 3 12 15 4 16 5 1 2 0
0 2 0 10 14 0 15 0 9 5 1 0 0 0 0 0
16 15 10 12 0 7 8 2 0 0 14 1 6 11 0 5
0 4 5 0 3 0 0 16 0 7 0 0 1 14 12 2
14 0 0 2 0 5 10 11 0 0 12 15 0 0 9 4
0 7 3 11 12 0 6 4 5 0 0 8 0 0 13 10
0 0 4 0 0 0 11 0 0 16 7 12 0 0 14 0
11 0 13 16 7 2 9 15 0 1 5 0 0 4 10 6
0 0 9 7 16 3 0 6 4 11 2 0 8 0 0 0
0 3 14 0 13 12 4 0 0 0 0 9 16 0 0 0
