5 10 15 11 0 0 1 9 13 0 2 12 8 16 4 0
6 12 16 8 3 15 0 0 0 9 1 4 10 14 5 7
13 0 3 9 0 0 16 11 7 0 0 0 0 12 6 2
0 0 4 2 0 0 5 10 0 15 6 3 0 0 0 0
9 0 7 10 6 4 0 8 0 0 12 0 2 11 0 1
0 0 0 0 11 1 0 0 0 0 16 0 5 8 3 0
0 4 1 0 10 3 0 16 6 2 8 0 0 0 0 9
0 8 0 3 5 0 0 12 1 4 7 0 14 0 10 15
0 9 8 16 0 0 0 5 0 12 11 0 3 0 7 10
0 0 11 1 0 7 8 14 0 13 0 6 16 4 9 0
2 13 14 12 0 11 3 0 10 0 4 0 0 0 0 0
3 7 6 15 0 0 10 4 8 1 5 9 11 0 14 13
8 6 9 13 15 0 0 1 0 11 0 0 7 3 2 0
0 0 0 7 14 8 9 0 0 6 0 0 0 0 0 5
1 0 0 14 13 5 4 0 2 0 3 7 12 0 15 0
0 3 0 0 0 0 11 0 0 8 9 1 6 0 13 14
