0 14 1 16 0 9 0 7 0 0 11 0 0 2 5 0
15 12 9 0 0 0 8 0 0 14 3 0 1 0 13 11
0 6 0 13 11 0 0 5 9 1 10 0 12 7 0 0
0 5 11 3 0 1 16 14 8 0 12 6 9 0 0 15
0 0 0 9 7 5 3 0 0 0 13 14 0 0 0 4
0 4 0 11 0 0 0 13 1 6 2 0 10 0 16 7
16 0 15 10 14 0 2 1 0 0 0 4 5 13 6 9
0 13 6 0 4 16 0 11 15 12 9 0 3 14 0 0
12 1 7 0 0 0 14 16 0 0 4 0 0 8 2 5
13 15 0 14 12 0 11 0 0 5 6 0 0 10 0 1
3 0 10 0 2 0 0 0 14 7 0 0 0 0 9 12
11 9 0 2 0 0 5 0 12 8 16 10 14 6 7 13
6 0 5 12 8 4 1 9 0 13 14 0 0 0 15 10
4 0 2 0 16 0 0 0 10 9 0 0 6 5 1 14
14 0 3 15 0 6 7 2 4 16 5 0 0 0 0 8
9 0 13 1 0 14 0 0 0 0 7 8 2 11 0 16
