5 14 6 12 11 0 9 0 7 0 4 3 8 15 0 2
0 0 0 8 3 2 14 6 16 0 0 1 7 0 0 0
0 0 9 3 15 0 0 7 14 2 8 5 0 0 6 11
0 7 0 11 0 1 13 0 0 15 9 0 0 0 4 12
11 12 0 13 14 8 15 0 1 7 2 9 0 0 3 0
0 0 0 16 12 0 0 2 0 4 3 14 15 9 0 0
14 8 0 0 0 0 3 13 15 0 10 0 5 1 0 7
3 15 7 9 0 6 0 0 13 16 0 8 4 0 0 14
0 5 0 0 13 0 10 12 0 0 1 0 2 11 15 3
0 3 0 0 7 0 6 1 8 5 15 0 0 14 0 10
0 0 0 15 4 0 0 9 3 0 0 11 0 5 0 1
1 0 0 0 5 3 8 15 12 0 13 2 0 6 7 4
0 13 0 5 10 0 0 0 0 3 14 15 1 7 0 0
16 2 0 0 9 13 1 0 0 12 0 7 3 4 14 0
4 10 3 1 6 7 5 0 9 8 16 13 0 12 0 0
0 0 12 14 0 0 0 3 5 1 0 4 9 0 0 13
