8 14 6 1 9 15 0 12 11 3 2 5 10 0 0 16
3 0 15 7 2 14 5 0 10 16 0 4 0 1 13 12
0 13 0 10 7 0 0 0 12 0 0 0 8 5 2 15
0 2 9 5 8 0 4 0 0 1 0 15 0 3 0 0
4 12 1 2 14 6 16 0 5 7 10 0 15 0 0 0
0 8 5 11 0 0 0 0 15 12 16 0 4 0 0 0
0 6 10 3 0 8 7 15 0 13 11 1 2 16 12 9
15 9 0 13 3 0 0 4 0 0 14 2 0 0 10 0
0 0 0 0 11 0 0 5 0 4 12 8 0 14 1 3
0 3 2 0 0 16 0 7 14 0 15 0 0 10 11 4
0 4 7 8 0 13 0 14 1 11 3 6 0 9 0 0
11 1 12 14 15 0 2 3 0 0 9 0 0 0 8 0
13 0 0 12 0 0 1 2 9 15 4 10 0 8 0 14
2 16 0 9 0 7 15 0 0 0 1 11 13 12 5 0
1 10 3 0 0 12 14 0 8 0 5 16 0 0 0 7
6 0 0 0 16 0 0 0 0 2 13 0 0 0 9 0
