10 15 16 12 0 3 8 0 4 14 5 0 0 6 0 11
0 13 0 5 12 9 0 14 0 11 1 6 0 0 0 0
0 0 1 3 6 16 5 0 10 2 0 7 13 0 12 0
6 7 0 0 13 1 4 0 3 12 0 0 8 10 5 2
0 0 3 0 0 0 2 7 0 8 15 0 5 4 11 12
11 0 0 7 5 0 0 10 0 6 4 0 2 16 0 15
15 6 5 13 14 4 11 12 2 0 0 0 7 0 0 0
0 4 10 2 0 0 15 3 0 0 9 11 14 0 0 13
0 3 14 15 0 2 13 0 5 0 10 16 6 12 0 0
8 2 4 0 15 5 0 0 12 0 13 3 0 11 0 0
5 0 0 11 0 0 0 9 8 4 7 14 0 0 2 0
0 12 13 0 0 0 16 1 11 15 6 0 9 0 0 5
14 0 0 6 0 7 12 13 0 0 11 0 0 8 0 9
0 11 7 0 3 15 14 0 0 10 0 0 12 5 0 6
9 10 0 0 0 0 6 16 1 13 14 0 3 0 0 7
3 1 15 8 0 10 0 0 6 0 12 4 0 14 13 16
