0 0 9 0 0 0 0 15 0 1 3 2 0 10 0 12
0 14 4 16 0 0 8 13 6 0 0 0 0 0 0 2
0 0 0 6 12 0 9 0 0 0 10 5 0 0 0 4
0 1 12 7 0 5 0 6 15 4 0 0 9 3 11 8
14 5 13 0 0 6 12 0 3 0 0 0 0 0 0 1
0 10 2 3 0 16 11 0 1 14 8 13 0 0 0 0
9 0 8 4 0 0 3 5 12 0 16 0 13 2 7 0
0 12 7 0 0 14 4 8 10 5 2 15 0 9 3 6
1 6 11 8 0 0 10 0 2 13 14 12 16 0 15 0
5 0 0 0 16 15 0 0 9 8 0 3 0 0 6 0
0 13 3 12 8 0 0 0 0 0 11 7 5 1 9 0
0 0 0 0 0 0 1 0 4 10 5 0 3 8 14 13
0 4 14 9 0 13 5 10 0 3 15 8 1 0 12 16
0 16 6 0 0 8 7 11 5 12 0 1 14 13 2 9
0 11 0 2 4 12 0 9 0 16 0 14 10 7 5 0
0 0 5 13 0 1 14 16 7 2 9 0 4 11 8 15
