0 0 1 0 5 10 0 0 0 16 14 3 13 8 11 7
0 7 10 5 0 0 0 0 0 0 0 6 14 0 0 16
13 0 16 0 0 4 15 0 1 0 11 7 0 0 2 0
11 6 3 2 8 16 0 7 10 5 12 13 4 9 0 0
0 4 12 6 0 0 0 0 14 11 1 0 8 13 0 9
0 3 0 7 4 0 6 0 9 0 0 8 1 11 16 0
8 0 14 16 11 13 0 0 0 12 0 15 10 0 5 2
0 1 0 15 16 9 8 2 4 0 13 0 6 0 3 14
1 16 7 0 0 14 0 9 0 3 4 10 0 0 0 11
3 2 0 0 15 0 0 0 11 1 16 0 7 14 8 4
14 5 15 0 0 0 0 8 6 0 0 9 16 1 10 12
0 10 0 8 12 11 1 0 0 0 5 14 3 0 9 0
12 14 2 10 0 0 16 3 5 8 9 0 11 15 4 6
4 15 0 1 0 0 0 5 16 6 0 11 9 0 13 0
0 11 5 0 0 0 0 0 0 0 3 2 12 7 0 8
0 0 6 3 1 0 9 11 0 10 15 0 0 0 0 0
