0 0 3 14 8 0 16 7 0 9 0 10 0 12 0 13
0 0 1 0 4 0 14 10 0 13 8 3 5 6 0 2
10 0 8 16 0 0 11 5 6 1 12 14 0 7 9 0
0 0 6 0 0 0 13 1 7 4 5 16 10 0 3 8
3 0 0 0 1 11 2 16 0 10 0 0 0 5 12 7
0 0 0 9 12 15 0 14 0 0 13 0 0 8 11 0
0 5 0 13 7 4 0 8 0 0 0 15 0 3 10 14
0 12 0 0 0 10 9 13 0 0 14 6 4 1 2 0
0 1 5 4 9 2 12 11 0 3 15 8 0 16 0 10
0 0 0 15 0 0 1 6 12 5 9 13 0 0 0 3
12 14 10 0 13 16 15 3 2 0 6 4 1 9 8 5
6 0 0 3 14 0 7 4 10 0 11 0 0 15 0 0
0 11 15 1 3 7 8 9 0 0 0 2 12 0 0 0
4 0 0 0 0 0 10 15 9 0 0 11 0 0 14 1
0 0 0 10 0 14 0 0 4 0 1 0 8 0 6 9
9 2 13 8 6 0 4 12 0 14 7 0 0 10 0 11
