15 11 0 0 13 1 5 12 0 10 4 16 3 7 0 14
0 16 13 4 0 15 0 0 0 3 0 0 5 9 0 10
6 0 7 10 0 4 3 9 5 13 1 0 16 11 0 0
0 9 0 0 11 0 0 16 0 15 0 0 0 0 4 13
0 5 0 14 2 0 4 0 0 12 10 0 7 0 0 16
8 2 0 0 16 5 0 0 13 0 7 9 14 0 3 1
3 0 16 0 0 7 0 0 0 1 6 0 10 0 0 0
0 1 6 7 3 0 9 0 0 5 2 0 12 0 11 8
0 12 0 6 0 11 10 3 0 0 13 5 0 0 14 0
0 3 15 2 14 0 8 5 1 16 11 12 4 0 0 0
0 0 1 0 15 0 12 0 0 7 0 10 11 0 16 5
11 0 14 5 0 13 0 4 6 2 3 0 8 0 12 0
2 7 0 11 0 0 0 8 3 0 5 13 0 0 1 15
10 0 3 1 4 0 13 7 0 6 16 8 9 0 5 11
14 13 8 0 5 3 0 11 10 9 15 1 0 12 0 0
5 0 4 9 0 2 1 15 0 14 0 7 13 0 8 0
