14 0 12 8 0 0 6 15 16 4 0 9 11 5 2 3
4 11 1 2 0 7 5 0 15 13 12 0 16 0 6 0
0 0 5 7 0 0 0 0 0 0 1 6 4 14 0 0
6 0 10 9 4 0 3 13 0 8 0 14 7 12 15 1
12 0 13 14 0 0 0 8 0 16 3 0 10 11 5 2
0 0 2 0 0 0 12 0 9 11 8 10 13 0 0 0
0 5 3 0 0 6 11 0 14 0 0 13 9 0 12 0
0 8 0 11 16 4 13 0 0 2 0 1 0 0 3 0
2 10 6 0 11 9 8 7 4 5 0 12 14 3 16 15
0 3 0 0 2 0 1 4 10 0 0 0 5 0 9 0
13 14 9 4 0 0 15 0 7 0 0 11 8 10 1 6
7 0 0 5 6 0 10 0 1 15 0 16 2 0 11 13
10 0 16 0 0 0 9 6 3 0 14 4 0 0 7 5
0 1 14 0 7 0 2 16 13 6 10 0 0 9 0 4
5 0 0 0 0 0 0 0 8 9 16 0 6 13 0 0
8 9 0 6 0 5 14 3 0 1 0 7 0 0 10 0
