0 4 14 7 8 10 12 0 6 5 15 2 1 16 11 3
0 10 2 0 0 1 15 0 16 11 8 0 4 0 13 14
0 0 6 0 0 16 0 13 3 0 0 9 0 8 0 5
11 16 8 0 14 0 5 0 13 0 7 1 6 0 15 12
0 0 15 8 0 6 0 10 4 1 2 13 0 5 0 0
6 5 1 4 13 11 2 12 8 9 10 0 16 0 7 0
0 0 0 0 1 7 14 0 12 0 0 3 0 0 10 4
0 3 0 10 0 0 0 4 7 15 0 0 2 0 0 0
0 7 0 5 12 15 0 16 0 2 3 6 0 1 9 11
0 1 0 0 6 14 0 5 11 8 0 10 15 7 3 0
10 0 3 6 11 8 0 0 15 7 13 0 14 0 4 16
0 15 0 0 10 3 9 7 1 16 12 0 5 0 0 0
1 0 10 14 0 0 0 11 9 3 0 0 12 0 0 7
0 6 7 15 0 12 0 0 0 13 0 8 3 0 0 0
3 13 0 12 0 0 7 8 0 14 6 0 0 11 1 10
4 0 9 0 15 0 3 0 0 0 1 0 13 6 0 0
