12 0 8 0 3 0 11 0 10 14 0 0 0 9 0 0
15 6 16 2 13 14 0 0 3 11 5 7 0 1 0 4
0 0 10 0 2 12 4 0 9 8 6 0 14 11 0 16
11 9 13 14 0 16 10 15 0 12 4 0 6 3 8 5
13 11 0 0 10 9 0 0 15 6 7 12 0 0 16 3
0 10 0 0 0 7 13 16 14 9 0 4 0 5 1 6
8 16 15 0 0 6 0 4 0 5 11 0 0 0 13 9
0 0 14 6 0 0 3 2 13 0 0 1 0 12 0 7
0 2 0 0 6 0 0 0 0 0 9 0 1 0 0 11
5 0 6 13 16 0 8 0 0 3 2 0 0 15 0 10
16 12 0 11 0 10 0 7 0 1 0 6 2 13 0 0
10 0 1 0 9 4 0 0 5 13 0 8 16 6 0 0
1 0 2 16 12 15 6 9 11 7 0 10 5 8 4 14
0 13 11 9 0 0 16 10 0 15 0 0 0 7 0 0
6 0 12 0 0 3 7 13 16 0 0 5 0 10 9 2
7 8 0 10 4 11 1 0 6 0 0 0 0 0 12 0
