14 16 6 0 15 0 1 0 10 0 0 3 0 7 13 8
0 0 4 0 0 0 7 3 0 8 13 0 0 0 0 0
10 0 8 0 16 6 0 14 0 0 11 15 2 1 5 4
15 0 11 1 0 0 0 5 14 0 16 0 12 10 3 6
0 13 2 15 0 0 0 9 16 11 1 0 0 0 8 3
0 12 0 4 3 8 6 13 0 0 0 0 0 9 1 11
0 9 0 0 0 7 10 15 4 0 8 12 16 0 0 14
6 10 0 0 1 0 16 0 9 13 7 14 0 0 12 15
0 11 12 10 0 0 15 0 0 0 0 16 0 8 0 0
0 0 7 6 0 5 11 16 8 2 15 0 3 0 4 13
8 4 13 0 7 3 14 10 0 6 0 11 1 5 15 0
3 14 15 0 6 13 0 2 0 4 0 0 0 0 10 12
4 2 10 14 9 15 0 0 0 0 6 13 0 0 0 1
11 8 0 3 0 0 2 0 15 1 12 5 0 6 14 10
13 6 1 0 14 10 3 0 11 0 0 0 15 0 2 5
0 15 0 5 11 1 4 6 0 10 0 8 0 3 0 0
