0 0 11 0 4 0 0 16 0 15 7 6 2 3 0 0
2 3 0 7 0 0 0 0 8 0 0 9 0 1 0 0
13 0 1 15 2 0 9 0 3 4 16 12 11 8 7 0
9 6 0 16 3 0 10 7 5 0 13 1 0 4 0 0
3 11 6 0 1 4 15 0 14 7 12 8 16 5 0 13
0 1 5 0 10 3 7 0 16 6 11 0 4 0 0 12
0 8 0 0 0 16 12 11 1 3 10 0 6 0 0 0
0 16 10 12 8 0 0 14 0 9 0 4 1 2 0 3
8 0 16 0 9 5 2 3 0 14 6 7 13 11 15 1
5 0 0 0 12 13 11 0 0 10 0 15 9 6 16 0
0 4 0 13 0 0 6 1 9 0 8 0 7 0 0 2
0 0 2 1 0 7 0 0 13 0 3 0 5 0 0 0
4 0 7 0 6 9 0 0 12 0 0 0 8 0 0 10
0 13 12 0 11 2 8 0 6 0 9 14 3 7 0 15
0 15 3 8 0 12 16 4 11 13 0 10 14 9 5 6
0 14 0 0 0 0 3 0 0 8 0 0 12 13 0 11
