0 13 6 0 0 14 1 4 0 8 2 15 0 0 0 0
14 16 0 0 8 13 0 15 3 4 0 0 12 6 1 0
3 0 0 0 5 2 12 6 0 0 0 0 0 0 4 7
4 12 7 0 0 10 3 9 0 13 6 14 0 0 5 8
13 10 3 1 0 0 9 0 0 12 15 0 2 7 16 14
0 0 4 0 14 0 0 8 11 2 0 0 0 9 0 12
8 9 0 14 0 16 0 2 6 1 0 0 4 15 11 0
2 7 0 0 0 4 10 3 16 5 0 9 0 1 13 0
16 14 9 5 13 7 4 0 0 15 0 0 0 0 0 0
0 0 15 7 3 9 16 12 0 0 1 0 6 11 0 0
0 0 2 6 11 15 14 5 13 3 12 10 0 4 0 16
0 0 0 0 0 8 0 10 0 0 0 0 1 5 14 15
15 0 16 0 4 3 0 0 14 10 0 2 11 0 7 1
0 5 13 0 1 0 2 0 7 11 8 12 16 3 0 4
7 11 0 4 10 12 15 16 5 6 3 1 0 0 8 0
0 0 1 3 9 11 0 7 0 16 0 0 0 0 6 5
