0 11 9 2 0 0 0 4 16 12 3 8 1 5 7 10
8 1 0 0 0 0 3 9 6 0 10 0 14 4 0 0
0 14 6 7 5 1 0 0 15 13 9 4 0 8 3 16
16 4 3 12 8 13 7 10 0 0 11 1 9 0 0 2
0 9 14 6 15 5 0 0 11 2 0 10 3 12 16 4
0 15 0 16 0 0 8 0 0 0 5 12 0 6 10 14
0 0 2 0 0 0 4 12 7 0 0 3 0 11 0 0
3 12 5 0 16 7 0 0 0 4 15 0 0 0 1 13
14 2 1 0 13 12 0 11 0 15 4 0 0 16 9 8
6 0 16 15 3 0 9 8 1 0 0 0 12 13 4 0
12 13 0 11 0 0 2 6 5 3 16 0 10 14 0 7
0 10 0 9 7 0 0 16 0 8 6 13 0 1 11 0
9 5 0 0 0 8 16 0 3 10 1 11 13 7 2 0
0 0 0 0 2 0 0 7 0 0 13 0 0 9 0 0
0 16 13 1 0 0 0 0 8 0 7 0 4 0 0 11
11 0 0 0 0 0 1 13 0 0 12 16 5 10 8 0
