10 0 0 0 13 4 0 3 5 0 9 6 16 7 1 8
0 0 0 0 12 8 16 15 11 0 0 10 0 0 2 0
5 3 2 4 6 0 0 0 13 8 0 0 12 11 10 15
0 6 8 9 11 10 5 0 0 0 0 12 4 0 0 0
11 0 1 6 0 15 0 9 12 16 13 3 5 10 0 0
9 14 5 0 0 3 4 16 0 15 0 8 13 0 11 6
7 0 0 8 10 11 0 5 0 0 14 0 0 1 16 0
0 0 0 3 14 12 0 0 6 0 5 11 2 0 7 0
2 9 0 0 0 16 0 0 0 0 0 1 7 4 0 0
0 0 15 13 1 0 11 4 0 0 16 7 0 3 0 0
0 11 0 16 0 0 14 0 15 0 12 2 6 0 9 0
1 8 3 7 9 0 0 0 10 5 11 4 14 0 15 0
8 1 9 0 4 5 0 11 16 7 0 15 3 13 12 2
13 10 0 0 15 6 0 12 3 1 8 0 0 0 4 0
3 0 6 11 16 1 13 0 4 0 2 14 0 0 5 10
0 4 16 0 0 14 0 2 0 11 10 13 1 0 0 7
