0 0 0 5 9 12 16 15 0 3 4 1 0 0 0 8
14 8 15 0 0 0 11 7 6 13 10 0 2 9 12 0
0 7 0 4 14 3 6 0 0 8 0 12 5 1 0 15
0 6 12 10 1 0 0 0 9 15 14 0 4 11 7 16
0 0 4 13 0 16 1 0 0 7 0 0 0 0 15 14
0 0 0 9 15 0 2 5 3 14 0 6 0 0 16 4
11 14 10 0 4 7 0 8 0 9 0 15 0 0 0 0
8 16 0 0 0 6 9 14 0 4 5 10 0 2 0 13
4 0 16 8 13 0 3 0 5 0 0 0 0 15 9 2
7 11 0 0 8 15 0 0 14 2 9 13 0 6 1 0
0 2 13 14 6 9 5 0 16 1 8 0 11 0 0 10
12 9 1 6 2 14 7 0 0 0 0 4 3 0 8 0
5 0 8 0 0 0 14 1 4 6 7 2 13 0 3 9
0 0 14 16 0 8 15 6 0 0 3 0 12 5 0 0
10 0 0 11 3 5 0 0 0 0 12 9 8 14 0 0
13 3 0 7 16 0 0 0 0 0 1 0 0 4 10 11
