0 8 2 13 6 5 4 10 0 11 12 0 16 14 3 7
6 0 16 0 15 0 1 14 3 7 2 0 0 0 0 13
0 12 0 5 0 3 16 7 14 0 15 0 0 0 0 2
0 14 0 0 0 8 0 12 13 0 16 4 0 10 15 1
0 3 0 0 0 9 0 15 10 0 14 6 4 1 0 8
8 0 4 0 0 10 0 2 0 1 13 0 15 0 6 12
0 1 6 15 8 0 3 4 0 16 5 0 0 2 10 9
2 10 9 0 1 0 0 13 8 4 3 15 0 0 5 16
9 7 12 2 10 0 8 0 0 3 6 5 13 15 14 0
3 0 11 10 2 0 7 0 16 14 0 0 0 5 9 4
4 13 0 0 0 0 0 5 0 0 11 0 8 6 0 0
16 6 5 0 0 0 0 9 0 12 0 13 0 7 0 0
0 16 15 0 12 6 9 8 0 10 1 11 3 0 0 0
0 11 0 9 0 1 5 16 0 13 4 3 0 12 0 15
12 0 1 3 0 2 0 0 5 15 9 0 0 0 8 0
14 0 13 6 4 15 0 3 0 0 0 16 0 9 0 0
