5 9 15 7 1 0 0 11 0 3 0 0 0 2 14 0
0 0 6 1 10 9 0 0 0 5 0 0 0 3 0 0
16 0 10 0 0 0 0 8 9 0 1 7 0 15 5 0
3 8 14 0 0 7 5 16 13 15 2 10 0 0 0 0
0 0 4 10 2 11 0 9 6 8 12 0 3 1 16 0
9 6 7 8 16 0 0 13 2 0 3 1 5 12 11 15
1 14 0 0 0 3 10 12 0 0 9 0 8 7 13 6
13 16 12 0 0 8 6 1 0 11 0 15 9 0 0 4
0 0 5 0 0 0 16 0 0 12 0 0 0 0 9 3
2 13 1 9 8 5 0 0 0 0 0 3 12 16 7 10
0 0 0 0 0 13 15 3 0 1 0 2 14 0 6 0
14 0 0 6 4 0 12 10 0 7 11 9 1 13 0 8
6 0 0 0 0 0 0 4 8 2 5 14 7 11 12 1
0 7 0 15 6 0 8 2 1 9 10 0 16 0 3 0
0 1 0 14 0 16 0 5 0 13 0 12 6 0 10 0
0 12 2 0 14 0 1 0 3 16 6 0 15 9 4 13
