16 0 6 2 13 0 11 3 0 8 14 4 5 0 10 12
5 3 0 13 0 8 7 4 10 12 0 0 0 14 15 0
0 8 0 0 16 5 1 15 13 0 0 3 2 11 0 4
0 0 15 0 0 0 0 0 1 5 16 6 0 3 13 0
0 0 0 0 4 2 15 11 16 0 0 0 3 0 5 0
0 0 0 0 1 0 13 0 0 6 10 7 9 0 8 0
9 10 0 0 0 3 8 0 0 1 15 5 4 2 0 6
8 15 0 5 0 6 0 10 14 0 3 2 1 13 11 0
15 0 8 0 0 1 5 0 0 0 13 0 0 0 0 3
10 0 0 16 15 11 12 9 0 14 0 0 0 5 0 13
13 5 12 6 8 0 3 7 9 2 0 16 0 15 14 1
1 14 3 0 0 13 10 6 0 15 0 12 11 4 9 16
0 13 0 15 9 0 0 1 5 0 8 14 0 0 4 2
2 16 11 0 0 0 6 13 7 0 4 9 0 8 0 0
0 0 5 8 11 7 14 2 0 0 12 15 0 9 0 0
7 0 9 14 0 10 0 8 0 3 1 13 0 0 0 11
