0 13 0 0 0 0 0 9 15 0 2 10 1 7 8 0
9 0 0 4 8 0 7 0 12 6 1 11 3 16 5 14
10 0 0 1 2 0 0 14 8 0 3 0 11 0 9 15
0 11 0 0 15 0 0 1 0 9 14 5 0 10 2 0
0 8 0 15 13 0 4 0 7 0 6 9 5 11 14 16
0 16 13 0 12 10 15 11 3 0 0 0 0 0 6 1
0 0 1 9 5 0 0 7 0 11 16 0 10 0 12 3
0 0 11 2 16 9 0 3 5 0 0 8 7 0 0 13
0 0 0 0 1 0 0 6 0 15 10 0 0 8 3 0
0 0 6 0 0 0 13 8 0 0 0 16 0 15 4 10
1 0 5 10 3 0 16 4 14 8 9 6 2 13 11 7
15 14 4 0 0 0 0 0 2 7 0 3 0 6 0 5
0 1 15 0 9 2 0 0 4 14 11 0 6 0 10 0
13 2 10 14 0 7 1 15 0 3 8 12 0 5 0 11
4 0 0 16 14 0 11 13 10 5 15 2 0 1 0 9
11 0 3 12 0 0 10 5 6 16 0 0 0 0 0 2
