0 0 0 0 5 10 14 13 2 0 12 6 0 0 0 0
0 15 5 7 0 9 3 0 1 0 0 4 11 13 10 0
10 14 0 13 12 2 0 8 0 15 0 11 0 0 1 7
0 16 12 6 15 0 1 7 13 0 0 10 8 0 0 2
13 2 0 0 0 0 11 15 12 0 5 0 0 0 7 4
1 0 6 0 0 16 9 0 15 13 0 14 2 0 11 5
7 11 0 0 0 0 13 2 6 3 0 9 0 10 15 0
3 10 0 0 8 0 0 0 7 11 2 0 9 16 6 13
0 12 0 1 4 7 10 6 3 0 0 2 14 8 9 0
14 13 3 4 11 8 15 1 9 0 6 7 10 0 2 0
8 9 0 0 0 3 0 14 4 1 11 12 13 7 5 0
0 6 7 0 0 12 5 9 0 14 10 0 4 1 0 11
15 0 0 14 0 0 0 3 10 12 9 0 6 11 4 1
0 0 4 8 10 0 6 0 0 0 0 0 5 0 12 0
0 0 10 11 0 0 0 0 14 0 15 0 0 0 8 3
0 0 2 16 14 15 0 12 11 4 0 0 0 9 0 10
