5 0 0 9 10 0 11 16 0 3 0 0 6 13 7 1
0 2 11 0 0 0 9 6 8 0 7 0 12 0 10 3
12 0 7 0 8 0 5 13 2 0 10 0 0 0 0 11
4 0 0 13 15 0 7 0 0 0 0 16 0 0 0 5
0 9 5 16 0 0 3 14 0 4 0 0 11 8 0 0
0 12 2 0 16 11 1 0 0 0 13 0 5 0 15 9
3 0 1 0 2 0 6 0 10 5 11 0 0 12 16 14
15 11 0 7 13 5 12 8 9 16 6 0 0 0 0 10
11 1 16 15 5 0 14 2 13 10 9 6 7 0 0 8
0 3 13 0 0 16 10 0 0 0 0 0 0 11 5 0
0 7 10 0 0 8 13 12 0 15 5 4 9 0 1 16
8 5 12 2 6 9 4 7 16 0 14 11 0 10 3 13
7 0 15 0 9 0 2 0 0 11 0 8 0 6 14 12
0 8 3 0 0 0 16 11 15 7 0 9 0 5 0 4
2 0 0 0 0 0 8 1 5 12 0 13 10 0 11 15
1 16 0 0 0 13 15 0 6 0 4 10 0 0 2 0
