9 14 5 6 0 10 0 0 0 16 1 2 0 0 15 0
0 12 1 0 16 0 0 14 0 13 0 0 11 2 0 0
10 8 0 16 6 13 15 2 0 11 7 4 9 1 12 0
4 0 2 13 0 0 5 0 8 0 6 12 7 14 10 0
0 7 15 11 0 12 3 0 0 0 9 10 6 5 4 0
6 16 4 0 0 9 14 0 2 0 12 11 1 8 7 13
12 5 0 2 7 0 11 13 0 6 0 15 0 0 14 9
0 1 9 3 10 0 0 0 7 0 0 5 12 16 11 0
2 4 6 15 0 0 0 0 11 0 0 13 16 0 0 14
0 3 0 0 14 0 8 11 12 7 2 1 0 10 13 0
11 10 0 12 0 5 0 16 15 4 8 14 3 9 0 6
0 0 14 0 15 0 10 12 0 0 3 16 5 7 2 11
0 0 11 1 2 14 0 5 13 10 16 3 0 0 9 0
0 0 10 0 12 0 9 6 0 0 0 8 0 13 0 0
0 15 0 4 0 3 16 0 9 0 14 6 0 11 0 0
0 9 12 0 4 0 0 0 0 0 11 7 0 0 16 0
