0 2 0 8 12 3 7 9 0 4 15 0 0 0 0 0
0 7 11 6 14 1 0 5 8 16 3 2 4 13 9 0
0 13 12 0 6 11 16 0 0 1 0 0 8 3 14 15
14 3 16 0 4 15 0 8 0 12 11 0 5 0 2 1
3 0 9 12 7 16 15 0 2 0 0 13 1 0 4 0
13 4 2 0 5 0 0 12 3 0 0 1 16 15 7 0
0 10 15 5 2 13 6 0 0 0 0 16 11 8 3 0
6 0 0 14 0 0 3 11 5 8 0 15 13 0 0 0
9 12 14 0 0 0 0 7 6 0 16 8 0 1 15 0
0 0 13 0 9 12 5 1 15 14 0 10 0 11 8 0
2 11 0 0 0 0 14 15 4 5 12 0 6 0 0 7
7 0 8 0 3 6 2 0 0 0 0 0 14 0 0 0
12 14 3 2 0 7 1 0 0 0 0 5 0 0 11 10
8 0 0 16 10 5 0 3 0 0 2 0 0 14 0 13
10 0 6 13 11 14 0 16 1 15 0 12 0 2 0 3
0 0 5 0 0 2 0 0 14 3 10 0 12 0 16 8
