0 11 5 0 15 0 0 7 0 2 0 10 9 0 16 0
0 0 9 6 11 14 0 0 12 1 15 0 10 4 5 0
15 12 4 3 1 13 10 2 0 9 0 0 8 11 6 7
0 0 7 0 0 0 16 4 0 0 8 6 0 12 0 14
0 3 0 0 14 0 0 16 0 10 0 1 15 2 11 4
4 2 16 0 13 15 1 11 0 5 3 0 0 6 0 9
0 1 0 9 0 10 2 6 7 4 13 0 0 0 0 5
7 6 0 5 8 0 4 9 0 0 2 0 16 0 1 10
6 15 0 7 10 0 0 12 0 0 0 4 14 0 0 0
0 13 3 11 16 0 0 0 0 0 0 2 0 0 0 12
0 0 0 0 7 11 9 13 0 8 0 0 1 5 3 6
0 0 8 12 6 0 3 0 10 14 7 13 2 15 0 11
5 0 13 14 2 0 11 10 15 16 0 9 0 0 0 0
3 8 0 16 4 0 14 0 5 12 0 11 6 9 2 13
12 9 6 15 3 0 13 0 0 7 0 8 11 0 4 1
1 0 0 0 9 0 0 8 4 0 10 3 0 0 14 15
