0 0 0 0 0 7 2 0 3 0 5 10 1 14 13 0
16 0 0 0 0 4 0 15 7 0 0 0 12 0 0 0
1 5 8 0 3 0 14 10 12 0 11 0 0 4 2 9
0 2 0 0 6 5 12 1 14 16 0 0 8 15 10 0
8 10 13 0 12 0 6 0 15 0 1 0 0 0 0 0
5 7 12 0 1 0 0 0 11 0 13 0 0 8 15 2
0 0 6 1 15 2 7 0 0 9 14 0 4 12 11 0
11 0 0 0 0 10 0 5 2 0 0 0 0 1 7 13
10 6 7 14 0 12 1 9 0 0 0 0 2 0 16 8
2 12 1 0 5 15 3 0 9 14 10 8 11 13 4 6
13 0 5 0 10 0 0 0 16 4 0 12 0 7 0 14
4 0 15 11 16 6 13 0 1 2 0 0 10 9 5 12
0 13 0 5 0 8 9 4 10 0 3 0 16 0 0 1
12 11 0 7 0 1 5 16 6 0 9 14 0 10 0 15
9 1 0 8 14 3 15 0 0 11 16 0 0 0 12 4
0 3 16 15 11 0 10 0 4 0 0 0 0 5 6 7
