0 0 0 0 6 2 10 0 0 1 0 16 3 0 5 11
6 0 2 0 15 0 7 11 0 8 10 5 0 0 0 0
8 12 1 0 4 16 0 0 0 0 14 0 13 0 15 9
15 0 16 11 0 0 13 0 0 3 0 0 0 0 2 0
0 16 6 14 0 4 15 0 0 0 0 0 10 5 0 7
9 7 4 0 13 6 1 0 14 0 0 0 11 0 12 2
0 15 0 0 0 14 5 10 0 11 0 0 16 0 0 4
2 0 3 5 7 0 8 9 1 0 0 0 15 13 6 14
3 1 0 16 8 0 6 7 11 14 9 2 0 0 13 0
13 0 0 6 1 3 0 2 0 0 8 12 0 14 0 0
0 0 9 12 11 15 14 13 0 10 6 7 2 1 3 16
14 2 0 0 16 10 0 0 3 15 1 13 9 6 11 8
5 0 12 15 9 0 0 0 0 16 4 14 8 2 0 0
10 3 0 2 14 0 4 6 8 9 0 0 0 15 16 0
0 9 0 13 10 7 0 0 12 2 5 3 0 11 4 6
16 14 0 0 5 0 0 1 6 7 13 15 0 0 9 0
