0 4 15 12 0 16 3 0 0 13 1 0 7 8 0 2
1 8 3 14 2 0 6 15 0 9 0 0 12 0 0 0
0 11 0 2 0 0 0 7 0 0 0 0 0 3 10 15
0 0 10 6 14 0 0 8 16 3 2 0 0 0 0 9
8 0 0 4 0 0 10 0 7 16 0 9 0 0 1 0
12 16 7 10 1 3 15 9 5 0 0 0 14 11 4 8
11 0 0 0 0 4 8 5 14 10 0 0 13 9 0 0
0 14 6 0 11 13 7 0 0 1 8 4 2 12 0 0
6 0 1 7 15 5 16 13 0 0 10 2 9 14 0 11
15 0 0 3 9 0 14 1 13 7 0 16 0 0 2 0
0 13 9 16 4 0 0 3 12 8 0 0 0 7 0 6
14 0 4 8 0 7 12 0 0 15 9 0 5 0 13 3
2 0 12 0 0 14 9 0 4 11 0 8 3 15 6 0
0 6 14 0 0 0 5 2 9 0 3 0 16 0 11 7
0 0 8 11 3 15 13 12 0 6 16 1 4 5 9 0
3 9 0 13 0 0 11 4 0 0 15 0 8 0 0 1
