0 11 0 0 2 6 3 16 0 13 0 5 0 9 0 12
15 0 7 0 0 8 9 0 6 0 3 10 1 0 14 11
4 10 12 0 15 1 5 14 8 7 0 2 13 6 3 0
0 5 3 0 12 7 0 0 0 0 9 0 15 0 0 2
0 0 10 11 3 14 0 0 0 4 6 0 12 16 0 0
0 0 2 16 8 11 0 6 9 0 0 1 10 14 0 13
13 3 15 0 9 0 0 0 11 8 14 16 0 1 2 0
9 0 0 5 7 16 0 13 10 0 0 0 0 8 11 4
2 4 13 0 0 9 0 3 5 0 1 11 8 15 16 0
0 6 0 0 0 0 14 0 15 0 12 8 9 11 4 0
11 0 0 0 6 0 16 2 7 9 0 4 5 3 0 0
5 9 1 10 0 0 8 0 3 14 0 0 0 7 12 0
0 2 4 14 0 3 0 8 0 10 0 0 11 0 0 5
0 0 9 15 11 5 6 0 0 1 4 3 0 2 0 0
3 12 0 7 14 4 0 0 2 5 8 0 16 0 1 15
0 0 5 0 0 2 10 7 14 0 13 15 4 0 9 0
