0 0 1 0 14 2 0 9 3 0 12 5 0 15 11 8
8 15 0 2 3 13 12 16 0 11 4 9 0 0 1 10
0 14 12 11 0 0 0 10 0 0 16 1 0 0 4 13
0 5 0 0 0 0 0 8 0 0 13 0 16 2 0 9
0 0 8 12 6 5 9 0 14 3 7 0 10 0 16 0
0 0 0 0 0 15 2 0 0 5 1 0 3 13 0 6
0 1 0 3 8 0 0 7 4 9 0 0 0 12 2 15
13 0 2 0 10 0 0 3 12 0 11 0 5 0 0 0
0 6 0 0 0 3 0 11 5 0 14 15 13 0 0 0
0 8 5 14 13 9 0 2 16 0 10 11 0 0 6 3
0 0 15 0 7 6 0 0 1 0 9 3 12 8 14 2
12 3 9 10 4 16 0 15 0 8 2 6 0 0 0 7
0 0 11 0 0 10 3 1 2 14 15 7 0 6 13 0
1 0 0 9 5 8 0 6 11 16 0 4 0 14 15 12
3 0 14 5 16 11 15 4 0 0 8 0 9 7 0 1
6 0 13 15 2 12 0 0 9 0 5 0 8 16 3 0
