0 0 14 0 11 7 2 10 13 0 6 3 5 0 8 1
1 0 0 3 0 9 14 6 0 0 4 10 12 16 15 11
9 13 0 11 12 0 15 0 14 5 0 0 0 0 0 0
12 2 8 10 0 0 0 0 0 9 0 0 13 0 0 6
0 0 16 0 3 14 8 13 10 1 9 0 6 0 0 4
0 1 0 0 2 4 10 11 3 14 8 12 0 0 16 13
0 0 10 12 5 15 6 16 7 0 13 11 0 8 3 9
0 4 13 8 0 12 9 0 0 0 0 0 0 14 0 10
5 0 0 6 0 0 1 3 2 15 11 0 4 0 9 8
0 0 0 1 0 13 11 0 9 3 0 5 0 15 0 14
13 0 11 0 0 5 7 15 4 0 0 14 3 0 1 12
4 0 0 14 0 2 16 9 0 0 1 13 0 0 11 0
16 0 0 13 0 11 12 0 15 7 3 8 0 10 0 5
0 3 0 9 0 6 5 0 1 0 0 4 0 11 7 0
0 0 0 7 1 0 3 4 0 0 2 9 0 6 13 15
8 0 0 2 15 16 13 0 5 11 14 6 9 1 0 0
