0 13 0 3 6 11 0 0 0 16 0 5 0 0 0 9
14 10 0 5 12 3 2 8 11 0 7 4 6 0 1 15
0 7 16 1 0 0 5 0 15 8 6 9 3 0 0 10
0 0 11 0 1 9 15 16 2 3 10 12 0 0 0 0
0 6 13 11 7 16 3 5 10 9 14 15 12 1 8 0
0 1 14 0 0 0 0 10 0 6 8 2 11 7 16 0
8 5 0 16 0 15 0 2 0 0 0 0 0 0 10 0
0 2 10 0 0 0 8 0 12 4 0 0 15 13 0 0
2 9 1 0 0 14 0 3 6 0 0 0 5 8 0 0
13 0 0 14 16 2 1 11 0 5 9 3 10 15 6 7
0 15 0 8 0 0 7 0 0 0 0 10 14 0 11 0
7 11 5 6 0 8 13 0 0 0 15 14 2 0 0 1
10 16 0 0 0 1 0 12 0 14 0 0 0 2 5 11
0 3 7 0 0 5 16 0 9 2 0 6 1 0 0 8
5 14 8 12 0 10 11 0 7 0 0 1 4 3 9 6
0 0 0 0 3 7 9 0 5 10 11 0 0 14 13 12
