16 0 3 2 7 1 15 0 0 12 0 13 0 5 0 11
4 0 14 0 9 12 0 6 11 1 8 0 16 0 7 15
9 10 0 11 16 5 0 0 0 7 2 3 0 0 4 0
12 0 0 0 0 2 4 0 15 5 6 16 3 9 14 13
0 0 0 0 0 0 10 9 16 6 13 14 0 8 0 4
3 0 6 0 2 4 0 0 8 11 12 1 13 7 0 5
0 2 9 16 0 7 8 11 3 0 10 5 0 14 1 6
8 11 4 1 0 6 0 0 0 15 0 0 0 0 16 3
0 0 0 3 10 11 0 7 4 13 0 0 0 15 12 2
14 0 10 12 0 0 0 0 2 8 0 11 0 0 13 0
11 0 0 0 15 13 0 0 0 14 1 6 4 16 3 8
2 0 13 0 0 9 14 3 12 16 15 7 6 0 5 0
0 5 8 9 6 15 7 0 0 0 16 12 2 0 0 0
10 0 2 6 0 0 0 0 0 9 7 8 0 0 15 16
15 16 11 0 5 0 12 2 1 0 0 0 9 3 6 0
7 0 12 14 0 0 0 0 6 2 0 15 0 0 0 0
