5 1 0 3 0 0 0 12 0 0 0 4 0 16 0 0
6 13 0 12 0 7 0 14 11 1 9 0 2 0 5 8
0 0 10 0 4 6 0 1 2 3 0 0 11 9 13 12
0 0 0 0 0 8 0 0 0 0 0 13 4 1 6 3
0 0 16 5 13 14 4 8 12 10 11 6 0 15 9 2
0 0 15 0 0 3 0 0 0 0 0 14 10 7 8 0
0 10 0 0 9 1 0 0 0 4 5 7 14 3 11 13
13 0 0 2 0 11 0 0 16 9 3 8 12 0 0 6
0 0 11 7 0 0 14 3 9 0 13 5 6 4 0 0
1 0 0 4 16 0 13 0 0 0 0 3 8 12 7 0
0 6 13 0 8 5 1 0 7 0 0 10 16 0 2 0
15 12 8 10 2 4 7 0 14 16 1 0 0 0 0 5
8 7 9 1 14 0 11 13 0 15 16 0 5 0 10 0
0 0 12 0 3 9 6 7 8 0 10 2 0 0 0 1
16 0 14 13 5 0 0 10 0 7 6 1 3 2 15 9
10 0 0 6 0 16 15 4 0 0 14 9 0 8 12 11
