9 3 0 0 16 6 0 15 0 13 0 0 0 5 8 12
0 0 14 0 3 0 13 0 8 10 0 0 9 2 7 15
0 8 15 16 11 12 0 0 9 0 0 2 0 0 0 6
0 6 0 10 0 4 0 8 0 0 0 5 16 0 0 1
16 12 0 0 0 8 0 4 15 3 5 9 0 1 0 0
14 7 2 0 12 9 0 0 13 4 6 16 5 0 3 8
3 15 0 0 0 0 0 5 10 8 0 0 7 0 9 11
0 9 0 5 1 15 0 0 0 2 0 0 0 12 4 0
6 0 0 14 0 10 0 12 7 9 0 0 15 8 0 3
0 5 10 3 0 13 0 2 16 0 12 8 0 9 1 0
7 2 9 8 0 0 0 3 5 6 0 0 0 13 0 4
0 1 16 12 4 7 8 0 0 11 13 10 14 6 0 2
0 14 0 6 9 11 0 7 0 0 0 15 0 10 2 0
11 13 0 0 0 2 16 0 6 5 10 3 1 0 12 9
0 16 0 0 10 3 0 0 2 7 8 13 4 11 15 0
2 10 12 7 15 1 4 13 0 16 0 0 8 3 0 5
