9 14 3 8 0 12 11 0 5 13 6 0 7 2 0 0
0 0 0 4 0 13 14 0 8 0 2 0 9 6 15 5
11 15 0 13 5 0 4 0 0 16 0 9 0 1 14 8
7 2 5 0 0 0 0 0 1 14 4 12 0 0 0 3
8 10 4 0 0 0 0 13 0 0 14 0 3 0 0 15
2 6 13 1 8 0 7 15 3 0 16 0 10 14 5 9
15 5 14 0 0 0 12 3 13 0 0 8 4 0 0 0
0 7 0 3 0 0 5 6 0 15 9 10 2 13 0 0
10 13 11 5 0 2 9 0 7 1 0 0 0 3 16 0
0 0 0 16 14 0 13 1 0 3 15 2 5 4 0 10
14 4 0 6 3 0 0 11 0 5 8 13 1 0 12 7
3 0 0 7 6 0 0 12 0 4 0 0 13 8 2 0
4 0 8 0 0 0 0 10 0 9 0 7 0 0 1 0
13 0 0 0 7 16 8 0 0 6 5 4 11 0 0 0
5 0 7 12 2 6 1 0 14 0 0 16 8 0 9 13
6 3 10 0 0 0 15 5 12 8 11 1 14 0 0 16
