0 0 9 0 7 0 12 0 6 11 3 0 1 0 13 0
13 0 2 0 5 0 16 0 0 0 14 8 4 0 0 7
15 10 6 14 3 8 1 11 7 5 13 0 16 0 12 2
7 8 11 0 4 0 0 13 1 0 0 15 10 0 5 0
0 11 0 16 1 0 8 0 3 0 4 9 2 0 0 0
9 2 0 8 16 0 0 6 15 10 0 0 7 0 3 1
4 13 3 0 0 2 0 0 8 0 1 11 6 5 0 0
1 6 10 7 15 0 0 3 16 0 2 5 0 4 0 8
10 0 0 5 0 3 9 0 0 8 0 12 13 0 0 0
0 0 8 0 6 13 0 4 5 3 0 1 0 14 10 11
6 0 0 11 0 1 5 8 14 9 15 0 0 0 7 0
0 16 0 9 0 12 15 14 0 2 0 0 0 1 0 0
0 14 0 10 8 0 0 7 12 0 6 0 15 0 0 0
11 9 15 6 14 16 4 10 2 13 5 7 8 12 0 0
8 12 1 0 0 0 6 0 9 4 0 14 11 7 16 5
0 0 4 13 0 9 0 0 11 0 8 16 0 2 6 0
