9 14 0 15 10 7 6 13 4 12 3 0 0 11 5 2
0 2 10 0 5 16 12 3 14 1 6 9 0 0 8 13
8 0 1 12 0 0 0 0 0 16 0 0 6 9 0 3
0 0 0 6 0 0 14 0 15 13 0 11 16 0 10 12
0 12 4 0 11 0 16 0 0 0 13 0 0 7 6 0
0 11 0 0 12 0 1 6 5 0 4 0 8 13 16 0
6 0 2 1 13 0 10 15 0 0 7 16 12 0 11 4
10 16 0 13 0 8 3 7 0 6 0 0 0 5 2 0
0 9 0 0 14 2 5 4 16 0 10 15 11 0 13 0
4 0 0 2 3 15 0 12 6 0 0 13 5 16 9 0
0 1 0 0 9 10 8 0 3 0 12 5 2 14 15 7
16 0 5 10 6 0 11 1 0 0 14 2 4 12 3 8
0 7 0 0 1 0 0 8 13 10 16 0 0 0 4 5
2 0 11 0 0 0 13 0 12 5 0 4 0 0 1 16
0 4 0 5 0 12 15 10 0 0 9 0 13 6 0 0
0 0 0 16 2 6 0 0 0 0 11 0 9 8 0 14
