8 14 2 13 3 11 15 4 0 0 0 9 5 10 16 7
0 16 0 7 5 14 0 0 11 4 0 10 3 0 0 0
0 11 0 0 7 0 0 16 8 5 0 13 14 2 4 6
4 15 5 0 12 6 2 1 3 14 0 0 0 0 0 9
1 0 7 12 9 0 0 14 5 10 0 15 0 3 6 0
0 0 0 0 4 5 1 0 7 0 0 16 9 14 0 0
5 0 11 15 6 3 0 0 14 13 0 8 0 0 0 16
0 0 16 0 0 8 0 0 6 3 1 11 12 4 0 13
0 5 0 0 2 0 0 0 10 0 3 6 16 0 0 0
15 0 0 2 0 0 0 9 13 8 0 0 0 0 3 0
16 8 13 6 10 12 0 5 15 7 0 1 4 9 14 0
0 7 0 11 0 15 0 6 9 16 14 0 0 5 0 12
0 0 9 0 0 13 6 0 16 15 0 5 10 0 7 14
6 3 0 5 14 9 0 7 1 0 10 12 13 0 0 0
0 10 8 1 11 0 0 0 4 6 0 14 15 16 9 3
13 0 14 0 0 0 0 15 2 0 7 3 6 11 1 5
