2 0 4 0 0 16 5 8 10 11 0 14 7 9 0 0
11 15 8 5 2 13 14 0 0 7 12 0 0 10 0 3
0 0 1 14 6 7 0 0 2 0 0 0 11 8 0 15
16 13 0 0 0 0 0 0 0 0 3 0 5 4 2 0
8 1 11 0 0 0 10 15 3 0 16 0 9 6 12 7
0 0 13 16 0 0 4 2 0 12 0 0 14 3 15 0
15 0 7 12 16 3 0 13 8 10 0 5 2 1 4 0
4 0 0 0 0 0 9 7 14 0 1 0 8 13 0 0
7 4 2 13 0 14 0 0 9 3 0 0 0 5 6 1
6 10 5 0 7 1 13 3 0 14 0 0 15 0 9 0
12 16 0 3 9 0 2 6 0 0 0 10 0 11 0 8
0 9 15 11 0 0 16 0 0 8 7 6 3 14 10 0
0 11 16 4 3 0 12 5 1 15 14 2 0 7 8 0
0 0 10 15 0 0 1 14 0 9 0 0 12 0 3 0
0 0 0 0 8 0 15 11 16 5 10 0 4 2 0 6
0 2 6 0 0 10 0 16 12 4 0 3 1 0 11 5
