0 12 6 5 13 0 9 0 14 0 7 2 0 8 10 3
0 15 9 0 12 0 0 2 0 13 0 6 11 0 0 0
14 13 0 1 0 0 6 3 0 0 8 10 0 12 0 9
10 3 0 11 7 16 0 0 0 0 9 5 4 0 13 6
8 7 15 9 2 0 0 12 0 0 16 0 0 6 0 0
0 2 13 6 0 8 0 0 7 14 15 4 12 3 11 0
3 0 0 10 0 13 7 0 0 0 6 12 0 14 0 0
0 0 5 14 11 4 0 6 0 1 3 8 13 0 2 7
11 0 0 12 6 0 13 15 2 9 14 16 7 5 4 0
0 8 14 13 4 7 2 5 0 12 0 0 3 0 0 1
0 5 0 16 10 12 0 0 0 4 0 0 0 0 6 2
0 0 7 4 0 9 0 8 0 0 5 0 14 15 12 0
0 14 0 15 0 2 0 0 0 6 4 3 0 9 5 13
5 0 11 2 3 0 0 9 0 7 13 0 0 1 0 12
6 10 16 3 0 0 4 0 0 0 12 9 2 0 0 0
13 9 12 8 15 1 10 0 16 5 0 11 0 4 3 14
