0 16 0 13 0 0 0 6 0 9 11 7 0 3 4 10
4 9 0 0 0 0 0 0 13 8 14 10 2 0 16 12
1 0 12 3 4 0 10 0 16 6 5 0 11 8 0 9
6 0 14 0 0 11 0 9 1 2 0 3 15 0 13 5
9 0 0 0 0 16 0 0 8 4 15 14 10 0 1 0
12 3 7 0 0 0 11 15 0 1 0 16 6 9 0 0
16 5 8 0 0 0 0 0 10 11 0 0 0 15 12 0
14 15 13 1 0 0 9 10 0 3 12 0 0 11 5 0
0 0 6 0 3 12 0 0 4 14 0 11 5 0 9 0
5 12 0 14 11 2 7 4 0 15 1 13 8 0 10 0
10 8 1 16 0 0 0 0 3 7 2 5 12 4 11 0
2 0 4 0 15 0 5 0 6 12 16 8 7 14 0 0
0 0 16 0 0 6 0 12 11 0 7 1 0 5 8 0
0 1 0 6 13 0 14 8 0 5 0 4 16 0 15 11
11 0 15 0 0 0 1 2 0 16 0 9 13 0 6 0
8 13 9 5 16 0 0 11 0 10 0 0 0 1 7 2
