5 16 0 11 2 8 9 0 4 7 0 15 10 14 0 0
0 6 4 14 0 7 0 11 0 0 0 2 0 3 8 0
0 15 2 7 0 13 0 10 0 0 0 3 5 0 11 12
0 0 0 10 0 5 14 15 12 0 9 1 2 7 0 0
0 0 13 16 10 0 0 0 0 9 2 4 6 0 5 11
8 5 3 12 0 11 13 0 0 16 0 14 0 4 0 15
0 2 0 9 0 1 0 7 3 0 5 6 13 0 0 0
4 10 14 0 5 16 15 0 11 0 0 13 9 0 0 3
15 8 11 13 0 0 0 9 14 0 16 0 0 10 6 0
0 4 9 5 14 12 16 1 2 15 0 10 11 13 0 8
10 0 0 0 0 3 11 8 0 6 4 7 14 0 0 2
3 0 0 2 0 6 0 0 9 13 0 8 12 0 0 4
16 0 5 8 11 15 6 14 1 3 13 9 4 2 0 10
14 11 1 4 3 0 0 0 0 2 0 16 0 15 9 0
2 0 0 15 12 9 1 4 0 10 0 5 0 0 0 7
0 9 0 0 8 0 0 16 0 0 15 0 1 0 0 0
