0 0 0 13 10 12 16 0 4 1 5 14 7 11 0 2
0 4 5 2 0 0 13 0 7 16 0 12 14 0 1 15
10 14 0 7 4 2 5 0 11 3 8 15 16 0 6 0
3 0 0 0 7 0 0 15 6 13 9 0 0 0 0 5
12 0 0 15 0 13 10 16 14 6 4 0 11 0 5 0
0 1 10 0 11 0 0 0 0 9 0 7 12 4 15 0
11 0 8 0 0 7 0 4 10 0 0 0 0 6 0 0
0 9 13 0 14 3 12 0 0 15 11 0 10 0 0 1
15 5 0 3 16 9 8 14 1 0 13 0 0 0 11 0
7 0 0 10 0 0 2 1 0 4 0 0 13 16 0 0
16 13 9 6 12 5 4 10 0 0 0 11 15 1 14 0
0 8 4 1 13 0 7 6 12 14 15 0 0 0 3 0
0 16 7 0 9 14 1 12 3 11 2 0 0 15 10 0
14 15 11 12 2 10 0 0 16 5 7 1 8 0 0 0
0 0 0 0 5 4 11 7 15 8 0 0 3 0 2 16
0 2 0 5 0 0 0 0 9 10 0 4 1 0 7 0
