0 0 7 8 16 10 1 0 0 11 6 2 0 3 0 4
5 12 0 0 0 2 13 0 15 0 7 0 10 8 6 9
0 11 0 0 0 7 0 0 9 0 0 4 0 0 13 0
0 0 2 9 0 15 4 5 13 0 8 0 0 0 12 0
0 0 3 0 9 5 7 12 0 0 10 0 0 4 11 0
12 0 9 0 10 0 16 0 0 4 15 13 1 0 14 6
0 0 0 11 8 1 0 0 5 2 9 16 12 15 10 3
1 0 0 10 0 6 0 2 14 0 0 11 13 9 7 8
8 0 0 12 15 0 11 0 0 0 0 6 0 1 0 5
9 7 1 15 0 4 0 16 8 0 0 0 6 0 3 14
6 2 5 0 1 0 0 7 16 0 4 14 0 13 9 0
0 0 0 0 0 14 9 6 0 7 1 5 8 0 16 15
4 9 11 14 13 0 6 15 1 10 3 8 5 0 2 12
0 6 12 0 7 8 3 0 11 5 0 0 4 0 0 16
16 3 8 0 0 11 5 0 0 6 0 15 0 10 1 0
13 15 10 0 14 0 2 0 4 0 16 7 3 0 0 11
