11 1 10 14 0 0 6 0 7 0 0 0 0 0 0 13
0 0 6 0 0 0 0 13 4 2 0 1 0 12 0 0
0 4 12 3 0 10 9 0 11 6 13 14 5 0 16 1
0 13 16 2 0 12 1 4 0 3 0 5 0 0 0 14
0 11 0 7 4 5 10 0 6 0 1 0 15 0 0 2
13 5 0 15 2 9 7 12 14 0 10 0 6 3 11 0
0 12 4 0 0 0 15 8 0 0 0 16 0 10 0 0
0 0 0 0 1 11 0 6 0 0 15 0 4 5 9 12
9 0 3 8 0 15 11 14 1 0 2 4 12 0 0 0
12 14 0 4 0 7 0 0 16 0 0 13 0 6 0 15
10 0 2 13 12 0 16 0 15 0 11 0 0 0 14 4
0 15 5 0 9 0 13 2 12 14 7 3 16 0 10 0
16 8 13 0 0 3 12 7 9 15 0 0 2 1 4 6
5 3 0 1 0 6 8 11 0 7 0 2 0 16 0 0
4 0 0 12 15 0 2 0 8 1 0 10 0 14 0 11
14 2 9 11 13 1 4 10 0 16 6 12 0 15 8 0
