0 10 8 16 0 3 12 5 13 14 0 1 9 0 2 0
5 0 7 14 9 16 0 13 3 2 0 11 8 10 1 4
0 3 1 0 11 7 0 0 5 8 4 9 15 13 14 16
0 0 0 0 1 4 14 0 10 0 0 15 3 12 5 7
9 0 0 0 0 0 3 0 0 4 11 0 0 0 0 1
0 0 5 4 0 2 0 9 7 3 1 6 12 8 11 15
15 0 0 7 5 11 0 0 12 0 0 14 4 0 16 0
0 13 0 3 0 0 4 7 16 15 2 0 5 14 6 0
0 1 9 5 3 10 0 0 15 0 14 12 0 0 4 13
0 11 0 0 13 14 5 15 6 10 0 0 1 0 0 2
2 0 15 0 12 9 0 6 1 0 0 16 7 11 0 14
3 6 0 0 4 1 7 0 11 0 8 0 0 5 15 12
6 12 0 0 2 13 0 0 0 11 10 0 16 1 9 0
11 0 0 0 10 0 9 1 2 12 0 13 14 0 7 8
0 0 0 0 0 0 0 0 0 0 15 8 11 0 0 10
16 7 0 9 14 0 0 0 4 1 0 3 0 15 0 0
