7 11 0 0 0 8 12 0 13 2 0 9 0 0 0 4
0 13 12 1 4 6 11 14 7 15 3 5 10 0 2 8
15 0 10 9 0 5 16 2 0 1 12 0 3 0 7 0
2 14 5 8 0 0 9 3 4 0 0 0 0 0 1 0
0 5 0 0 0 12 0 0 0 0 1 10 8 0 0 0
3 9 7 0 5 0 0 0 0 16 8 6 0 10 4 14
14 8 15 2 16 0 0 11 12 3 13 0 6 0 9 5
11 0 1 4 0 0 8 6 0 5 14 0 12 0 13 16
0 0 2 3 0 0 5 16 8 12 9 0 0 4 0 0
8 12 4 5 15 0 0 9 0 11 0 14 7 2 0 0
1 0 0 13 0 14 3 0 0 0 0 2 15 5 0 9
0 0 0 7 6 2 4 0 1 13 5 0 11 16 8 12
0 0 0 15 11 4 10 0 0 0 16 13 9 0 0 1
0 0 0 11 9 1 0 13 5 8 0 12 14 0 0 10
0 0 6 0 8 3 0 5 0 0 4 1 16 13 0 0
0 0 9 0 14 0 2 12 3 7 15 11 4 0 5 6
