0 0 5 11 12 0 0 16 0 0 15 0 9 13 0 0
15 10 13 0 2 9 0 0 11 0 16 3 8 7 0 6
1 0 0 14 5 0 6 11 12 2 0 4 0 0 16 0
6 0 0 4 0 0 15 1 14 10 9 0 0 0 12 5
2 4 12 9 0 0 13 10 0 16 7 0 6 3 0 8
8 6 3 0 0 7 0 0 4 0 10 15 14 16 0 0
5 7 10 15 16 0 8 0 13 0 3 0 0 0 9 11
0 16 14 0 3 15 9 6 1 12 2 8 7 5 4 0
7 1 4 10 6 11 16 5 3 13 12 0 15 0 2 14
0 14 11 5 8 0 7 0 0 15 0 10 0 9 3 13
13 0 8 3 1 2 14 0 7 11 0 0 16 0 10 0
0 0 0 0 15 10 0 0 8 1 14 16 0 4 11 7
0 0 15 0 9 0 11 3 0 8 13 2 4 12 0 1
0 3 0 7 13 0 0 0 0 0 1 14 0 0 8 16
14 0 0 0 0 0 2 0 0 0 0 0 13 0 6 0
0 0 2 16 0 0 0 8 15 0 0 0 0 14 5 9
