0 0 0 0 1 15 16 3 13 6 2 0 12 7 10 0
0 6 10 3 0 0 14 5 0 0 0 0 9 0 2 11
8 2 16 1 7 0 10 11 0 12 3 4 6 15 0 14
0 12 0 11 0 2 6 13 0 10 0 0 0 3 5 16
11 0 0 0 0 6 5 2 10 0 15 8 1 12 3 13
15 1 8 0 4 3 12 0 6 13 14 0 2 11 7 0
0 0 14 10 0 0 0 0 7 0 0 12 5 16 8 15
12 13 0 0 16 7 0 0 0 11 5 0 10 14 6 4
5 0 1 2 6 8 0 16 3 0 13 0 11 10 9 0
0 0 7 0 0 0 0 0 12 0 11 2 16 0 0 0
3 0 12 0 15 13 11 1 8 5 9 0 7 4 0 0
14 0 9 0 0 0 2 0 0 0 0 1 0 13 0 0
16 14 0 12 0 0 0 8 0 1 0 0 0 9 0 6
2 5 11 7 9 0 13 6 0 0 0 0 14 8 16 10
0 4 6 8 2 16 0 0 11 14 10 13 0 5 12 0
0 10 0 15 5 12 0 14 0 0 16 0 13 2 0 0
