0 8 14 0 0 2 12 11 13 0 10 0 4 15 0 0
12 0 7 11 0 4 0 0 0 3 14 0 13 8 0 0
0 15 2 3 13 10 7 0 11 0 9 8 5 14 12 6
5 0 4 0 0 6 0 8 0 7 0 0 0 0 0 10
0 3 8 15 12 0 0 5 2 0 13 4 0 0 16 14
4 12 0 5 8 14 11 0 9 15 7 0 2 0 6 1
7 0 11 2 15 0 10 6 1 16 8 14 0 0 5 13
13 14 0 1 16 7 0 0 5 0 0 0 0 9 0 0
0 7 15 0 9 0 0 2 0 0 0 0 0 6 0 0
6 1 12 0 10 13 0 3 7 5 4 0 0 0 2 0
14 0 3 13 7 0 4 1 0 8 0 6 0 0 0 9
16 0 0 0 0 0 0 14 3 2 0 9 7 13 8 0
0 5 10 0 4 0 1 15 14 9 0 3 6 12 0 11
2 6 9 0 0 0 3 0 0 13 0 0 0 1 0 4
0 16 13 14 6 0 5 12 4 10 11 1 9 0 3 7
0 11 1 4 2 0 13 0 0 12 0 0 16 10 14 5
