2 0 15 10 0 4 6 1 13 0 14 0 16 5 3 8
0 16 4 0 0 0 8 12 10 0 1 0 0 0 2 0
12 11 3 0 13 10 16 5 8 7 0 9 0 4 15 0
1 0 8 0 0 3 15 0 6 5 16 0 0 9 0 0
0 3 14 0 0 2 0 7 0 11 13 12 0 6 0 5
13 1 6 9 10 0 5 3 0 14 0 0 8 12 11 2
5 2 0 0 0 0 9 0 16 1 6 8 0 14 0 3
8 12 0 7 4 11 14 6 0 10 5 3 0 0 0 15
15 0 2 16 6 12 0 0 0 4 10 13 0 0 0 0
10 6 0 0 0 0 4 0 0 0 0 0 0 0 0 12
3 0 11 4 0 1 7 0 15 8 12 0 2 10 6 0
0 8 0 12 0 14 3 0 1 0 11 0 15 16 0 4
0 4 7 0 1 5 0 14 0 13 0 6 0 15 10 16
14 10 0 0 0 0 12 11 5 0 0 1 3 8 0 6
16 15 12 6 0 8 0 0 0 0 9 0 0 0 5 0
0 5 0 3 9 0 0 16 12 15 8 10 4 2 14 7
