0 13 10 16 14 9 12 0 0 0 6 15 11 4 0 5
0 3 9 0 0 11 10 0 14 0 0 0 1 0 15 0
1 11 12 15 7 0 0 4 0 2 9 5 8 14 0 10
8 5 14 0 0 0 0 13 0 11 0 0 0 12 7 0
0 0 0 3 0 0 0 1 16 8 15 0 6 9 0 2
13 6 0 0 2 8 0 9 0 0 0 7 0 1 12 0
5 9 8 0 4 7 14 3 2 13 12 6 10 0 11 15
14 16 2 10 15 0 13 12 0 0 0 0 7 3 4 8
3 12 0 8 9 14 7 10 1 16 0 0 15 11 0 6
0 4 1 0 0 0 0 11 6 0 0 2 12 10 5 0
10 0 0 0 0 0 0 8 15 9 0 0 14 13 0 16
16 14 6 5 12 1 2 0 7 0 0 11 0 0 9 4
6 0 7 0 3 12 5 0 0 15 11 0 16 0 10 0
0 1 0 0 0 0 15 0 0 0 14 8 0 7 6 3
0 0 16 0 0 0 0 6 0 0 2 3 13 15 8 0
0 0 3 0 10 2 8 7 0 0 16 1 4 5 14 11
