0 13 0 8 0 4 0 5 16 6 0 9 3 0 1 14
11 15 4 3 0 0 8 0 10 2 0 7 0 9 12 0
10 0 16 0 13 7 3 1 0 0 5 0 8 0 4 2
7 1 0 5 2 0 0 0 8 0 0 4 11 16 6 10
0 4 8 7 9 10 14 16 0 0 0 0 1 0 15 6
13 11 10 0 12 0 0 4 0 0 0 15 0 8 0 0
5 0 15 0 1 8 0 3 4 10 0 13 14 0 0 11
0 16 6 1 15 2 11 0 0 8 14 3 0 5 0 4
4 10 9 6 5 0 1 7 3 13 0 0 15 11 8 0
15 0 11 13 0 0 0 14 1 4 0 0 0 10 7 0
0 0 0 0 6 0 0 9 0 5 0 11 0 14 2 3
14 2 0 12 0 11 4 0 15 7 9 16 0 0 0 0
6 14 0 0 4 1 12 0 13 16 3 0 0 2 0 5
1 12 13 0 7 5 9 2 0 15 4 0 16 0 14 8
0 0 5 0 8 13 6 0 0 0 0 2 12 1 11 0
0 0 0 10 0 3 16 0 0 11 0 0 0 0 13 7
