0 9 15 0 12 0 0 5 0 1 10 2 4 6 0 0
6 4 12 16 2 11 1 15 0 0 7 13 8 10 3 14
0 1 0 0 9 7 6 0 0 16 15 0 5 12 0 0
0 10 0 0 13 0 3 4 0 12 0 6 1 0 0 0
14 0 0 12 7 4 15 11 0 0 5 0 3 13 10 0
0 0 1 4 5 0 0 16 12 0 0 8 14 9 0 0
0 0 0 3 0 0 0 0 0 0 4 0 12 0 5 0
5 6 7 10 0 1 12 9 15 14 13 16 0 4 8 0
1 0 13 6 0 2 0 3 7 8 0 0 0 0 4 5
0 0 0 15 11 8 0 7 5 6 9 10 0 3 14 1
10 0 0 7 4 0 5 0 0 0 2 11 6 15 0 8
11 0 3 5 6 9 14 12 0 4 1 0 0 0 16 0
12 7 6 0 16 5 11 0 3 15 0 9 10 2 13 0
0 15 2 11 10 3 7 6 0 13 8 5 0 0 0 0
0 5 0 0 14 0 4 0 11 0 6 12 7 0 1 3
0 0 14 8 1 12 9 2 0 0 0 0 15 0 0 0
