9 6 12 16 0 0 5 0 8 0 11 14 0 15 10 7
11 3 13 0 0 0 0 15 9 12 4 0 1 0 5 0
4 14 10 0 7 11 0 0 0 3 1 15 6 16 12 0
8 0 0 2 0 4 0 9 0 7 0 0 14 3 13 0
0 0 5 0 4 13 16 0 1 0 14 7 0 6 9 0
0 4 0 9 2 15 7 10 5 0 13 0 0 0 14 1
0 11 0 0 5 6 1 0 0 8 0 0 7 10 0 15
0 0 1 0 14 8 9 11 2 15 10 4 0 0 16 12
0 5 7 0 3 0 4 14 15 0 0 11 10 12 8 0
10 12 0 0 1 0 15 5 3 4 2 0 0 0 11 0
13 0 0 8 10 9 0 0 6 0 12 1 15 5 3 16
0 15 0 0 0 0 0 6 16 5 0 10 9 1 0 4
7 9 0 12 15 0 0 0 0 0 8 0 0 0 0 5
5 16 6 0 0 0 0 13 7 1 3 12 11 4 0 0
0 0 0 0 12 5 6 0 11 9 15 2 0 0 7 13
3 0 2 15 0 7 14 0 4 16 0 5 12 0 1 0
