16 0 0 3 15 12 0 6 0 0 8 13 9 5 11 7
14 1 0 0 7 0 0 10 0 11 0 0 4 0 0 12
0 0 0 0 0 0 0 0 0 4 0 12 10 0 14 0
10 0 0 0 9 4 13 0 7 16 0 3 0 0 0 2
0 0 4 6 3 7 9 5 16 14 0 0 0 15 2 10
0 3 5 0 0 0 0 0 13 0 0 0 16 4 0 14
2 15 14 0 4 10 0 13 3 0 7 8 5 0 0 11
0 0 0 8 1 14 16 15 5 0 0 0 13 6 7 3
0 10 0 7 0 9 0 0 4 0 0 15 11 8 0 13
0 16 1 9 11 13 4 12 8 7 2 6 0 0 10 0
15 0 11 0 0 0 3 16 9 13 0 14 0 0 0 6
5 0 13 4 8 15 6 7 0 0 16 10 0 2 0 1
12 6 0 0 13 0 15 4 0 8 0 0 7 11 5 9
0 2 15 5 0 11 10 0 6 0 13 7 1 0 8 16
1 13 0 0 12 6 7 8 0 0 4 0 2 10 0 15
8 7 3 10 16 2 5 0 0 0 15 11 14 13 0 4
