11 0 4 8 2 5 0 0 0 3 6 10 13 0 0 14
0 0 1 0 0 14 0 12 15 0 16 13 0 4 2 0
0 5 0 0 6 10 15 0 1 8 0 11 9 7 0 12
15 9 13 0 3 4 0 0 7 0 14 5 8 1 0 6
0 6 3 0 0 2 0 1 0 10 0 0 16 0 0 9
14 0 0 11 13 9 7 5 16 1 0 2 6 12 4 0
0 1 0 0 8 0 3 6 0 7 0 9 2 0 14 10
0 15 0 0 10 16 14 4 0 0 0 6 1 8 7 0
0 0 5 13 0 7 10 15 0 0 12 0 0 0 1 8
0 0 8 0 12 6 11 14 0 5 1 3 0 0 13 2
12 0 7 14 0 1 0 0 0 0 11 0 0 6 0 15
10 0 6 1 5 8 0 16 2 15 9 0 0 14 0 0
1 10 15 0 0 0 5 8 13 0 7 12 4 0 0 16
0 12 11 3 15 0 0 10 9 16 0 8 0 5 6 0
0 13 0 6 1 3 0 0 14 0 0 15 12 10 8 0
0 14 9 5 0 12 0 7 3 4 10 1 0 2 0 0
