8 16 0 0 14 0 1 13 4 0 6 0 0 12 5 0
1 14 12 0 15 0 8 5 0 0 2 0 3 0 0 0
9 2 15 0 11 4 0 12 5 14 3 0 8 10 13 0
11 0 0 13 0 0 3 6 0 15 0 0 0 7 16 2
0 12 14 0 5 6 0 3 0 1 0 13 4 9 7 11
7 0 2 0 0 15 0 0 0 11 0 5 10 1 0 0
5 0 16 0 0 0 14 2 10 6 7 4 0 0 12 0
0 0 13 4 7 0 12 10 16 3 9 0 5 0 8 14
14 15 0 0 8 5 11 1 9 0 16 0 0 0 4 0
0 5 0 9 0 0 15 0 1 0 11 6 13 0 10 8
0 6 11 0 12 0 0 0 8 4 5 14 2 16 0 0
4 0 8 12 16 0 6 9 0 2 10 7 0 11 3 5
12 3 0 14 6 0 2 0 7 0 13 0 9 0 0 0
0 0 1 5 4 12 0 11 0 0 0 10 16 3 2 13
13 0 6 16 3 0 0 14 11 0 0 2 0 8 0 4
0 0 0 11 0 1 13 16 0 0 4 12 0 15 14 7
