0 3 10 0 4 8 0 0 12 0 7 13 6 9 16 0
16 7 2 0 5 12 0 0 15 0 10 6 14 0 0 4
0 9 4 12 0 0 11 13 16 0 0 2 8 0 15 0
0 0 11 0 16 10 15 1 3 4 5 9 12 13 2 7
2 13 0 14 1 0 4 5 0 0 6 11 0 0 0 10
0 1 7 0 15 0 0 11 0 0 2 5 16 14 0 8
12 15 0 4 14 0 16 7 1 0 3 8 5 2 13 11
11 16 5 0 13 2 10 8 0 7 15 12 1 4 6 9
10 4 0 15 2 13 0 16 7 3 0 14 0 8 5 1
8 0 0 0 12 0 0 6 0 1 13 4 2 16 0 0
0 0 1 0 0 0 0 4 11 6 0 0 0 0 0 0
0 0 0 0 11 0 8 3 5 0 0 15 0 0 0 0
0 2 0 11 0 4 0 15 8 0 16 0 0 12 0 13
0 0 15 5 0 0 13 2 6 0 0 0 9 0 10 16
4 10 0 0 7 11 1 12 0 9 14 0 0 5 0 2
3 12 13 9 0 16 0 0 2 0 0 0 0 6 1 0
