0 0 1 11 14 0 0 0 15 5 0 2 0 13 6 7
0 0 9 2 5 0 0 10 7 0 4 0 8 0 1 11
0 0 14 0 2 0 8 7 0 11 13 0 0 0 0 0
0 7 13 0 11 9 6 15 0 0 10 1 2 0 0 0
14 2 5 7 13 0 15 11 0 16 1 10 0 12 8 0
0 8 15 4 0 0 2 14 13 6 0 0 0 0 3 16
13 0 3 1 0 12 16 6 0 0 0 5 4 0 11 0
11 0 6 12 0 10 3 0 9 0 2 0 14 5 0 13
0 0 8 9 4 6 7 0 0 13 16 15 10 0 12 3
0 3 0 14 16 13 10 0 0 0 12 0 0 1 7 0
0 0 16 10 0 0 5 0 0 0 7 4 15 9 2 6
0 12 2 6 0 14 1 3 5 0 9 11 0 4 0 8
9 0 7 8 0 15 0 16 4 12 6 3 0 2 0 0
0 4 12 13 0 8 9 0 0 7 15 0 0 11 16 0
16 0 10 3 0 2 14 0 11 0 0 13 7 6 4 15
0 0 11 0 0 7 0 13 10 0 5 16 3 0 9 0
