14 3 0 0 13 0 6 11 1 0 2 5 0 0 4 0
0 1 0 2 0 4 7 0 0 0 16 0 8 12 0 14
0 4 0 0 0 1 10 5 3 12 0 11 2 6 16 0
0 5 0 13 12 0 0 16 0 4 0 14 7 1 0 0
0 0 3 6 0 0 0 0 12 15 0 4 14 5 9 8
12 10 1 7 8 9 16 0 14 5 0 2 0 13 0 15
0 0 5 11 0 0 4 14 6 8 0 7 16 2 12 1
0 8 0 4 6 5 2 12 9 0 13 16 3 0 7 0
4 15 6 1 9 13 8 0 0 0 0 12 0 3 0 5
11 12 0 0 0 6 3 15 4 10 5 1 0 0 0 16
0 0 7 0 0 14 5 4 2 13 15 8 6 0 1 0
13 0 10 5 0 12 1 0 0 0 0 0 0 4 0 7
0 2 16 14 5 0 0 0 8 3 12 0 9 0 0 4
5 6 13 10 4 16 0 1 0 0 7 9 0 0 11 0
0 7 4 12 10 0 9 0 16 11 1 0 0 0 0 0
3 0 15 0 0 7 0 8 5 14 0 13 0 0 0 6
