9 0 0 0 4 0 14 6 0 3 0 8 0 11 1 16
12 0 10 1 13 9 2 3 0 0 16 6 5 0 0 8
0 6 4 0 12 8 11 16 0 7 0 1 3 9 13 2
11 0 3 16 1 15 5 0 13 0 0 0 6 0 4 12
0 10 13 7 16 12 0 4 15 0 2 0 0 0 0 11
0 0 0 15 0 0 0 0 0 1 0 0 13 5 14 0
0 12 11 14 0 1 9 15 7 10 8 0 16 4 2 0
2 0 0 0 0 0 0 14 11 0 0 16 0 12 0 0
0 1 2 10 9 0 4 0 16 0 0 0 14 0 11 15
5 0 0 12 10 14 0 0 0 0 1 0 0 0 9 13
0 4 14 9 0 7 15 0 2 0 0 0 12 1 8 0
15 3 8 6 2 5 1 13 0 14 0 0 0 16 7 4
0 13 16 0 15 0 0 5 14 4 10 3 1 0 0 9
7 15 1 0 0 16 0 9 0 6 11 0 4 13 12 0
10 0 5 2 0 4 0 0 8 12 13 0 11 15 16 0
0 14 12 4 0 13 0 0 0 16 0 15 8 2 5 3
