4 16 0 0 0 1 13 0 0 15 0 2 0 0 0 9
0 9 0 0 2 0 10 15 0 1 0 4 3 0 8 16
1 14 15 8 0 12 3 9 16 0 5 10 2 13 4 6
0 0 0 2 7 16 4 14 13 6 9 0 1 11 0 0
0 0 0 16 12 7 6 0 0 9 1 0 11 0 0 0
7 0 9 3 16 11 2 13 14 12 4 0 0 0 6 0
0 0 6 13 3 4 15 0 10 0 16 7 0 9 14 2
15 12 0 0 0 0 0 10 6 3 8 0 0 0 0 7
0 0 8 0 5 0 14 0 0 11 0 12 6 0 9 1
0 13 0 5 15 8 0 11 0 10 6 16 4 3 0 14
10 0 4 14 6 2 1 16 0 8 15 9 7 0 11 0
0 0 0 0 0 13 9 0 7 0 3 14 15 0 10 0
16 0 0 9 13 0 12 5 0 4 0 3 0 2 1 0
5 11 0 4 10 0 0 7 0 0 2 1 8 0 12 0
12 2 0 0 9 14 8 4 0 13 10 6 16 0 7 0
8 0 3 10 0 0 11 0 0 16 0 5 0 0 13 0
