9 4 12 10 8 13 0 2 5 14 0 1 0 3 16 0
0 6 0 0 0 0 0 0 3 0 0 12 0 0 2 0
0 2 5 0 0 0 0 10 8 0 16 9 15 1 12 13
3 1 0 13 12 14 15 0 7 0 4 6 0 10 9 5
0 11 0 5 7 0 13 1 2 10 6 8 0 12 14 9
0 0 0 1 4 0 0 0 9 7 12 0 0 11 0 2
7 0 0 15 0 0 12 6 14 0 11 3 13 4 0 8
0 3 0 0 0 16 11 0 15 0 13 4 5 0 10 6
0 0 0 14 0 0 0 12 0 5 0 0 1 15 8 16
0 15 0 6 14 1 0 7 0 9 8 2 10 0 0 0
5 0 0 2 0 0 0 0 0 0 1 13 0 9 7 0
0 0 1 3 0 0 0 4 0 15 0 7 11 2 6 12
15 5 2 4 0 8 14 3 0 6 9 11 12 0 0 7
0 0 13 0 11 2 6 16 0 4 0 0 14 8 3 1
0 12 0 16 0 7 4 13 1 3 0 14 9 5 11 0
1 14 0 0 10 0 5 0 0 8 7 16 2 6 0 15
