15 5 0 16 13 3 0 0 0 12 14 0 0 7 0 0
14 0 0 0 0 10 9 5 0 0 0 2 12 0 0 0
0 13 6 12 0 15 0 16 5 0 0 0 0 2 9 3
9 2 0 11 0 12 6 0 8 0 3 1 15 0 14 0
0 0 0 4 3 8 10 0 0 14 0 5 1 12 0 0
16 0 7 9 12 0 0 15 1 0 4 0 13 14 5 0
0 12 14 8 9 4 16 1 0 0 15 7 0 6 10 11
10 3 13 1 14 0 0 11 0 16 8 0 2 0 4 0
3 9 8 0 0 2 0 7 15 5 12 0 16 10 11 0
12 0 16 10 0 1 15 0 7 9 2 0 8 13 0 0
7 1 2 5 0 14 8 10 0 6 0 16 9 0 12 0
13 0 0 14 6 16 0 0 10 4 0 0 5 0 7 0
0 16 9 0 0 0 0 8 14 3 0 0 6 1 0 0
0 14 0 0 10 13 0 12 0 8 0 0 11 0 0 5
6 10 5 0 0 9 1 0 12 11 16 0 0 8 0 0
4 8 12 0 16 11 3 6 2 1 5 15 14 0 13 10
