8 13 12 0 7 0 3 5 6 16 1 4 0 0 10 0
5 0 0 16 0 0 9 0 11 0 0 0 3 14 13 2
9 0 0 14 0 13 16 0 5 0 3 0 0 1 6 7
10 7 0 0 0 0 0 0 0 2 0 14 0 0 0 12
11 0 0 13 14 16 8 0 2 1 15 10 0 0 0 5
3 2 5 12 0 4 13 15 0 8 11 7 6 16 0 10
15 1 0 0 0 5 7 0 14 6 16 0 0 4 0 0
16 9 0 0 11 0 0 0 0 5 4 13 1 3 0 8
12 0 3 15 16 0 5 11 1 0 0 0 2 0 9 4
1 8 11 9 13 6 14 7 4 0 5 2 10 15 3 16
0 5 7 0 0 10 15 0 16 0 0 0 13 12 0 0
2 16 13 0 12 0 0 0 0 0 10 0 0 8 0 14
0 3 9 8 6 7 11 14 10 0 0 0 15 0 0 0
6 14 2 0 0 0 0 16 0 7 0 1 8 10 0 0
7 12 10 1 4 9 2 8 0 11 0 0 0 13 0 0
0 15 16 5 0 0 0 0 8 14 2 9 12 6 7 11
