0 0 0 0 0 0 13 15 0 0 11 0 4 16 12 3
0 7 0 15 0 8 0 14 9 5 13 4 0 0 1 10
2 0 0 3 10 0 9 12 0 6 0 8 15 0 7 0
10 4 6 13 0 7 2 16 0 0 15 12 0 11 0 9
9 13 0 8 7 0 0 0 11 0 0 2 0 15 4 6
0 3 11 2 16 0 8 1 0 0 6 0 12 0 9 0
0 6 0 0 0 14 0 0 0 8 3 0 0 10 5 0
0 1 0 4 15 11 12 6 0 0 9 7 0 13 3 8
0 0 2 0 0 12 7 0 10 3 5 0 14 6 13 15
0 12 0 10 14 15 6 0 8 11 2 0 0 0 16 0
3 14 7 5 13 2 0 8 6 15 0 16 9 0 10 0
4 9 15 0 11 3 0 10 0 7 12 0 5 1 8 0
7 2 9 0 1 0 0 0 12 16 0 11 0 0 0 0
0 16 5 1 4 9 14 0 2 13 0 0 0 8 0 0
13 15 3 12 0 16 10 11 5 0 14 0 1 0 0 7
0 10 4 0 0 5 15 2 0 0 7 0 0 14 6 16
