0 11 0 0 9 6 10 0 16 7 3 0 0 12 0 0
12 0 7 8 0 14 0 0 2 10 0 5 4 11 1 9
2 0 5 9 7 4 0 0 0 12 6 14 8 0 3 10
14 3 16 10 0 0 12 5 0 11 0 4 15 6 0 0
4 10 0 5 6 9 0 0 0 0 0 3 11 0 16 0
0 14 12 0 0 7 0 1 5 0 0 16 0 0 0 6
0 0 0 0 16 12 11 0 0 0 0 0 9 14 0 4
16 9 6 3 5 10 15 8 0 0 0 0 1 2 13 12
0 2 0 7 0 3 5 13 0 0 0 0 10 9 0 1
0 5 13 0 8 0 16 4 0 3 0 2 0 0 6 11
0 0 3 0 14 11 0 9 8 0 12 0 2 13 4 0
15 4 1 14 0 2 0 10 9 13 11 7 0 0 8 5
0 0 0 4 0 16 0 2 10 6 7 0 13 5 0 0
6 0 9 2 0 0 0 12 0 1 16 13 7 10 0 0
7 13 14 11 10 15 8 6 0 4 0 9 12 0 0 16
5 12 10 0 1 0 9 7 0 8 2 15 6 0 0 0
