0 12 0 11 13 5 9 0 6 15 14 0 0 0 7 2
13 2 9 0 0 3 0 16 0 11 10 1 12 5 0 0
0 0 7 15 2 10 0 11 12 0 16 0 14 0 13 8
0 4 0 14 6 1 12 0 0 13 8 2 15 0 0 16
14 1 0 0 0 11 10 0 0 0 12 8 2 0 0 0
0 7 15 0 0 2 14 9 10 4 11 5 3 12 1 0
0 10 8 0 12 15 7 4 0 0 0 3 0 6 16 0
0 11 0 4 16 6 0 3 15 0 0 0 0 0 9 10
12 13 14 10 0 16 3 0 4 0 0 15 0 2 0 0
0 0 1 0 15 12 0 6 11 0 0 0 0 0 0 0
6 0 2 5 0 0 11 1 0 7 0 14 0 0 10 12
11 9 0 3 10 13 0 0 2 12 0 16 0 15 5 7
0 3 0 7 0 4 0 12 1 14 0 6 9 16 0 15
0 14 0 0 1 7 16 0 0 3 15 11 13 0 0 5
9 16 11 1 0 0 0 15 5 10 2 7 0 0 0 14
15 5 0 2 9 14 6 10 0 0 4 0 7 0 3 1
