0 12 10 0 4 5 9 0 6 0 11 0 14 7 0 8
11 4 7 0 0 10 0 13 5 0 8 9 1 12 6 0
6 8 0 1 3 11 0 0 14 13 10 0 0 15 0 9
3 0 0 16 0 0 1 14 7 0 0 4 5 13 0 11
0 13 6 0 0 15 16 10 2 0 0 3 8 0 0 7
9 0 0 11 0 2 8 3 1 6 0 0 0 5 13 12
7 0 14 0 12 0 6 0 16 8 4 13 9 0 11 10
0 10 2 8 0 9 0 4 15 12 7 0 0 0 3 0
13 0 0 7 0 8 0 0 0 0 0 2 4 14 12 16
4 15 12 9 0 16 0 11 0 1 3 7 6 0 0 0
16 2 0 10 0 4 0 6 8 14 0 0 3 11 7 0
8 14 11 6 10 0 0 0 4 16 0 12 13 9 0 0
14 11 13 0 1 0 0 8 9 0 16 0 12 3 0 0
10 1 0 0 5 0 0 0 12 0 0 0 0 6 9 14
12 6 9 4 15 0 3 2 10 11 0 8 0 0 0 13
15 7 0 2 0 0 0 9 0 5 0 14 0 0 0 0
