0 0 7 0 11 0 10 0 0 13 0 4 0 12 3 6
0 0 15 13 7 14 0 12 10 0 5 9 16 8 2 11
10 0 0 9 0 15 4 2 16 6 0 0 14 0 13 0
0 16 6 11 8 1 3 13 14 0 7 15 0 0 10 0
7 13 0 0 9 6 11 0 4 0 14 0 0 10 1 15
0 0 0 15 0 0 7 14 11 5 16 1 0 2 0 0
0 4 0 6 12 2 5 10 13 9 15 3 7 14 8 16
0 0 0 16 0 0 15 0 0 0 10 6 0 11 9 0
5 10 11 3 2 12 0 4 0 0 0 8 1 6 15 14
0 0 14 0 0 9 0 0 3 10 4 0 8 0 0 2
0 0 13 0 14 10 0 0 15 1 6 11 4 5 12 0
8 0 4 1 0 0 13 0 2 0 0 5 10 16 7 9
0 14 16 4 13 0 12 0 0 0 0 0 0 0 5 0
13 0 0 8 0 0 9 6 0 11 0 14 0 0 16 0
0 11 9 7 0 5 2 15 0 0 8 0 12 0 14 10
3 12 0 0 1 11 0 8 5 0 0 7 6 15 0 13
