9 5 15 0 0 6 0 0 13 7 3 12 14 0 0 11
12 8 13 0 15 9 14 7 0 4 0 0 0 3 0 0
6 11 3 0 12 5 4 13 0 0 0 0 16 0 9 0
7 4 16 0 0 1 11 0 9 6 2 0 10 13 12 0
0 15 0 0 0 11 3 1 16 0 13 0 0 12 14 0
5 0 9 8 6 16 12 0 0 10 4 7 15 11 1 13
16 0 0 7 9 10 15 0 0 0 6 11 5 4 0 2
11 14 12 0 0 0 5 8 0 2 9 1 7 16 0 0
10 9 5 3 14 0 8 11 6 0 0 4 0 1 13 12
4 0 0 0 5 3 16 0 10 13 0 2 8 0 7 0
8 0 7 15 13 0 2 10 0 11 0 0 0 6 0 0
13 0 0 16 1 0 9 4 12 8 15 3 0 10 5 0
0 0 4 0 11 0 1 0 7 3 0 6 0 2 0 16
3 7 0 12 0 0 0 5 0 15 11 0 0 0 0 9
0 0 0 9 0 14 0 0 0 1 0 5 0 0 6 8
0 6 8 13 0 2 7 0 0 0 16 0 0 5 11 3
