4 0 0 0 0 11 2 0 0 0 16 3 13 0 0 0
16 3 9 0 0 13 0 0 0 0 7 15 6 11 0 2
0 14 1 7 0 15 0 10 0 6 11 2 4 16 0 0
6 2 0 11 0 16 0 0 0 5 0 0 0 0 0 0
3 0 15 14 0 8 0 0 2 0 0 13 0 0 7 6
13 4 12 8 15 2 0 9 0 7 3 6 10 0 0 16
2 9 10 0 0 0 7 0 16 15 12 0 0 8 3 0
1 0 11 0 3 6 12 13 5 8 10 0 0 4 0 14
0 0 0 0 14 0 13 11 9 0 2 0 12 7 15 0
9 1 0 0 2 12 0 0 6 0 5 7 0 3 0 0
0 15 16 12 5 9 0 7 0 13 1 4 14 2 0 8
0 0 0 0 0 4 6 3 0 11 0 0 1 0 13 9
15 0 3 4 11 7 0 2 8 12 6 10 0 0 1 0
10 0 2 0 0 0 0 0 7 0 9 14 8 13 4 11
12 6 7 5 4 0 14 0 0 0 13 1 2 9 10 15
14 11 8 9 0 0 16 1 4 2 15 5 7 0 12 3
