0 0 0 0 0 12 16 14 9 5 15 6 3 0 1 11
1 14 0 6 0 0 9 0 12 0 4 11 0 16 2 7
8 3 0 12 4 0 7 11 1 0 14 0 9 10 5 6
0 0 0 9 0 2 1 0 0 16 7 0 14 0 0 12
14 15 12 11 0 0 10 2 7 0 0 16 0 9 0 3
9 16 3 13 15 0 0 12 0 0 0 2 1 0 7 10
0 8 0 5 16 0 6 1 0 0 10 0 0 0 0 0
0 1 0 10 0 3 14 0 11 15 12 4 16 0 8 0
0 6 0 0 14 1 3 8 0 7 16 0 11 0 0 5
0 0 11 16 10 0 12 0 0 0 8 0 0 1 0 0
0 0 14 1 0 7 0 0 13 0 11 9 15 0 16 8
15 5 0 7 11 0 13 16 2 14 3 0 4 12 0 9
0 9 6 15 1 14 2 0 4 13 5 8 10 3 12 0
5 0 13 3 9 0 0 10 0 6 0 0 0 0 0 4
4 0 10 14 12 5 0 13 16 11 9 0 0 0 0 0
0 0 1 0 0 11 4 0 14 10 2 12 0 13 9 15
