0 9 0 7 0 0 12 0 0 0 14 2 0 5 16 11
0 4 0 12 0 2 16 5 7 0 11 0 8 15 0 6
16 11 2 15 8 7 0 13 0 5 0 0 10 9 0 1
0 14 0 0 10 9 11 3 16 0 0 13 0 0 0 2
0 10 15 11 6 3 4 0 0 0 7 5 16 14 8 12
4 7 0 16 2 12 8 14 0 0 0 9 11 0 0 0
2 0 14 13 9 15 5 0 0 4 0 10 7 0 6 3
6 1 12 0 0 10 13 0 15 16 0 14 5 2 4 0
0 5 11 9 0 0 10 0 0 7 2 8 14 0 1 0
7 6 1 4 12 13 0 0 14 3 5 11 15 8 10 0
0 12 0 0 0 0 1 0 13 0 0 15 0 6 9 0
0 0 0 0 14 8 7 0 1 0 9 0 3 0 0 5
0 0 7 1 5 11 0 0 8 0 4 0 0 13 0 0
11 2 4 0 7 0 0 12 9 14 0 16 0 0 0 0
5 3 9 0 13 14 0 8 0 15 0 0 1 16 0 4
13 15 0 14 16 4 0 0 0 11 0 1 2 7 12 0
