0 12 2 14 3 15 4 0 11 0 0 13 5 7 6 10
8 10 0 0 16 13 14 0 3 5 7 6 15 12 2 4
0 4 0 0 0 0 6 0 10 2 8 14 0 3 11 13
3 0 6 0 0 0 11 7 12 4 0 9 0 0 16 8
0 0 0 0 0 2 0 0 1 13 0 0 10 16 12 6
0 0 7 12 14 0 0 0 9 15 5 0 8 13 0 0
13 0 1 0 0 4 3 12 8 0 0 16 7 5 14 2
5 3 10 16 8 0 0 13 0 12 0 7 0 11 0 0
0 0 9 0 6 12 0 16 13 7 14 1 3 0 0 5
15 7 0 0 11 0 9 14 2 0 0 0 0 0 0 12
10 0 0 0 15 8 7 1 0 11 9 5 0 2 0 14
1 5 14 2 0 3 0 0 15 16 12 8 11 0 7 9
11 2 0 0 0 0 0 10 0 0 6 3 0 15 5 16
6 0 0 10 4 7 15 3 16 0 1 0 0 9 13 0
0 0 15 7 0 9 0 0 0 10 0 0 0 4 1 3
0 0 3 9 0 11 16 2 4 0 0 0 0 0 10 7
