0 0 0 0 16 12 0 3 0 0 13 0 2 0 0 0
6 0 5 0 2 10 14 13 11 0 3 9 0 0 8 0
3 13 2 4 0 0 0 8 5 0 7 12 10 16 0 11
9 11 12 8 0 0 0 0 0 0 16 10 1 14 13 3
8 10 0 3 13 0 0 0 2 0 11 16 4 0 1 6
0 0 0 0 10 0 0 12 1 7 9 0 16 0 0 13
7 0 16 9 0 2 6 1 13 0 4 0 0 0 0 5
0 0 1 5 11 0 0 16 6 10 8 14 7 0 15 12
15 0 0 13 14 0 0 2 16 0 0 0 8 11 0 1
0 1 6 16 5 0 0 15 7 0 14 13 9 3 12 2
11 0 7 0 6 8 16 4 12 15 0 3 14 13 0 0
5 14 0 12 1 0 3 0 10 4 0 11 0 0 0 0
0 8 13 0 0 0 0 7 9 0 0 1 12 4 10 15
0 0 3 0 12 0 13 11 0 0 10 0 5 0 9 14
12 0 9 1 4 6 0 10 0 13 15 2 0 0 11 0
0 6 0 11 9 16 15 0 3 5 12 0 13 1 2 0
