7 15 16 9 8 3 11 0 2 14 12 0 0 1 4 5
0 0 0 0 1 16 0 14 0 0 0 4 15 0 0 10
0 1 14 0 0 0 9 0 15 13 5 0 8 11 7 16
5 4 13 0 7 10 15 6 11 1 0 0 0 12 9 2
0 0 0 0 0 0 10 16 0 0 14 2 0 0 8 9
1 13 8 0 0 5 0 0 12 10 7 15 4 14 6 3
0 7 9 11 0 0 3 0 16 8 0 5 0 0 0 1
15 10 0 0 0 0 1 0 6 3 9 11 0 16 0 0
16 11 0 13 0 9 6 8 5 0 4 7 0 0 1 14
6 14 15 10 11 0 4 0 13 0 0 9 7 0 3 8
0 0 0 1 5 0 14 15 8 0 10 12 0 6 0 4
0 12 0 4 0 7 16 1 0 11 3 0 9 0 2 15
0 6 10 15 4 0 0 5 0 9 0 14 1 8 16 0
4 0 1 5 14 6 8 9 0 0 0 0 3 0 0 0
0 0 12 0 15 0 13 3 7 6 0 16 5 4 0 11
11 0 3 7 16 0 0 0 0 0 0 1 13 0 0 0
