0 14 3 0 9 1 0 4 10 7 8 12 2 6 0 0
9 0 0 4 3 0 16 0 2 14 5 0 8 0 0 0
0 6 2 0 7 0 15 8 0 9 0 0 4 0 0 0
5 8 0 0 14 10 0 0 4 15 0 6 0 9 0 13
11 0 0 0 2 14 1 16 0 13 7 0 0 8 0 0
7 0 14 3 13 0 10 11 8 6 9 1 0 0 16 2
0 0 0 0 8 3 12 5 0 4 16 14 7 0 13 0
0 13 0 0 0 9 6 0 5 2 12 10 0 11 3 0
6 0 0 0 12 16 4 2 0 11 0 0 10 1 7 8
0 5 9 14 0 8 0 0 3 0 0 7 15 0 11 0
8 0 0 0 6 7 3 0 1 10 13 15 0 4 0 5
10 0 7 1 0 0 11 9 0 16 4 8 3 0 14 0
1 0 0 0 16 13 0 0 0 0 15 0 14 2 6 11
14 0 5 2 10 0 0 6 16 1 11 0 12 3 8 0
0 11 0 9 5 12 8 0 0 3 6 2 0 10 4 7
0 12 0 0 11 2 0 15 0 8 10 0 0 5 9 1
