8 14 16 1 0 15 9 0 0 6 0 5 13 10 0 0
0 0 2 9 0 5 7 0 13 0 14 1 0 0 12 0
0 0 0 10 6 1 0 0 8 0 0 3 0 14 9 5
5 13 12 0 14 0 11 0 0 0 0 15 1 0 8 6
3 2 0 16 4 0 0 11 0 7 8 0 0 0 6 0
10 9 8 12 0 3 14 1 6 0 13 0 0 11 7 15
14 0 0 7 13 0 5 0 10 3 15 11 9 0 2 0
0 0 0 0 0 0 0 15 1 9 12 16 0 4 0 0
0 0 0 2 0 0 0 7 9 0 6 0 0 5 11 0
4 6 9 13 0 11 3 5 0 0 0 8 15 16 10 0
12 0 0 11 9 13 0 0 0 0 0 10 4 6 1 3
15 0 0 0 10 6 0 14 16 11 0 4 7 9 0 12
2 16 0 15 3 0 6 10 4 8 11 7 0 1 0 9
11 12 0 14 5 2 8 0 3 15 1 0 6 7 16 0
1 0 0 5 0 4 15 9 2 13 16 12 0 3 14 0
9 0 0 0 11 16 0 12 14 0 0 6 2 0 0 13
