0 4 0 12 10 7 13 6 0 0 15 0 0 0 9 3
6 0 0 0 0 15 0 2 11 1 9 0 14 0 0 12
1 0 0 10 0 0 0 0 4 13 3 6 0 15 8 7
0 8 9 15 1 11 0 0 7 0 16 14 0 0 0 10
13 0 0 1 15 8 0 0 0 0 6 0 0 0 14 16
14 0 3 0 0 10 5 7 9 15 8 11 6 1 4 13
0 10 0 6 13 0 12 0 0 14 7 0 8 0 0 0
8 9 0 7 6 14 16 0 0 5 13 0 10 0 11 15
5 16 10 9 12 0 7 13 14 0 0 0 11 8 0 2
15 13 11 4 8 3 0 14 10 0 0 0 5 12 6 9
7 14 1 0 5 6 10 0 15 0 12 0 3 0 0 4
0 6 0 0 0 2 0 16 5 11 0 13 0 10 0 0
0 0 6 13 7 9 14 8 0 0 11 12 15 5 0 1
0 0 16 11 3 12 4 0 0 0 5 8 9 0 0 0
12 3 8 0 0 5 2 0 6 0 10 15 13 0 7 0
9 15 7 5 0 13 6 0 0 4 0 2 0 0 0 0
