5 0 8 1 0 13 7 3 2 14 4 9 12 6 0 16
15 3 0 16 0 0 0 0 0 7 0 10 11 9 13 4
14 12 7 0 0 0 4 2 3 13 0 0 8 10 5 0
0 4 11 0 0 9 0 0 16 1 5 15 7 14 3 2
4 11 9 0 10 0 13 0 0 5 0 0 15 1 0 6
7 5 1 10 0 8 15 0 11 3 0 12 0 16 0 0
8 6 13 0 0 0 1 5 0 4 16 0 0 11 9 0
0 14 0 0 0 7 0 9 15 6 1 13 5 4 10 0
0 0 10 0 0 0 0 0 5 15 12 2 0 8 6 7
0 0 5 0 7 0 10 0 0 0 14 0 13 0 0 15
0 0 0 0 0 0 5 15 0 11 0 16 0 0 1 0
9 16 15 6 4 12 14 1 7 8 0 3 0 0 0 0
2 13 0 11 14 0 16 0 0 12 0 0 0 7 8 0
16 0 12 8 0 0 3 7 13 2 11 14 6 15 0 0
0 0 3 0 9 0 2 13 0 16 7 6 1 0 0 0
0 7 6 5 0 0 8 12 9 10 3 4 16 13 2 0
