13 16 15 9 0 14 0 5 11 8 3 0 0 1 0 0
2 6 3 0 16 15 0 11 0 0 12 0 0 0 10 0
14 0 0 0 4 0 0 13 10 0 15 0 3 6 5 16
10 5 1 0 0 3 12 0 6 0 0 0 0 2 9 0
12 4 16 0 7 2 8 3 13 0 5 11 0 10 0 9
11 0 10 15 0 6 1 16 12 14 2 3 8 0 4 5
0 0 2 0 0 11 5 0 9 10 0 15 0 0 0 13
0 0 5 3 0 0 15 0 8 6 0 16 0 0 1 2
3 2 11 0 13 10 0 15 0 0 0 8 9 0 7 0
7 12 6 0 0 5 0 0 15 13 11 4 0 14 8 3
0 0 8 13 3 0 6 0 16 7 9 0 0 4 0 0
0 9 4 0 0 8 0 14 3 2 0 0 6 0 0 12
6 0 13 0 0 0 3 8 1 11 16 9 5 12 14 4
0 8 9 0 2 16 13 0 0 5 0 0 10 15 0 0
5 3 7 0 10 9 0 12 4 15 0 13 0 16 2 6
16 0 14 1 5 0 0 6 0 0 0 0 0 9 0 8
