5 12 0 1 15 0 0 11 8 2 7 0 0 16 3 0
3 2 0 0 0 0 16 5 0 11 0 13 0 0 0 0
0 13 0 0 0 9 0 0 16 1 0 12 5 2 4 0
0 16 0 11 0 12 0 13 5 3 9 0 7 0 1 10
13 0 16 10 6 4 9 1 11 7 5 3 0 12 2 15
4 0 2 0 5 0 0 0 1 15 0 9 0 0 0 3
14 0 12 0 13 0 15 0 0 0 0 2 4 7 0 5
0 9 0 0 0 2 0 0 0 14 13 10 16 8 6 1
12 0 0 2 10 0 11 6 0 4 0 0 0 14 0 8
0 14 0 16 0 0 5 4 12 13 2 0 11 0 0 0
9 15 8 0 16 14 3 12 0 6 11 7 0 0 5 0
1 10 0 4 0 7 8 2 0 0 15 0 13 0 12 6
2 4 0 6 12 0 1 0 7 9 8 11 3 10 15 16
0 11 10 0 0 0 13 15 0 0 6 14 1 4 7 0
15 5 1 0 0 3 6 0 0 0 4 0 0 11 13 0
7 3 9 8 0 10 4 0 13 12 1 0 6 0 0 2
