15 11 0 1 7 0 9 0 10 12 14 13 6 0 3 16
3 0 0 6 4 0 0 1 2 0 8 0 11 7 0 10
2 8 0 9 13 0 3 0 0 6 0 0 0 1 0 14
0 0 16 7 6 10 14 0 0 11 15 3 9 0 13 0
6 0 15 16 2 14 7 12 13 5 3 0 8 0 4 9
14 7 0 5 8 16 13 0 4 0 6 2 0 3 12 15
8 0 13 10 3 6 1 0 0 15 0 12 2 11 0 5
12 0 9 0 0 0 0 0 7 0 0 0 0 14 0 0
0 0 12 0 1 0 0 0 15 3 0 7 10 0 0 11
4 0 6 8 14 13 0 0 12 0 2 5 7 9 1 0
10 5 1 0 0 0 4 3 0 0 0 0 15 16 2 13
0 0 0 14 5 0 10 15 11 0 0 16 4 0 6 0
11 14 7 15 0 0 0 0 16 4 5 10 0 12 8 0
16 0 8 12 0 4 5 0 3 0 0 15 14 6 0 0
13 6 5 0 0 0 0 0 9 14 0 1 16 0 11 0
0 0 3 0 0 12 15 14 8 0 0 6 5 13 10 0
