4 14 15 7 0 10 0 0 0 1 0 3 11 0 0 0
0 1 0 16 0 0 15 3 2 11 0 0 0 0 0 4
0 6 0 9 0 0 14 0 0 16 0 8 10 2 5 1
0 12 13 2 11 0 0 7 14 0 6 10 0 0 3 16
13 11 0 0 0 8 0 0 12 0 4 15 3 0 1 2
0 9 0 12 0 13 0 11 7 3 0 1 0 4 0 0
0 15 16 0 14 0 4 10 11 13 2 9 0 0 6 0
1 4 7 0 2 0 0 6 16 0 10 14 0 0 11 15
0 0 12 4 3 7 8 5 0 0 16 11 6 15 2 10
0 0 6 14 10 0 11 4 5 0 12 7 1 0 9 0
0 7 11 0 13 0 0 14 0 10 15 6 0 16 8 0
15 0 10 0 16 2 6 1 9 0 0 4 7 0 14 0
0 0 4 0 0 11 9 2 10 12 3 0 8 0 15 6
14 0 8 15 5 16 0 0 0 9 1 13 2 0 0 3
5 2 0 0 6 3 0 8 4 15 14 0 0 1 7 0
12 3 0 0 0 14 0 15 0 7 11 0 5 10 0 0
