10 13 0 0 14 0 0 9 0 0 1 0 0 8 5 0
14 6 9 16 8 11 5 0 12 0 4 0 0 0 0 1
0 0 12 0 0 10 0 4 14 6 0 8 11 0 7 16
7 8 3 4 0 0 12 13 0 10 0 11 6 9 0 14
8 11 0 0 0 14 0 0 3 5 10 1 0 4 0 13
4 0 0 0 1 0 10 5 0 0 0 0 0 16 0 0
9 0 2 3 0 15 0 6 0 0 8 16 0 14 0 10
1 16 0 6 13 9 4 8 0 11 0 0 5 0 0 0
3 0 16 7 0 0 0 11 0 0 0 15 2 1 12 9
12 0 14 0 10 4 0 2 0 0 0 6 13 0 16 3
0 0 0 1 12 5 16 0 9 13 2 0 0 15 14 11
11 0 5 13 0 7 0 15 0 0 3 12 0 6 8 4
15 0 4 8 7 2 9 10 1 0 14 5 16 0 13 6
2 3 11 0 0 6 13 1 0 0 15 7 14 12 9 0
16 9 1 5 3 0 0 0 6 0 0 0 15 0 10 0
0 7 6 14 5 12 0 16 10 0 0 2 1 3 0 8
