16 0 7 10 14 2 4 0 0 0 0 6 0 0 0 0
9 3 0 0 16 1 13 0 5 0 4 15 14 12 11 10
0 0 12 0 15 0 0 11 0 0 0 3 0 0 0 7
15 1 0 0 0 6 10 12 14 7 0 13 0 3 8 4
6 14 0 11 0 10 5 9 15 13 8 7 16 1 2 12
1 9 13 0 0 0 0 8 4 0 6 0 10 7 14 15
12 10 15 0 6 0 14 0 0 0 11 0 0 0 0 0
0 0 8 2 1 15 7 16 0 0 14 0 9 0 6 0
10 0 0 0 13 4 9 0 6 2 7 0 0 0 3 16
4 5 16 15 11 7 12 0 9 14 0 0 13 6 1 2
7 0 1 12 3 0 16 6 0 4 5 11 0 9 0 8
0 0 0 0 5 8 0 0 0 0 0 0 0 0 0 14
0 0 4 1 2 0 0 13 0 10 15 9 0 14 16 5
2 12 5 0 7 16 0 4 3 6 1 14 8 0 0 0
0 0 10 14 8 9 1 0 11 16 13 4 7 0 0 0
0 16 6 13 0 3 11 0 0 12 2 5 0 0 4 0
