0 5 0 0 15 0 0 0 0 0 0 1 3 7 12 0
16 0 10 0 13 6 0 0 14 0 9 3 15 2 0 0
6 3 9 0 0 16 7 2 12 0 0 0 11 0 1 10
14 15 0 2 0 11 5 0 16 0 0 7 4 0 6 0
15 11 0 10 3 0 2 12 0 8 16 9 1 0 7 6
1 0 0 9 0 0 0 8 4 6 5 0 10 0 3 2
3 12 5 0 16 10 15 9 7 1 0 2 8 4 13 11
0 7 0 0 6 5 0 0 3 0 0 10 12 16 9 0
0 0 0 1 9 0 8 0 5 0 7 0 14 0 4 12
12 14 0 5 10 3 16 1 0 0 6 11 0 9 0 0
0 9 16 0 0 15 0 11 10 0 0 14 0 0 0 5
0 2 6 3 0 12 0 5 15 9 1 0 0 11 10 7
0 0 11 14 5 0 3 7 0 16 0 13 9 12 0 0
0 4 2 0 12 13 10 0 11 0 3 6 0 8 0 0
0 8 3 0 0 0 4 15 9 0 0 5 2 6 16 13
5 13 1 16 2 0 0 0 0 0 0 4 7 10 11 0
