0 0 1 15 0 7 14 4 11 2 5 0 12 6 0 0
0 6 0 12 10 0 15 0 0 0 16 0 0 13 11 14
9 11 0 5 0 13 0 12 1 0 0 6 0 0 2 4
0 7 0 0 0 6 11 2 10 12 0 0 9 15 16 0
0 3 4 1 6 11 5 14 16 8 10 0 2 0 13 0
6 8 0 9 2 16 0 13 14 1 0 0 10 0 0 11
14 0 7 0 4 0 1 15 13 0 11 0 6 8 0 3
11 2 13 10 0 8 0 9 3 0 4 0 15 14 1 0
13 10 0 2 0 12 0 3 0 14 9 1 0 5 0 0
12 1 0 0 0 0 8 0 5 0 2 11 0 0 3 6
5 0 0 0 1 15 2 0 0 0 0 4 11 10 0 0
8 4 3 0 0 5 9 0 0 10 0 13 16 1 0 2
2 16 6 14 7 3 0 0 9 11 0 12 0 4 15 5
0 0 0 4 15 0 13 11 2 5 3 10 0 16 6 0
0 5 11 13 0 0 12 0 15 4 8 16 0 0 0 0
1 0 0 3 16 2 4 0 7 0 0 0 0 0 0 10
