16 10 1 0 0 6 5 11 0 8 0 0 0 0 7 13
0 0 14 0 0 0 0 10 0 0 2 0 0 11 0 15
7 0 9 0 0 4 15 0 0 10 5 13 6 1 14 3
5 6 11 0 14 0 0 12 0 7 1 16 2 0 8 0
0 0 0 2 0 11 14 0 5 1 0 8 13 0 0 12
0 5 0 14 0 0 7 8 0 4 9 0 11 15 1 2
3 8 12 0 4 0 1 0 0 2 0 0 0 14 0 0
0 9 4 11 0 5 0 6 13 16 0 15 10 8 3 0
0 1 2 6 5 14 11 0 3 15 0 10 4 9 13 0
8 4 3 0 1 0 12 0 0 0 6 11 7 16 0 10
9 14 0 10 0 0 8 0 0 0 0 0 12 3 6 11
11 15 0 7 13 10 0 3 0 0 12 0 0 5 0 0
15 16 6 0 0 0 3 14 2 12 10 0 8 0 4 0
2 0 0 1 0 12 4 5 16 11 13 0 15 7 10 14
0 0 10 4 15 0 16 1 7 0 8 5 3 6 0 9
14 11 0 5 0 8 0 0 4 0 0 3 1 2 0 0
