9 7 13 11 0 0 3 0 1 8 0 15 0 16 0 4
0 0 0 8 9 4 0 13 0 0 0 16 0 0 0 0
12 4 0 16 0 7 1 0 0 9 0 6 15 0 0 0
14 0 0 15 0 16 5 0 0 13 0 2 9 12 0 10
0 0 11 0 1 5 0 16 2 0 0 0 0 4 3 0
8 0 7 13 6 14 0 0 15 4 16 0 0 2 0 0
0 2 4 10 0 11 9 15 0 14 1 13 0 0 0 6
1 0 3 0 2 0 4 8 5 6 9 0 7 10 15 16
0 0 0 3 16 1 0 2 11 15 10 0 4 0 6 0
2 15 6 0 11 10 13 14 8 7 12 5 16 0 0 3
5 0 8 14 0 0 6 4 0 0 13 1 12 11 10 7
0 16 0 1 5 9 7 12 6 0 0 0 2 0 0 15
10 0 0 7 15 6 14 5 0 1 2 4 0 13 0 8
0 1 0 0 0 3 2 0 14 0 8 0 5 0 4 0
4 0 0 0 13 8 11 7 0 0 15 3 10 6 2 0
3 0 15 0 4 0 0 1 13 5 6 0 14 7 0 11
