12 5 7 1 9 11 15 0 0 0 6 13 0 0 3 14
15 6 14 8 3 0 0 0 1 0 5 16 0 0 7 0
4 10 0 3 0 0 0 0 0 8 0 14 1 2 11 0
2 16 11 13 4 0 0 7 0 0 9 0 12 0 6 8
0 3 0 0 12 0 0 0 0 7 0 11 0 0 15 13
7 0 0 0 0 3 0 0 13 9 16 5 4 11 0 0
11 15 0 0 8 0 2 0 14 10 3 0 0 12 5 6
10 0 16 5 7 13 0 0 12 6 15 1 2 9 0 3
0 0 4 10 11 2 0 0 15 5 7 0 0 14 0 16
3 0 0 0 10 9 13 0 16 2 0 0 0 15 0 7
16 1 2 0 6 15 0 4 0 0 0 9 5 8 0 0
6 7 8 15 14 16 5 12 4 1 11 10 0 0 0 2
0 11 10 6 2 0 0 5 0 12 0 15 0 0 0 4
8 13 1 7 0 4 12 14 11 3 0 2 15 6 0 5
5 0 0 0 1 8 9 0 6 0 0 0 14 13 10 0
9 0 15 0 0 10 0 0 5 14 1 0 0 7 2 0
