9 6 0 0 4 7 0 0 15 1 13 8 5 2 12 14
13 0 5 0 1 0 8 2 10 0 4 12 0 7 16 0
11 0 2 1 13 0 0 0 0 0 0 0 9 0 4 0
0 0 8 12 0 0 16 0 0 2 0 0 0 13 15 0
0 1 10 0 2 5 9 0 11 4 12 6 7 15 0 16
4 0 0 0 11 0 14 0 0 5 0 13 10 1 2 12
14 0 0 0 0 12 13 0 2 10 9 0 8 11 3 4
16 12 11 0 0 4 0 15 0 8 3 14 0 0 0 5
12 0 0 0 0 13 4 9 1 14 0 0 16 5 0 10
0 11 0 14 15 0 12 0 5 0 6 0 0 8 13 0
5 15 0 4 0 8 2 14 12 0 10 0 0 6 0 3
0 16 13 10 5 0 6 0 0 0 2 3 0 0 0 0
7 0 4 11 9 0 0 6 0 12 16 0 0 3 1 13
0 13 1 0 8 16 15 0 3 11 7 9 14 0 0 6
6 8 12 0 3 2 7 0 0 15 1 0 11 4 0 9
15 3 0 9 0 1 10 11 0 6 0 0 2 16 8 0
