9 8 4 0 0 2 1 0 13 14 0 5 0 3 11 7
5 0 0 0 4 0 13 7 0 0 12 15 0 0 1 0
14 0 0 0 16 0 0 0 6 1 0 7 0 4 9 0
11 0 0 0 8 0 6 14 0 0 2 3 5 13 15 10
0 9 11 8 0 15 0 5 1 0 16 4 2 0 10 14
0 1 0 14 0 8 0 0 0 0 6 12 3 0 0 0
0 3 0 0 0 11 12 10 0 8 7 2 0 1 13 6
7 10 12 0 0 4 0 1 9 11 14 13 0 8 5 16
8 4 9 11 3 0 2 15 0 7 13 0 0 0 6 0
0 0 0 10 5 0 9 0 0 0 15 6 7 0 0 0
6 2 3 7 13 14 0 0 0 0 1 0 0 0 8 15
15 0 5 13 7 0 10 0 0 2 0 0 4 9 14 3
12 14 0 0 11 5 15 16 2 6 0 8 13 10 3 9
10 0 13 9 1 0 8 3 7 12 5 0 0 0 0 0
16 5 8 2 12 0 0 9 10 15 3 14 11 0 0 1
3 11 6 0 0 7 0 0 16 0 0 0 0 15 0 5
