0 12 0 0 6 7 0 0 0 0 2 14 11 4 3 0
11 7 14 6 12 3 0 2 10 9 0 8 0 16 0 15
0 0 0 13 0 0 9 5 0 0 6 0 8 1 2 0
8 1 0 0 13 11 0 14 4 0 0 15 0 10 0 0
15 9 5 4 14 0 0 0 0 0 11 0 3 13 8 10
0 0 0 11 5 10 1 0 14 12 15 0 0 7 16 6
7 0 0 10 4 0 15 3 13 16 9 2 0 11 12 5
2 14 12 0 7 0 6 0 5 0 0 0 1 0 15 0
6 0 8 1 15 0 11 13 0 14 3 9 0 0 0 2
0 2 0 3 0 1 5 4 0 11 10 16 0 0 14 13
4 0 11 14 8 2 0 0 15 5 0 0 0 3 9 0
0 0 0 15 3 14 0 6 0 0 4 1 16 0 10 11
16 13 0 7 2 0 14 8 9 4 0 11 6 15 1 0
0 0 0 2 1 9 0 7 0 0 16 13 0 5 11 12
5 0 0 0 0 6 0 12 0 0 14 10 9 2 7 0
0 11 9 12 0 0 0 15 2 0 7 5 0 0 0 8
