8 7 0 0 0 0 15 14 3 0 0 11 12 0 0 13
0 11 0 1 12 9 10 3 0 16 2 15 0 5 7 14
0 0 14 0 1 0 4 8 6 0 0 0 2 11 0 0
15 0 0 0 11 16 0 13 0 7 0 8 3 6 0 4
3 8 15 0 5 0 11 0 12 0 10 0 4 0 9 0
0 4 0 0 3 15 16 0 0 0 11 2 13 1 12 10
7 2 16 0 14 0 13 10 4 9 5 3 0 0 0 0
6 10 0 11 0 12 8 9 7 15 0 16 5 14 2 3
11 0 8 0 10 0 0 0 15 4 6 0 0 0 0 12
14 0 0 15 2 8 0 6 0 3 0 0 9 0 0 5
9 1 7 0 15 4 0 0 5 0 14 12 0 10 0 0
10 3 4 0 0 14 0 0 9 11 0 13 15 2 0 7
12 0 0 0 13 0 0 4 16 10 0 9 0 8 15 0
16 6 13 4 9 11 14 0 0 0 7 5 10 12 3 2
0 0 3 8 0 10 6 12 0 0 0 4 14 16 5 11
0 15 5 0 8 3 1 0 11 0 0 0 0 13 0 0
