14 0 0 0 6 12 4 1 16 15 9 8 0 0 3 10
0 16 9 1 0 10 13 14 0 6 0 3 2 12 0 5
0 4 0 15 0 0 16 0 0 0 2 12 6 0 1 14
0 6 12 11 0 8 0 0 14 1 0 10 0 9 0 4
0 0 6 4 0 0 11 0 5 0 16 0 0 14 2 7
0 0 8 2 0 16 0 0 3 0 0 11 13 6 5 9
1 0 0 0 14 2 9 0 0 12 15 13 0 0 0 16
3 11 13 0 8 0 5 0 0 14 6 2 1 0 12 0
11 0 4 0 0 15 10 2 1 5 14 0 8 16 13 0
9 12 1 0 16 5 0 0 0 11 0 0 0 10 6 3
0 2 0 0 13 6 8 12 10 16 3 4 9 0 11 0
16 8 0 0 1 4 0 11 13 0 0 9 5 0 14 0
2 0 0 8 10 14 0 16 15 4 0 5 0 3 9 0
6 0 0 0 0 0 0 9 8 0 11 7 0 0 0 13
0 0 0 3 2 11 12 13 6 9 10 16 14 0 7 0
0 10 0 0 5 1 6 8 12 0 13 0 0 2 0 11
