2 0 9 0 1 5 0 0 10 0 8 0 11 12 0 14
10 15 0 8 16 0 11 14 6 0 12 9 3 4 5 2
6 7 0 0 9 12 0 0 0 0 3 0 0 8 1 15
0 12 0 16 4 8 3 0 2 0 15 5 0 0 7 0
8 0 4 13 12 0 0 0 16 7 5 3 9 14 6 11
0 0 0 0 14 0 8 3 11 15 10 2 1 7 4 0
3 10 0 0 13 0 0 0 14 12 6 0 15 0 16 0
11 6 14 0 0 0 0 0 1 9 13 4 12 0 0 8
15 1 0 12 10 4 0 0 0 14 0 11 7 0 9 0
7 0 0 2 0 0 14 8 0 10 0 0 4 1 0 0
4 11 0 0 3 9 0 15 0 0 0 1 0 5 0 12
13 9 3 0 11 1 12 7 5 8 4 0 0 15 0 0
9 0 0 3 0 0 6 0 7 0 1 0 5 0 0 0
0 0 12 10 7 3 0 9 0 6 0 0 13 16 2 1
0 0 0 11 2 0 0 5 12 0 14 16 8 9 15 7
16 13 15 0 0 14 1 11 9 5 2 0 0 3 12 0
