0 0 11 0 9 4 8 13 0 0 0 7 10 0 1 16
14 0 1 10 0 5 11 6 2 0 9 3 0 15 7 4
13 0 0 0 10 14 2 0 0 1 15 11 8 6 12 0
0 8 3 6 0 0 0 0 4 0 12 0 0 0 0 5
12 0 16 0 0 8 9 15 1 0 0 10 0 5 13 7
1 7 0 0 11 0 16 5 8 12 0 4 0 2 0 3
0 0 0 0 0 1 6 2 0 3 0 5 12 0 9 15
0 0 6 3 13 0 4 0 15 0 2 16 11 0 10 8
0 9 0 13 2 0 7 16 0 15 5 8 0 14 0 10
4 0 0 7 15 0 0 0 13 2 0 0 5 8 11 0
10 11 5 0 6 0 0 0 0 4 0 0 2 0 15 13
15 0 8 0 5 0 14 4 11 7 10 0 3 9 16 6
0 0 0 0 0 0 0 0 0 11 7 0 0 4 5 1
16 0 4 9 1 0 13 7 5 0 8 2 0 10 0 11
11 0 0 14 4 0 12 0 3 0 1 6 0 13 8 2
0 3 2 1 0 15 0 11 10 0 4 9 0 12 6 14
