0 0 6 0 0 11 0 2 7 4 13 0 10 0 3 14
0 16 14 11 0 7 1 13 9 12 10 8 0 15 0 0
0 0 2 0 0 16 10 4 0 0 0 5 0 0 13 8
0 7 4 10 0 0 15 14 16 3 2 11 0 1 5 0
2 3 8 0 4 0 0 6 11 0 0 1 0 10 0 15
14 0 15 0 10 13 0 11 0 0 9 0 0 2 6 4
10 4 9 0 1 12 2 0 0 15 14 6 0 5 7 13
11 13 5 6 7 0 8 0 0 0 0 2 14 0 1 0
1 0 0 0 0 4 13 16 15 6 12 14 0 0 11 5
0 14 16 0 9 10 0 1 13 2 0 0 4 3 0 12
7 9 13 5 11 0 3 12 10 0 0 0 0 0 2 0
0 0 0 0 2 0 0 0 0 0 3 0 13 0 0 0
0 0 0 2 0 0 4 10 12 16 1 3 5 13 0 0
12 6 11 0 14 1 7 5 2 8 0 13 0 9 16 0
0 5 0 13 16 0 12 0 0 0 0 10 1 6 8 0
16 10 1 0 13 3 0 8 6 0 5 9 15 4 0 2
