4 1 13 8 0 0 0 14 0 0 11 0 0 16 0 0
14 3 0 6 5 0 0 2 0 0 0 9 1 0 11 13
0 12 0 0 8 9 0 11 0 13 1 0 0 0 0 14
9 11 0 10 13 0 0 0 0 0 0 14 6 0 5 0
8 16 0 12 0 10 3 15 9 0 6 0 7 13 1 0
0 14 0 0 0 7 5 4 11 0 15 1 0 0 0 16
7 0 0 0 1 0 0 0 12 0 13 2 3 4 10 0
1 2 11 15 0 12 9 13 4 0 7 0 8 0 14 6
0 9 1 14 0 13 10 3 5 7 0 4 16 0 8 0
0 15 12 0 11 2 0 0 6 9 3 0 13 0 4 5
0 0 0 0 9 5 0 7 1 15 2 13 10 0 12 3
0 13 0 0 4 6 8 12 10 11 0 16 15 1 0 9
3 7 14 13 12 0 2 6 16 0 10 0 5 0 0 4
0 8 0 4 0 0 16 10 14 6 5 15 2 3 13 0
15 0 0 0 3 1 4 9 13 0 0 12 14 7 0 10
2 10 16 0 0 15 0 5 0 4 0 0 0 0 0 12
