0 0 10 7 6 16 13 1 0 5 15 0 4 9 0 0
0 9 12 0 3 5 0 0 0 8 0 6 7 11 14 15
5 6 2 0 0 0 12 8 9 13 0 0 10 16 0 0
1 15 4 0 7 0 0 11 0 0 0 2 0 6 8 0
6 16 14 5 11 0 7 15 0 0 0 0 3 0 2 0
0 8 0 0 10 1 0 0 0 2 16 7 15 5 13 12
15 1 13 2 12 0 8 16 0 3 0 5 9 10 11 7
7 10 0 0 0 0 0 5 8 0 0 9 6 14 1 16
0 5 1 0 0 6 16 0 0 11 0 15 13 12 0 10
0 0 15 6 0 7 0 10 0 0 12 16 0 0 5 14
3 0 7 0 9 11 5 12 0 14 2 8 0 15 6 4
10 12 9 0 15 0 14 3 0 6 13 1 0 7 16 0
13 11 5 14 0 12 0 0 0 4 0 3 16 2 15 9
0 0 0 1 5 2 11 6 0 0 0 0 14 13 0 0
9 0 0 0 16 0 15 0 2 0 11 14 0 8 0 5
0 0 0 15 8 0 0 0 12 0 5 0 11 0 0 6
