1 11 0 10 2 5 12 0 3 0 0 9 0 0 7 16
12 5 0 2 0 0 0 0 13 0 7 11 1 0 10 0
6 14 0 0 13 1 0 4 0 15 0 0 2 0 5 11
15 0 0 8 0 11 3 7 0 5 1 2 12 9 14 13
7 0 10 3 15 0 4 0 0 1 9 16 11 13 0 14
0 0 16 6 9 12 2 0 14 0 3 0 8 0 4 0
0 0 8 1 3 13 14 10 0 7 0 4 0 0 0 0
0 0 0 0 11 0 8 0 2 0 13 0 10 1 3 0
0 1 6 15 0 0 7 9 0 0 16 0 0 0 0 2
9 8 12 0 5 2 1 3 0 11 6 0 14 0 13 4
13 4 11 16 0 15 10 14 0 12 2 0 9 0 8 5
0 2 5 0 12 16 0 0 9 8 4 0 0 10 1 0
16 7 9 0 8 0 0 0 0 3 0 1 0 2 6 0
5 3 0 0 0 0 6 2 0 9 8 14 0 11 0 0
8 0 0 0 1 3 5 0 7 13 0 0 4 14 16 0
14 6 1 4 0 10 9 0 16 2 0 0 13 0 15 3
