0 5 8 10 16 2 0 12 0 0 3 6 15 9 0 7
15 16 0 0 0 4 14 3 0 13 8 0 0 0 11 1
6 9 0 3 0 0 1 13 15 0 2 11 0 8 4 0
0 0 1 13 0 9 15 0 0 0 5 14 10 0 0 0
1 6 0 12 0 0 7 5 13 0 10 8 16 14 15 4
0 14 5 0 0 15 10 0 3 6 16 0 12 7 0 0
10 0 0 0 0 0 0 0 0 11 0 0 13 0 5 0
16 8 0 11 4 12 13 1 0 5 15 0 0 10 0 0
4 0 13 0 0 0 0 2 6 0 9 0 7 15 14 10
3 0 15 0 0 16 4 0 5 0 13 2 1 0 0 12
2 11 14 5 1 6 0 10 0 0 12 16 8 0 0 0
9 12 0 6 13 7 0 0 0 0 14 4 3 2 16 5
0 0 4 14 8 13 0 0 10 12 0 15 11 5 0 0
12 0 0 0 0 14 2 11 16 0 0 0 4 0 0 8
8 13 0 1 0 10 0 0 0 0 11 7 9 3 0 15
5 15 11 2 3 1 0 0 8 9 4 13 6 16 10 14
