13 10 14 0 0 0 0 0 6 0 1 0 0 15 7 0
16 15 6 0 10 0 1 14 0 9 5 0 4 13 0 2
0 5 0 0 3 6 16 11 0 15 0 0 12 14 0 1
0 2 1 9 15 0 13 7 0 3 12 0 16 0 6 5
4 0 8 15 5 0 3 0 7 11 13 12 6 9 10 16
3 0 0 0 0 15 0 0 0 0 16 0 7 1 0 0
9 0 11 0 0 0 10 0 0 4 3 2 8 0 15 0
6 0 5 1 0 13 0 12 9 0 8 15 0 3 14 0
0 3 13 16 12 9 6 0 0 8 0 1 11 0 5 0
0 1 7 0 4 0 2 0 15 13 6 0 9 12 8 0
8 6 9 11 1 10 7 13 12 5 0 0 14 0 0 0
15 4 12 2 0 16 14 0 0 7 0 0 0 0 0 3
14 11 15 0 2 5 0 0 16 0 0 8 0 7 3 0
2 0 10 13 16 1 0 0 0 0 15 0 5 8 0 9
1 0 0 0 0 7 8 4 5 12 11 10 0 2 0 0
0 0 16 5 0 3 15 9 0 2 7 0 10 11 1 0
