2 0 8 0 10 0 14 11 0 0 0 0 15 0 16 0
0 6 5 13 15 0 16 0 0 11 0 7 14 1 3 4
10 9 11 3 0 0 12 7 1 0 14 15 0 8 0 0
14 0 15 0 9 3 13 1 8 0 0 6 10 0 7 11
4 13 16 0 7 0 1 0 3 9 0 0 0 0 0 5
6 15 12 0 0 0 5 0 11 8 2 1 0 0 14 13
0 1 7 8 12 0 4 10 13 0 15 0 3 11 2 0
0 0 0 0 0 2 8 13 4 0 7 16 1 15 0 0
8 12 0 9 1 7 11 0 0 3 4 2 16 0 6 0
7 0 0 0 0 15 0 14 0 13 0 10 0 9 5 0
0 11 14 15 0 10 0 12 6 0 8 0 0 3 0 7
0 0 13 0 0 0 9 4 0 15 1 11 0 14 0 12
15 14 4 0 2 0 0 0 0 7 6 13 5 16 0 3
1 0 0 5 11 0 7 0 0 14 0 12 13 10 0 6
0 0 2 0 0 13 15 0 5 0 11 0 0 0 4 1
13 0 6 7 5 0 3 0 15 1 16 4 8 2 11 14
