13 0 8 0 0 0 12 0 5 14 0 10 0 16 0 0
0 15 12 3 5 7 0 0 0 0 11 0 0 10 0 0
0 0 6 5 0 0 10 0 0 7 8 0 0 9 0 4
14 0 7 11 0 8 4 0 9 0 6 12 0 0 1 5
0 3 11 0 12 0 2 0 0 10 0 9 15 7 0 1
0 14 0 0 15 0 0 9 1 2 5 8 0 13 6 0
2 0 16 15 1 0 8 0 12 13 0 7 11 0 3 9
0 5 0 0 16 6 13 7 15 0 0 0 0 0 2 12
0 9 5 16 0 11 0 0 10 8 3 14 12 2 0 15
12 4 14 10 7 2 15 0 11 1 0 0 9 0 16 3
3 0 15 0 14 0 5 6 0 0 9 0 10 0 0 11
11 7 13 1 3 12 0 0 16 6 0 0 4 14 5 0
4 11 0 7 0 13 0 12 0 0 0 0 1 8 0 14
0 12 2 0 11 0 14 5 0 9 0 0 7 0 4 16
16 1 10 0 6 4 3 2 14 15 7 0 5 12 9 0
0 13 3 14 8 0 7 15 4 0 0 0 2 0 10 6
