3 9 14 15 0 5 4 0 12 8 0 2 6 0 0 0
0 13 0 0 0 1 12 0 16 6 5 9 4 15 0 0
4 0 12 2 0 0 16 3 0 11 13 0 14 9 0 1
6 16 1 0 0 8 0 15 4 0 14 3 0 0 0 12
11 6 10 0 12 14 15 5 0 0 7 16 3 1 0 0
0 0 0 5 9 7 0 1 0 0 0 0 11 0 6 15
13 0 0 14 16 2 8 0 3 15 0 11 9 0 12 5
15 0 4 8 3 0 10 0 9 1 12 5 0 0 0 13
0 3 6 16 0 0 5 0 0 0 0 4 0 12 1 0
9 11 0 0 4 16 2 10 1 7 0 0 5 13 15 14
2 7 0 4 13 0 1 9 10 16 0 0 8 0 0 6
0 15 13 0 8 0 0 7 0 9 11 0 0 0 4 16
12 10 9 0 1 4 7 16 14 5 0 0 0 6 0 8
0 0 16 13 15 3 14 2 0 0 9 1 0 0 0 10
5 14 15 6 0 0 0 0 7 0 0 8 1 0 0 0
0 0 0 3 5 9 0 0 11 12 10 15 13 0 0 7
