12 0 7 0 16 0 3 13 2 0 14 11 0 4 10 6
0 0 9 0 1 4 0 0 16 0 10 12 7 0 13 5
0 4 3 0 9 7 0 10 8 0 15 13 0 2 0 14
0 0 10 13 12 0 0 11 4 7 1 3 9 16 8 15
1 16 14 0 0 0 0 0 9 0 6 0 0 12 5 0
3 0 11 15 5 13 0 6 0 16 0 0 0 1 0 0
0 13 0 10 14 16 4 12 11 3 5 1 8 6 15 7
4 0 0 0 0 1 9 3 15 0 8 0 0 11 14 0
6 0 0 0 11 0 0 16 1 10 3 8 0 7 2 0
0 10 0 7 0 3 12 1 5 15 13 6 0 9 11 16
0 0 5 0 15 14 7 9 0 11 0 0 4 10 6 8
0 11 0 0 0 8 0 2 7 0 0 9 0 0 0 1
7 0 16 6 8 10 1 0 3 0 9 15 13 0 4 0
0 9 0 0 7 12 0 4 0 8 16 0 3 0 0 0
8 0 0 0 3 0 0 0 13 0 0 2 0 5 0 10
0 3 0 11 13 6 2 15 10 0 0 14 0 0 16 9
