6 14 0 16 12 1 0 0 0 10 15 9 8 3 0 11
9 1 4 15 0 3 14 11 0 7 0 0 0 10 13 12
0 0 0 7 9 0 0 0 0 6 3 11 0 16 0 0
0 5 0 3 6 13 8 16 0 4 14 12 9 0 7 2
3 0 16 9 10 8 11 0 0 12 5 0 7 0 14 0
2 6 5 0 0 15 0 14 10 0 4 1 12 9 8 0
1 0 12 0 4 0 16 0 7 14 0 0 0 11 0 3
14 4 0 10 2 9 12 1 0 3 11 0 0 5 0 15
0 7 6 14 0 0 5 0 9 0 0 13 3 0 0 1
4 0 0 12 0 6 0 0 0 2 0 3 15 0 16 0
8 3 15 0 11 2 4 12 16 0 0 5 10 0 0 6
5 16 0 0 3 14 0 0 0 8 0 4 11 0 0 0
13 0 0 1 16 7 0 3 4 0 2 6 0 0 0 9
0 0 0 6 8 4 0 0 12 0 1 0 5 7 11 0
0 12 2 5 0 0 13 0 0 0 0 7 4 6 1 0
7 0 0 4 0 12 6 5 11 15 13 0 16 2 3 8
