11 9 0 0 0 2 0 0 0 0 7 1 4 10 0 12
16 0 10 0 0 0 8 6 12 0 5 9 1 15 0 11
0 0 8 0 10 9 4 0 6 16 0 15 3 5 7 0
0 2 0 3 0 1 0 15 8 0 0 0 0 9 16 0
0 0 4 13 14 12 0 0 0 0 9 10 0 3 5 0
15 11 0 10 0 0 9 7 1 8 6 0 0 16 12 0
8 7 0 9 0 11 1 13 16 12 0 0 0 2 14 0
14 12 0 0 0 6 10 0 0 0 0 3 7 0 0 9
6 15 0 11 0 8 0 10 4 5 3 0 2 0 1 7
0 3 14 2 12 7 0 0 0 1 0 0 5 11 6 15
5 13 1 4 9 15 0 0 0 11 2 7 8 12 10 16
7 8 12 16 0 5 0 0 0 0 13 6 0 0 4 3
9 14 0 6 0 16 0 1 5 3 0 8 11 0 2 0
2 0 0 0 0 0 0 9 7 15 16 4 0 0 0 13
3 0 7 12 6 4 0 11 13 9 14 0 0 0 0 1
0 16 0 8 0 0 3 14 0 6 1 0 12 7 9 5
