0 0 9 10 2 0 3 14 0 8 1 0 11 0 5 15
0 8 0 0 0 1 12 10 6 5 15 0 0 16 0 14
0 5 0 0 11 0 0 0 0 10 0 0 0 0 8 0
0 0 0 0 0 6 8 5 0 7 11 0 9 10 0 0
15 0 0 16 5 2 6 12 8 0 13 0 0 0 0 9
9 0 0 0 0 13 14 7 11 12 0 1 16 2 3 0
14 7 6 13 0 0 9 11 5 0 2 15 4 0 0 0
0 0 0 0 10 16 0 0 7 9 14 3 6 15 13 0
11 0 7 0 12 9 0 0 0 0 4 5 0 14 10 3
0 0 10 0 1 0 5 0 0 13 7 0 2 11 9 12
5 0 12 8 14 4 11 0 1 3 10 9 7 6 15 16
3 16 15 9 0 0 0 0 0 11 0 12 13 0 0 0
6 9 16 0 0 14 1 8 0 0 12 0 0 4 2 0
13 11 2 12 7 5 0 6 0 14 3 8 0 0 16 1
10 0 8 0 4 11 2 16 13 0 9 6 12 3 0 7
1 0 14 7 0 12 15 9 0 0 5 11 10 0 0 13
