0 0 14 0 15 1 5 3 0 0 13 10 4 0 16 0
0 11 1 0 0 7 13 9 6 0 0 0 14 8 0 10
9 13 16 0 8 4 14 0 0 15 11 7 0 1 12 0
0 0 10 0 6 0 0 0 0 0 0 14 5 7 0 13
2 10 11 1 9 0 0 14 0 0 16 13 0 3 6 7
7 12 4 0 2 6 1 0 0 0 14 0 0 10 0 16
0 0 0 6 4 13 0 0 0 0 2 15 1 11 5 0
0 0 15 0 10 11 0 0 9 7 0 6 12 0 4 0
0 7 6 0 14 0 2 11 0 9 0 1 8 4 13 5
0 4 0 15 3 0 9 13 14 11 10 0 16 0 7 1
11 9 2 0 1 8 4 6 0 13 7 0 0 0 14 0
1 14 0 12 7 15 0 5 0 6 0 4 0 2 0 0
4 2 7 9 16 0 8 1 0 0 0 0 6 5 10 12
14 1 0 8 0 0 0 2 0 0 6 12 0 0 11 0
13 15 12 0 5 14 0 4 0 0 3 9 7 0 2 8
6 0 3 10 0 9 15 0 7 0 5 0 0 14 0 4
