0 5 10 4 6 0 12 3 1 0 8 11 13 0 0 0
0 0 3 0 0 7 14 0 13 0 0 0 10 5 9 2
1 9 0 2 0 5 4 13 3 6 16 7 11 0 8 15
13 12 11 0 0 0 0 0 14 0 10 2 0 6 3 0
6 2 13 9 7 1 0 0 8 14 0 3 0 0 15 4
0 0 15 0 0 4 0 0 0 7 2 6 8 11 0 0
14 7 4 0 13 0 16 0 10 0 5 9 0 1 2 3
8 16 12 0 3 6 11 0 0 0 1 0 0 7 10 14
0 0 6 14 0 0 1 0 9 0 0 0 5 0 12 0
7 0 0 1 5 0 2 0 0 0 3 14 15 10 11 0
5 0 0 12 0 0 8 0 11 0 6 4 14 2 1 13
0 8 0 3 12 15 0 14 5 13 7 0 0 0 6 9
2 10 0 15 0 12 13 0 7 11 0 5 3 0 16 0
12 3 0 16 0 0 0 8 4 1 9 0 0 0 5 11
4 11 0 0 0 9 3 0 6 8 12 0 7 0 14 0
0 0 0 0 16 10 7 11 0 0 13 15 1 8 4 0
