7 15 8 0 6 0 0 9 0 0 1 10 0 13 0 2
9 2 10 0 11 16 0 4 12 0 0 0 0 6 0 1
0 3 4 16 2 0 7 13 0 0 6 8 15 0 12 10
6 11 13 5 10 0 1 0 2 3 0 7 9 16 8 0
8 9 5 0 0 4 0 0 0 14 12 0 13 0 16 15
2 0 6 15 12 8 9 0 16 5 13 4 14 0 10 11
0 0 0 3 16 15 0 0 10 1 0 0 0 8 4 0
13 0 0 4 0 5 14 0 0 0 0 11 0 0 6 0
15 16 1 10 8 0 6 12 13 2 11 14 3 4 0 9
5 0 3 0 15 9 0 14 1 0 7 16 0 11 2 13
12 13 14 2 0 0 0 3 0 4 8 0 16 7 1 6
0 4 9 7 13 0 0 16 0 0 0 3 0 14 15 12
0 7 0 0 4 0 0 5 0 8 0 0 1 0 0 16
0 0 12 0 9 11 0 0 0 7 0 1 0 0 0 0
3 0 11 13 7 2 0 1 5 0 0 0 0 0 9 8
16 0 0 1 14 0 12 0 11 9 4 0 0 10 7 0
