0 0 0 11 0 5 0 2 6 0 0 0 12 0 15 13
0 0 6 0 0 1 0 8 2 5 0 0 14 11 0 7
9 14 15 0 0 12 11 0 8 0 1 0 2 0 6 3
5 0 0 7 9 10 6 13 0 0 0 0 1 0 8 0
10 0 0 0 4 0 0 0 0 0 0 1 8 0 0 12
0 0 9 8 0 2 0 14 15 7 0 11 0 0 1 4
0 0 13 3 10 8 12 15 14 0 9 6 11 2 0 5
4 11 0 15 13 16 0 3 12 2 8 0 9 14 0 6
2 15 10 4 0 3 8 5 9 14 7 0 6 1 0 0
13 6 8 0 0 14 0 0 5 0 16 0 3 7 0 10
0 7 16 1 11 9 13 0 0 12 6 0 15 0 5 0
0 5 0 0 0 15 7 6 0 0 3 8 0 13 4 9
0 0 3 16 1 0 14 7 10 9 0 0 4 0 11 8
0 8 4 0 0 11 10 9 0 0 0 12 0 0 3 0
11 10 0 0 5 0 2 16 0 8 15 3 0 6 9 1
6 9 7 0 0 13 3 0 0 1 0 4 5 10 14 15
