3 0 7 6 8 10 13 2 0 4 12 0 0 9 11 0
9 2 0 10 15 3 4 0 16 0 8 6 13 12 0 5
0 11 12 0 16 0 0 7 3 2 10 0 0 0 0 6
0 0 0 0 0 1 9 0 0 13 0 0 2 0 10 15
6 0 11 0 1 12 0 10 7 0 9 3 0 0 0 8
16 12 5 4 0 9 7 0 0 6 0 15 3 11 0 0
0 9 13 1 4 6 16 0 0 8 11 10 0 0 15 0
0 3 0 2 0 0 0 5 14 0 0 0 1 6 9 7
2 13 3 8 11 16 12 0 10 0 15 7 6 1 0 4
1 6 0 0 0 0 3 0 4 11 5 0 0 8 16 0
0 0 0 16 0 0 1 0 8 0 0 12 7 0 3 0
12 4 0 7 5 0 8 6 13 3 0 1 9 0 14 0
14 8 0 0 12 11 5 0 6 10 2 13 0 0 0 3
5 0 0 0 9 0 6 13 12 0 0 4 16 10 8 0
0 0 16 0 0 8 0 1 0 7 14 11 5 0 6 0
0 0 6 3 2 7 0 4 5 16 1 8 11 0 0 9
