13 0 0 0 0 0 4 0 0 8 2 7 11 3 14 0
14 10 0 12 0 0 0 2 3 16 11 0 5 0 0 4
2 0 8 5 15 3 1 11 0 0 9 0 0 7 6 0
0 0 15 4 0 8 16 14 13 5 6 0 0 2 12 9
0 2 4 7 5 12 14 0 16 0 3 9 8 13 0 0
0 0 3 14 2 10 13 4 8 7 12 6 0 11 0 0
10 0 16 13 0 1 15 0 2 11 4 0 12 0 3 0
0 8 0 15 0 11 3 0 10 0 14 0 0 5 0 7
6 4 11 8 0 16 2 0 0 9 10 3 0 15 0 0
0 0 0 3 0 6 0 0 0 0 15 0 14 16 0 10
16 13 12 9 0 0 0 0 14 6 7 11 0 0 5 0
1 0 14 10 12 7 0 0 4 0 0 2 6 0 8 0
0 3 0 0 1 4 7 16 0 0 0 0 15 0 0 14
4 0 10 16 13 2 6 5 0 0 1 15 7 12 11 0
0 7 1 11 3 0 12 0 0 4 0 16 2 0 9 0
0 0 13 6 11 0 8 10 7 0 5 0 16 0 1 3
