1 12 0 0 16 9 4 6 0 0 0 8 0 15 0 11
2 15 0 8 7 12 0 0 0 0 0 5 0 4 3 0
4 0 0 6 0 8 1 11 0 0 15 0 13 7 14 0
13 7 16 0 3 15 0 0 9 0 4 0 6 1 0 0
0 11 5 1 0 14 16 0 0 4 0 3 0 0 0 6
0 8 0 0 13 2 0 0 11 1 0 9 0 12 0 10
3 9 6 2 0 7 11 0 0 0 13 10 16 8 5 1
10 0 7 4 15 1 0 0 2 0 0 6 14 0 11 0
0 16 10 0 0 0 12 15 0 0 1 4 2 0 0 0
5 3 8 13 0 0 0 0 16 0 10 2 12 11 15 14
15 1 0 0 2 0 0 0 0 8 11 0 10 0 0 0
6 2 4 11 8 10 5 16 15 0 0 12 7 13 0 0
8 4 15 0 14 0 3 0 0 6 9 0 0 5 2 13
11 14 13 0 1 0 0 4 0 2 16 15 8 10 12 7
9 0 1 12 11 0 0 10 4 7 8 0 3 14 0 0
0 5 0 0 0 13 15 8 10 3 0 11 0 6 9 4
