0 0 5 9 1 11 13 0 2 4 0 8 0 0 0 15
1 0 0 0 0 2 5 14 3 0 0 0 9 12 0 0
7 0 14 12 4 15 3 0 0 0 1 11 0 8 2 16
8 3 0 4 0 10 0 0 0 12 14 6 1 5 0 13
0 5 3 0 0 1 4 0 0 0 0 9 16 15 0 0
16 2 6 0 11 5 15 0 13 8 0 0 3 0 4 1
0 4 7 15 0 12 8 0 5 16 3 0 11 0 14 2
0 10 12 1 0 0 16 0 14 0 15 0 0 0 0 8
0 9 0 0 0 0 1 0 0 0 6 10 0 3 0 12
0 0 15 13 0 0 0 11 16 9 5 3 4 0 10 0
0 12 0 0 16 3 9 4 0 15 0 2 0 0 5 0
0 1 0 3 0 6 10 0 11 0 0 7 8 2 16 9
3 16 1 6 12 4 14 8 0 7 0 0 0 0 15 11
12 11 9 5 0 7 2 15 8 1 0 14 6 16 0 3
0 0 0 10 0 9 11 0 6 3 0 16 12 4 8 7
0 7 8 0 13 0 6 3 12 11 9 15 0 10 0 0
