7 0 3 1 14 10 11 0 9 0 12 0 16 8 5 0
11 2 12 6 7 9 8 16 0 4 5 10 14 0 15 3
0 8 15 0 1 5 12 3 14 7 0 0 4 13 0 0
5 10 4 14 6 0 0 2 8 0 0 16 0 12 9 11
2 0 0 0 0 14 7 0 0 10 0 13 0 3 12 4
0 1 16 0 3 8 0 0 11 0 7 0 10 0 2 14
14 4 0 3 15 1 0 10 0 9 0 12 11 0 16 0
13 5 0 0 4 0 16 0 0 14 0 3 15 6 0 7
10 0 0 9 2 0 5 8 16 0 14 0 6 0 0 1
0 0 0 0 10 16 0 15 3 12 4 8 0 2 11 0
15 0 0 0 13 12 0 11 0 1 10 0 8 16 0 5
0 0 0 8 0 0 3 1 2 0 6 0 12 10 14 0
0 0 5 0 8 0 1 13 0 0 9 0 0 11 10 0
16 15 1 0 12 0 9 0 0 0 0 11 0 4 7 0
0 11 0 4 0 3 0 0 5 0 13 0 9 15 0 12
8 9 10 0 0 6 0 0 0 2 15 0 3 14 13 16
