1 0 3 0 0 7 0 15 0 5 8 0 14 0 6 0
5 0 0 6 0 14 0 11 1 3 0 0 10 0 0 15
10 0 13 8 6 5 0 0 12 11 0 9 0 4 7 3
4 9 0 14 13 0 10 3 0 2 6 15 11 1 0 5
12 6 0 0 3 15 0 0 8 1 11 10 0 0 0 0
0 14 0 15 4 12 13 9 6 0 0 2 5 10 11 8
11 0 9 10 8 1 0 0 4 13 0 14 0 0 0 16
16 0 8 7 10 11 14 0 3 9 15 0 0 6 2 1
15 0 0 9 0 10 8 0 11 0 16 1 0 0 0 0
0 3 11 16 7 9 15 0 0 0 12 5 0 0 0 10
0 12 14 5 0 0 3 0 0 10 0 0 0 11 0 13
6 8 0 1 0 16 11 13 14 0 0 3 12 0 4 9
9 1 12 0 0 13 0 8 2 14 10 0 0 5 15 6
8 0 0 0 0 3 12 0 0 0 0 6 9 2 10 0
14 5 6 0 0 2 9 10 0 8 0 0 0 7 13 0
13 0 15 2 11 6 5 4 0 0 0 0 8 0 1 0
