0 10 0 1 4 5 0 12 13 11 15 3 2 0 6 9
0 4 0 11 8 15 0 14 9 0 1 0 0 10 0 0
0 9 0 0 11 0 10 13 12 16 2 0 0 7 8 4
0 12 0 16 1 9 7 6 8 10 4 14 13 0 0 0
0 0 15 12 0 11 0 0 10 0 0 0 7 8 0 0
0 2 0 3 15 7 0 16 14 0 12 13 11 6 10 0
11 0 0 4 0 10 6 8 0 0 16 0 0 1 15 0
10 6 5 0 12 0 0 2 15 8 0 0 16 4 0 3
6 0 0 7 0 2 0 0 16 15 13 0 9 3 12 0
0 0 4 0 0 0 0 9 1 6 0 8 0 13 0 15
16 0 12 15 0 0 0 1 0 5 10 9 0 0 0 6
13 0 10 9 6 8 15 0 0 2 14 0 5 0 4 1
0 0 16 10 9 13 0 11 0 0 5 15 0 12 2 0
9 0 0 0 14 0 1 10 11 12 0 16 15 0 3 0
0 7 0 0 5 0 0 15 2 13 9 0 4 11 0 16
12 15 0 5 0 16 0 7 6 4 0 1 14 9 13 10
