0 5 0 0 16 0 0 10 0 11 15 0 4 9 0 7
0 0 10 0 7 9 12 0 16 1 6 0 0 3 0 13
0 11 9 2 13 0 15 0 0 12 7 3 1 5 0 10
0 0 0 0 0 0 0 0 10 9 13 14 0 2 8 6
0 3 0 0 6 15 4 14 0 13 9 16 2 1 0 8
13 0 0 1 0 16 0 0 5 0 0 4 0 0 0 3
9 6 0 11 0 0 0 12 7 0 1 0 0 0 0 0
0 0 0 0 11 5 0 9 8 2 0 0 0 0 7 12
0 0 1 0 10 0 3 4 9 7 2 13 15 0 5 14
10 15 5 6 0 11 9 13 3 16 14 0 0 0 0 0
14 7 12 0 5 0 6 1 15 0 0 11 3 10 0 16
0 4 0 3 0 0 7 16 6 5 10 12 0 0 0 1
0 0 16 15 12 10 0 3 11 6 4 0 0 0 1 9
1 9 11 0 14 4 2 15 13 3 16 0 6 0 10 5
6 0 3 4 1 7 13 0 0 8 5 0 12 16 2 15
7 0 0 5 9 6 16 0 1 10 0 0 0 4 3 0
