0 13 9 6 0 0 0 7 0 0 0 0 0 0 11 0
4 11 14 2 15 5 8 0 0 3 13 0 0 0 6 7
10 0 16 0 11 9 12 13 14 4 0 0 15 3 1 0
0 1 8 0 3 6 16 0 11 9 0 7 0 13 5 0
7 6 12 5 0 1 0 0 0 0 0 0 16 14 9 0
1 0 13 0 12 16 5 11 0 7 0 4 0 10 0 0
2 10 0 0 13 14 0 9 16 15 0 12 6 11 8 5
0 15 11 16 2 0 0 6 0 0 9 0 1 0 12 0
14 0 6 9 4 0 0 2 0 0 11 1 5 0 0 0
0 3 0 0 14 15 6 5 7 0 0 10 2 8 16 9
0 4 0 8 9 0 0 0 0 6 15 5 7 1 14 11
0 0 15 10 0 0 11 0 0 8 14 2 13 6 0 3
6 12 0 0 0 13 0 0 0 1 8 9 11 0 7 16
16 2 0 13 6 0 0 8 12 0 5 3 10 9 15 14
0 0 5 15 16 11 2 0 6 0 0 0 12 0 13 0
0 14 10 1 5 7 0 0 0 13 16 15 0 0 0 6
