15 7 0 16 0 0 0 12 0 5 8 0 4 0 0 0
9 1 0 0 0 5 2 14 13 7 4 3 0 11 0 16
12 5 6 0 7 11 0 0 10 0 0 0 3 13 15 9
0 4 11 13 0 16 0 0 12 2 9 15 1 0 5 0
0 10 12 3 0 0 0 8 0 14 15 16 0 5 0 0
0 0 0 0 16 12 7 11 0 3 6 0 15 10 1 14
0 0 1 9 5 0 15 0 2 13 12 0 0 0 8 4
6 15 16 8 2 0 14 0 5 1 10 0 0 12 7 0
3 0 13 14 11 0 0 0 1 0 16 0 5 4 9 7
10 0 0 0 0 0 3 5 4 0 7 9 2 1 14 11
0 9 0 5 12 0 0 0 0 11 14 13 0 0 3 0
8 11 7 6 0 14 4 0 0 0 0 0 0 0 0 15
13 0 0 15 6 3 9 0 0 4 0 1 10 2 11 0
0 12 10 11 8 0 0 13 7 9 3 2 14 0 4 0
0 3 0 0 0 0 12 16 8 0 11 10 0 15 13 5
4 6 0 7 10 0 11 1 14 0 0 12 0 9 0 3
