0 5 0 0 0 0 0 1 0 0 0 3 9 12 0 10
3 7 0 0 15 5 9 14 0 12 10 0 11 8 4 6
9 1 14 10 11 12 0 0 6 15 0 2 5 0 0 0
0 8 0 0 2 7 10 0 9 11 5 16 13 0 0 15
0 0 13 16 5 3 11 0 15 0 12 0 0 1 6 2
0 0 12 6 8 15 13 0 11 10 7 5 0 0 0 9
0 0 5 9 0 0 6 0 0 0 3 8 7 0 0 0
0 2 11 0 12 0 1 0 0 13 0 0 3 0 8 5
10 13 9 8 14 0 0 16 4 0 0 0 0 0 15 1
4 12 6 3 0 0 15 10 0 1 8 11 14 0 0 13
0 0 0 5 3 0 4 6 14 0 9 0 0 11 0 0
14 0 1 0 13 8 0 12 0 16 15 0 0 9 3 4
12 16 0 0 1 0 0 5 8 14 11 7 4 6 9 3
0 0 7 11 0 16 3 15 12 0 1 4 8 2 5 0
2 9 8 14 6 4 0 0 0 5 16 15 0 10 0 7
5 0 0 1 7 0 14 0 2 0 0 10 0 16 0 0
