13 6 0 0 0 5 2 1 3 7 0 0 8 16 11 0
5 8 4 7 12 0 9 11 0 0 2 16 0 15 3 0
0 0 0 0 4 3 0 16 0 12 6 0 5 0 10 0
0 9 16 14 0 0 0 10 0 0 1 0 0 6 2 12
6 0 15 9 5 0 3 12 0 0 0 0 13 0 0 1
0 14 0 8 11 1 6 0 0 3 4 12 0 10 16 9
1 0 3 12 10 0 0 0 15 13 8 0 6 11 7 5
11 0 10 16 0 14 15 8 1 6 5 0 4 3 0 2
14 12 0 2 1 9 0 0 0 4 16 3 0 0 0 10
0 10 6 0 0 7 11 4 0 0 14 13 16 2 1 0
4 1 0 13 0 8 0 0 0 0 7 2 14 0 5 3
0 15 8 3 2 13 12 14 0 0 0 0 0 0 0 7
0 0 13 11 0 0 1 5 0 0 12 6 0 7 0 0
0 0 0 4 6 11 13 0 8 0 3 10 12 1 14 0
8 0 14 1 0 0 16 0 0 0 15 0 10 0 0 6
12 0 9 0 0 10 14 2 7 1 13 4 3 5 15 0
