8 7 0 1 0 9 0 15 0 0 4 0 0 0 2 6
3 5 15 9 2 14 12 0 7 0 13 6 8 1 11 0
0 0 0 0 0 1 8 0 5 0 15 0 7 12 16 13
12 6 0 0 0 11 7 5 8 1 0 2 9 0 3 15
0 0 0 14 8 12 5 13 2 0 0 16 3 0 6 11
4 12 2 0 11 10 9 3 0 0 7 0 1 0 8 5
7 0 0 0 0 2 16 6 0 8 0 0 0 14 0 10
0 11 8 10 1 0 14 0 0 6 3 0 0 0 13 2
0 0 7 0 10 0 11 0 1 0 5 0 13 0 4 8
0 9 0 0 3 0 1 0 4 12 16 0 0 0 5 7
2 0 3 5 7 0 0 0 0 0 8 10 16 0 1 0
0 4 1 8 5 16 0 0 13 0 6 0 0 9 0 14
0 10 12 2 16 3 4 0 0 0 9 8 5 13 0 0
9 1 14 0 0 0 0 0 0 5 0 4 6 0 10 0
0 0 0 7 14 0 6 0 10 16 11 1 15 8 12 9
0 8 16 11 9 15 10 1 0 13 12 0 0 4 14 3
