13 0 3 14 0 4 0 11 0 0 0 10 15 8 0 12
0 0 0 8 10 0 0 0 0 11 7 1 0 14 5 2
1 12 0 7 0 8 0 14 6 0 2 0 3 9 10 0
10 16 5 6 0 12 9 0 0 0 0 8 0 0 0 0
5 3 1 16 0 0 6 0 4 7 9 0 0 10 2 0
0 11 15 12 0 7 0 0 8 0 0 0 5 6 9 13
0 6 13 0 0 0 0 0 0 0 0 0 12 16 7 0
0 7 9 10 15 0 11 16 13 2 0 12 0 0 1 8
0 0 16 0 9 0 10 8 7 4 0 2 0 0 15 0
0 1 0 0 5 15 7 13 0 16 0 3 8 11 0 6
3 0 0 4 6 0 16 0 15 8 11 13 0 1 12 0
0 0 14 0 4 11 12 3 0 6 5 0 10 0 13 16
0 0 0 3 1 10 0 4 9 5 0 6 2 13 0 11
16 0 0 13 12 6 8 5 14 1 0 11 7 0 3 0
11 4 6 0 13 0 14 9 2 12 3 7 1 0 0 0
9 0 8 1 11 2 0 0 16 0 13 4 6 12 0 5
