0 7 4 5 13 0 0 0 0 0 0 8 0 0 0 1
0 11 0 3 14 2 4 0 7 0 9 12 0 16 8 6
0 0 15 16 0 8 9 7 0 0 0 0 3 10 0 13
9 14 0 8 1 0 6 0 16 0 13 0 15 7 0 2
0 15 0 0 0 0 1 3 8 13 0 5 10 6 0 0
1 0 8 0 6 12 5 13 0 3 0 11 0 15 16 0
0 0 2 7 11 0 8 9 15 12 1 10 0 4 5 14
13 0 0 11 2 0 15 10 6 0 16 9 0 0 1 0
4 0 0 0 10 6 7 8 1 0 11 13 16 0 14 12
14 9 10 6 16 5 13 0 12 0 3 4 11 0 7 0
0 13 11 0 15 9 2 0 5 0 8 7 4 0 0 0
8 0 7 0 4 0 0 12 10 0 15 14 6 13 9 0
7 0 0 0 3 0 0 4 0 0 0 1 2 11 6 0
11 0 6 0 0 1 0 0 0 0 12 15 7 3 0 0
5 0 0 13 9 7 0 0 11 10 6 0 1 0 15 8
15 0 0 0 8 0 11 6 3 0 7 2 12 0 10 9
