12 0 0 7 10 0 16 2 0 13 14 3 9 5 0 6
0 0 13 0 3 6 8 9 15 12 11 0 0 14 1 0
14 0 8 1 7 11 0 15 9 6 5 0 3 13 16 12
0 0 0 9 12 14 0 0 4 0 0 1 11 15 0 8
0 0 4 3 11 9 2 1 10 0 8 5 14 16 0 0
1 16 5 0 0 0 0 7 0 3 2 0 4 9 0 0
13 0 2 0 0 16 0 4 7 9 6 0 0 0 0 0
0 9 0 15 0 5 3 0 16 0 1 11 0 8 7 0
2 13 3 0 1 4 11 0 0 14 0 15 8 0 5 0
5 0 7 0 9 2 0 16 0 11 0 0 15 12 14 0
15 1 0 12 0 0 14 8 0 7 10 9 16 0 13 4
9 4 11 0 15 7 13 0 1 0 0 8 0 0 2 0
11 5 9 2 16 0 7 0 3 8 4 0 10 1 0 0
0 15 1 0 4 0 10 3 5 0 0 0 13 0 0 14
0 0 0 0 0 0 9 5 0 1 13 2 0 6 8 16
16 7 14 13 0 0 0 0 0 10 15 0 5 0 0 0
