0 15 9 6 0 0 0 3 8 14 12 0 0 10 0 0
0 0 11 5 0 8 0 12 13 1 9 3 15 0 14 0
13 1 16 0 0 10 5 14 0 15 0 0 3 0 12 8
12 0 8 3 1 0 15 4 0 0 0 7 11 6 13 2
15 7 12 0 3 0 0 0 0 0 0 13 1 0 6 0
0 11 10 13 0 0 0 0 16 0 2 15 14 12 0 3
6 9 1 2 0 16 14 15 0 4 0 0 10 8 7 11
8 0 3 0 0 0 12 0 0 10 0 0 2 13 0 0
1 0 15 8 0 4 11 0 7 5 14 9 0 0 16 0
0 5 2 0 0 14 3 0 15 13 4 10 0 1 8 0
14 3 0 0 10 0 0 0 2 12 16 0 13 0 15 9
16 12 7 0 0 0 8 0 0 0 0 11 0 0 4 14
11 2 13 9 0 0 16 8 6 0 0 5 4 15 10 1
3 0 14 0 0 0 2 0 9 0 1 4 16 7 11 12
7 8 5 0 4 0 0 6 10 11 15 0 0 0 2 0
0 16 4 1 15 0 0 11 0 2 0 14 0 5 3 6
