15 9 4 0 10 2 7 0 0 0 1 14 12 0 11 0
0 11 14 8 3 0 0 0 5 10 0 7 4 0 13 1
2 3 0 0 12 0 15 1 9 6 11 0 8 14 7 5
0 0 0 5 0 0 0 11 0 15 4 12 10 16 0 0
10 7 0 1 0 0 0 8 0 9 0 0 14 0 4 16
11 5 0 4 14 7 1 3 16 12 10 0 0 9 0 8
0 13 16 12 2 0 6 4 0 5 0 11 0 0 0 15
3 0 6 9 0 0 0 10 2 0 0 4 11 0 0 0
7 12 0 0 0 0 2 16 0 0 5 0 0 4 15 0
4 16 3 15 11 0 8 14 0 0 0 9 5 0 6 0
5 1 0 6 7 0 3 0 4 0 15 2 16 8 0 9
9 2 8 14 4 5 0 0 0 16 6 1 0 13 3 11
6 15 0 0 8 0 0 0 14 0 13 10 0 7 0 4
13 8 12 0 6 15 0 9 0 0 16 5 0 10 14 3
0 10 5 2 0 14 0 0 6 4 0 3 0 0 8 12
0 4 0 0 0 3 0 2 0 11 12 15 0 0 0 13
