0 0 5 12 0 10 16 0 13 2 14 0 0 0 6 0
0 0 6 1 0 0 0 3 16 4 15 8 2 0 10 13
0 0 4 0 0 0 6 0 10 12 1 0 0 0 0 8
0 16 3 0 8 0 2 0 6 5 7 11 14 0 0 0
5 0 0 11 0 3 0 12 7 15 4 14 0 2 16 6
0 12 16 0 7 9 0 0 1 13 0 0 0 14 4 0
6 1 13 14 15 5 0 2 0 9 11 16 0 8 3 7
0 0 0 15 0 0 14 16 0 0 0 2 0 1 9 11
11 5 1 4 2 0 15 0 0 14 10 12 6 7 13 0
9 0 12 0 0 0 1 0 2 0 16 13 0 3 14 0
16 0 0 8 3 0 13 0 11 0 9 0 1 5 2 12
13 0 2 0 0 12 9 7 4 1 6 0 0 16 0 15
7 14 0 5 0 8 10 0 9 0 13 4 3 0 1 2
12 4 0 10 6 14 0 11 15 0 2 0 9 13 0 0
1 13 9 0 0 2 3 4 8 0 0 7 11 0 0 14
3 0 0 0 9 1 7 13 0 0 0 6 0 0 0 4
