4 0 5 10 0 0 1 13 9 2 0 0 3 0 8 16
0 12 0 9 16 0 14 7 0 0 0 0 11 10 5 2
16 14 13 11 0 0 8 5 0 0 15 0 0 1 0 9
3 8 2 1 9 10 0 0 0 0 16 0 0 0 14 7
13 0 9 0 0 8 16 2 0 6 0 4 14 7 15 10
0 1 14 5 7 0 9 11 0 15 0 16 0 4 0 0
7 2 10 16 5 4 6 15 12 0 3 9 0 0 11 1
0 0 11 4 10 0 3 0 0 0 13 8 2 9 16 0
1 0 12 0 2 0 4 9 0 5 0 10 16 3 0 11
11 0 0 3 6 0 0 0 0 7 0 2 9 0 10 0
0 10 4 0 3 5 15 16 1 0 0 0 8 2 7 12
2 9 7 0 14 0 0 10 16 0 0 3 0 5 1 0
9 16 0 0 11 0 0 6 14 0 10 0 0 0 4 0
0 0 15 0 8 0 10 1 0 0 0 11 0 6 9 3
10 0 3 0 13 0 2 0 5 16 0 15 1 0 12 8
0 11 1 0 4 15 0 3 13 9 0 0 0 0 2 14
