7 13 1 8 0 6 0 2 10 0 0 0 0 0 0 5
9 0 0 14 0 1 0 15 7 16 0 0 0 4 12 2
0 15 0 16 4 13 0 0 2 0 0 5 9 0 0 1
4 5 0 0 0 0 12 0 1 6 3 15 0 0 8 16
1 12 6 0 8 0 15 13 3 0 0 0 0 9 10 14
16 9 0 0 11 0 6 0 0 8 0 1 3 15 0 12
0 8 7 3 1 5 9 0 0 11 0 0 0 2 4 13
13 0 15 0 0 4 14 10 12 9 0 0 0 0 7 6
5 1 8 6 0 0 0 0 16 0 0 3 0 0 0 11
12 7 0 13 10 0 4 5 0 15 1 0 2 6 16 0
3 0 4 10 0 12 8 6 11 13 2 14 5 1 9 0
15 2 11 0 0 0 0 1 0 0 0 4 13 0 14 8
0 0 0 0 14 9 0 16 0 0 0 11 0 7 0 10
8 10 13 0 6 7 5 0 14 2 9 0 0 11 3 15
0 14 16 7 12 0 1 0 4 10 0 6 8 0 2 9
6 3 9 15 0 0 0 0 0 1 7 12 14 16 0 4
