0 12 15 1 0 14 16 2 3 7 6 8 0 13 9 4
0 0 4 0 0 5 11 7 0 0 0 0 15 8 0 0
10 7 8 0 1 3 6 0 0 0 5 4 0 0 2 16
3 2 16 11 4 9 0 13 0 14 12 0 10 5 6 0
0 4 14 0 13 0 0 1 7 0 3 6 0 11 16 0
13 0 11 0 3 8 0 16 0 0 1 10 6 14 0 15
15 0 10 8 6 0 14 11 0 0 16 13 5 7 0 1
0 0 0 0 9 0 0 0 0 15 11 0 13 4 10 0
0 1 5 15 2 11 13 3 14 10 0 0 0 16 0 0
11 8 0 0 0 0 5 10 0 3 4 9 7 15 13 12
12 10 7 3 0 0 0 0 13 0 8 5 0 0 14 11
0 0 6 0 16 12 0 8 0 11 2 0 0 0 5 0
0 0 13 10 0 4 15 6 12 0 0 16 0 3 0 0
14 15 1 0 8 0 0 9 10 0 13 0 0 0 11 5
8 0 9 4 7 10 2 12 0 0 14 11 0 1 0 0
0 0 12 5 11 13 0 0 2 0 0 0 4 10 7 9
