10 0 2 8 0 0 0 1 11 9 12 0 16 6 0 5
9 7 11 1 0 5 15 0 0 0 2 16 0 0 12 4
3 5 0 6 0 14 0 11 15 7 4 8 0 9 1 0
0 13 12 0 0 16 3 9 0 5 0 14 0 8 0 0
0 0 13 5 16 3 9 12 1 15 8 0 0 0 0 7
2 0 3 4 0 11 14 0 16 10 13 7 12 1 0 15
16 8 6 7 13 15 0 10 0 0 5 4 0 0 0 0
1 15 0 0 0 2 8 4 9 3 14 0 5 16 13 0
0 4 9 16 0 10 7 15 5 0 3 0 8 13 0 12
13 0 8 0 0 0 4 16 12 6 0 2 15 5 0 0
11 10 15 2 5 0 6 0 0 0 0 0 4 7 0 1
0 0 0 0 0 8 2 0 0 16 0 0 0 11 0 0
0 6 14 10 0 0 5 8 7 2 0 0 0 0 11 16
0 2 7 0 9 1 11 14 3 4 16 10 6 12 5 0
8 0 1 11 0 0 10 0 13 0 6 5 0 15 7 0
0 0 0 9 0 0 16 7 0 0 11 0 10 0 0 0
