0 8 0 0 0 16 0 3 0 4 6 7 13 0 0 0
0 14 0 0 0 0 0 1 9 5 0 0 10 7 0 0
10 1 7 0 0 0 5 4 0 0 11 3 9 14 6 15
2 0 4 0 9 0 15 11 0 0 8 13 5 3 0 16
0 11 8 0 0 0 0 2 6 1 0 4 7 0 0 0
6 9 14 10 0 0 0 7 16 0 15 2 12 1 11 0
0 0 1 12 11 15 10 8 3 0 13 0 2 4 0 0
15 2 0 4 1 6 3 14 10 0 12 0 16 0 13 9
4 0 12 11 0 0 16 0 0 14 0 6 0 10 9 2
9 0 0 0 0 0 4 13 0 11 0 16 0 5 3 7
14 0 2 0 7 10 11 5 4 3 9 12 6 13 0 0
0 0 3 7 0 0 6 9 0 0 0 8 0 0 4 0
11 3 6 14 15 9 0 16 0 0 0 10 4 0 12 0
12 7 13 0 3 0 1 10 8 6 2 9 11 16 5 0
1 4 16 0 0 13 7 6 0 12 0 0 0 0 15 0
8 0 0 5 14 0 2 0 0 16 4 0 3 6 7 13
