15 0 8 13 0 2 0 0 12 9 0 0 0 0 16 4
0 0 0 12 9 6 16 0 2 4 15 7 0 0 13 11
0 1 0 0 0 15 0 7 0 0 6 0 0 5 2 12
16 0 2 11 0 13 0 0 0 5 3 0 0 15 9 6
0 0 11 0 5 4 9 13 16 0 10 0 0 0 12 1
0 0 13 16 11 7 2 12 0 0 0 0 0 0 0 3
0 9 5 8 15 0 0 3 13 7 12 0 4 11 0 2
4 10 12 0 14 8 1 6 3 0 0 15 13 16 0 5
13 0 0 4 6 11 0 9 0 0 8 0 12 0 1 7
0 0 15 1 0 3 12 8 4 6 2 13 16 9 0 0
7 0 10 3 2 0 0 14 9 0 11 5 0 0 0 15
8 0 0 6 16 10 4 0 14 0 0 0 5 0 11 13
0 13 6 9 8 14 3 0 5 0 1 11 7 0 4 10
0 0 0 0 1 0 7 0 0 0 13 6 11 14 0 0
12 0 7 0 13 9 0 11 0 3 4 0 2 0 0 0
11 14 1 10 0 5 0 2 7 12 16 0 6 13 3 8
