0 6 0 0 0 0 1 4 15 10 13 5 7 11 0 0
0 15 0 1 8 3 0 12 4 14 16 11 13 10 0 0
0 0 10 0 0 14 7 2 0 12 9 1 0 3 0 6
0 16 9 0 13 0 5 11 0 6 2 3 4 15 1 0
15 0 0 0 5 1 2 0 16 0 10 6 3 12 0 11
6 0 3 0 10 0 12 15 0 4 0 13 16 1 2 0
0 12 1 0 0 6 4 0 0 0 8 0 14 7 0 5
8 2 5 0 11 9 13 7 0 3 0 14 10 0 15 0
9 0 14 5 1 15 0 0 2 0 0 7 0 0 12 13
13 0 6 0 14 0 11 5 0 0 0 0 0 0 3 0
0 0 11 3 7 0 0 0 0 16 14 4 1 5 10 0
0 1 15 4 12 0 0 0 0 13 3 0 11 14 6 7
10 5 8 15 2 0 3 1 0 9 0 16 0 0 0 0
12 9 0 0 16 0 0 13 14 0 1 10 2 8 0 3
0 11 16 0 6 5 14 0 0 2 7 12 0 0 4 10
7 0 2 0 4 12 0 9 13 0 0 15 0 16 0 0
