0 0 0 0 14 9 0 13 0 15 0 6 8 0 5 11
15 0 0 14 3 1 4 6 8 16 0 11 0 0 0 2
0 2 0 1 12 0 10 0 0 9 3 4 0 6 14 0
10 0 9 8 0 0 0 11 5 14 0 2 0 0 1 0
8 11 0 5 13 6 7 4 0 0 0 3 1 14 15 0
6 15 0 12 5 8 0 0 7 1 14 10 11 9 0 4
1 16 0 0 0 0 0 15 0 11 6 13 7 0 8 5
9 4 0 2 0 0 0 16 12 8 15 5 6 13 10 3
0 0 0 0 2 16 0 12 0 6 5 14 0 11 0 1
16 0 1 7 0 0 0 0 11 4 2 12 10 0 0 8
0 0 0 4 10 15 0 0 9 0 0 7 12 16 0 6
0 12 2 6 7 0 9 1 0 10 8 16 5 0 13 0
0 0 0 10 0 0 14 3 0 0 11 15 0 1 0 0
5 8 0 13 0 2 16 7 0 0 0 0 15 12 0 10
14 7 0 15 4 11 5 9 0 12 13 1 2 0 0 0
4 1 12 0 0 0 0 0 0 7 16 8 14 5 0 9
