8 9 16 0 0 0 11 12 14 4 0 13 1 10 2 0
11 14 4 0 0 0 0 0 12 0 2 0 3 0 7 13
0 7 5 0 0 0 0 0 0 1 3 11 0 6 9 0
13 3 0 0 0 0 14 7 0 9 6 0 4 11 0 16
1 4 2 10 0 0 9 3 8 7 0 6 14 5 13 11
0 0 7 0 14 0 0 11 0 16 1 0 0 12 0 0
16 12 13 9 6 5 0 2 0 0 4 3 15 8 10 7
0 0 0 0 0 0 4 0 10 0 0 5 2 16 1 0
7 5 6 0 11 0 3 4 0 0 0 14 16 2 8 15
0 10 1 0 16 0 7 6 2 3 0 0 5 13 0 12
0 0 15 3 0 8 12 0 6 13 11 9 0 1 0 10
14 2 0 0 0 1 0 0 16 0 0 0 0 9 3 4
6 0 0 0 8 13 16 0 7 0 14 15 0 4 5 9
5 11 0 0 0 3 15 9 4 0 16 10 13 0 0 0
0 13 0 0 4 11 6 14 3 8 0 0 0 7 0 2
10 15 14 4 0 0 2 0 9 0 13 12 0 3 16 8
