0 6 10 2 0 0 11 0 0 14 12 9 16 7 8 1
4 0 0 0 15 7 2 10 5 6 11 0 0 3 12 0
8 5 12 14 0 0 6 4 13 10 3 7 0 0 15 0
3 7 13 0 8 0 0 0 0 0 1 0 0 10 0 6
1 0 5 0 13 0 8 0 6 12 0 10 0 16 3 7
11 15 0 0 0 6 3 0 0 0 5 13 8 0 1 0
0 4 8 3 1 0 10 0 0 2 15 0 0 0 0 5
12 16 0 13 7 5 0 0 1 0 9 0 10 0 14 2
0 0 0 12 2 11 0 9 15 4 8 0 0 5 0 0
2 0 7 8 0 0 5 0 0 9 0 0 1 15 11 3
6 10 15 4 3 0 7 0 0 0 13 2 12 0 9 8
0 11 0 0 0 15 12 8 10 3 7 0 0 13 2 16
0 0 11 7 6 10 0 12 9 1 0 0 2 8 5 14
0 12 0 0 0 0 0 0 0 0 0 5 7 1 10 0
10 8 0 0 0 3 1 5 0 13 6 14 9 4 16 0
5 1 0 16 0 0 14 7 0 11 10 0 3 6 13 0
