0 16 1 8 0 2 7 0 6 0 0 0 0 9 0 14
14 12 0 0 1 0 4 9 0 10 3 2 15 0 0 0
3 9 5 2 13 12 10 0 14 15 8 7 0 1 4 6
0 0 10 0 0 8 14 3 0 0 16 0 12 0 0 0
13 0 0 0 0 0 2 6 0 0 11 4 0 0 1 0
7 0 3 0 0 11 0 8 0 6 0 15 0 0 9 4
1 0 8 16 0 5 0 4 10 0 0 9 2 6 0 0
0 4 2 6 10 13 0 14 16 8 1 12 0 0 15 3
12 2 0 3 9 1 6 0 8 14 4 5 13 15 0 16
8 0 11 0 0 0 13 0 0 12 0 0 1 3 7 2
10 0 0 9 4 7 3 2 1 11 15 0 0 12 5 8
16 1 6 0 0 15 8 12 13 0 0 0 4 14 0 9
11 5 4 1 0 0 16 7 3 13 10 0 9 2 12 15
0 0 0 14 0 0 11 13 12 4 5 6 0 10 8 1
0 0 16 0 0 10 0 15 7 1 0 0 0 4 0 0
0 8 0 10 0 0 0 1 0 0 9 11 0 13 0 0
