5 0 0 1 12 0 11 0 2 16 8 0 6 15 0 4
0 7 8 0 0 10 2 0 11 4 13 0 5 14 9 16
10 2 0 4 14 6 0 0 0 0 0 0 0 13 12 11
11 9 0 0 15 8 0 16 5 10 0 0 0 1 0 7
9 4 0 6 0 1 0 0 16 12 5 0 7 2 0 0
0 5 11 16 7 3 6 0 4 2 14 15 12 9 1 10
0 14 1 12 0 4 9 10 8 0 11 0 0 3 5 0
0 0 3 8 0 16 14 0 7 0 10 0 4 11 6 13
14 12 13 5 0 9 10 0 1 0 15 0 0 0 7 0
1 6 0 0 0 14 0 0 0 5 0 16 10 8 0 12
0 8 0 10 6 0 0 4 12 11 0 0 0 16 0 0
16 11 0 0 8 12 3 15 6 14 2 0 0 0 13 0
0 0 5 0 0 15 12 0 3 0 1 2 0 7 16 0
0 0 0 14 0 11 13 0 10 15 16 5 0 12 4 3
12 10 0 3 0 7 0 0 0 8 0 0 13 6 15 1
0 16 0 9 0 0 8 3 0 0 12 4 14 0 0 5
