8 14 0 12 1 4 0 0 0 3 0 0 0 2 0 0
0 0 0 0 0 14 10 15 4 12 5 6 7 9 16 0
0 0 0 5 3 0 9 0 0 0 8 0 0 0 0 12
9 16 11 0 12 5 6 0 0 13 2 14 3 8 0 0
0 1 0 7 16 10 3 0 0 9 0 5 15 12 11 13
5 4 12 0 2 0 0 8 0 0 11 0 6 7 0 0
16 9 3 15 5 0 1 6 8 7 0 12 10 0 14 2
14 0 6 0 7 0 15 0 10 1 4 0 8 3 5 0
10 0 2 0 0 7 0 0 0 0 0 3 1 13 8 15
7 0 0 16 0 3 13 0 0 8 15 1 0 11 2 9
1 15 0 6 9 8 11 16 7 2 10 13 12 5 0 4
3 0 13 0 0 0 0 0 0 5 0 4 16 6 10 0
12 3 5 13 0 0 8 9 2 0 1 7 11 0 4 0
15 6 16 14 0 0 0 0 0 11 3 0 9 1 7 0
11 0 7 2 10 0 5 14 0 4 0 0 13 15 0 0
0 10 9 0 11 0 0 0 13 0 14 0 0 16 12 0
