10 0 0 0 15 13 2 0 0 0 0 0 0 0 0 1
0 0 0 12 4 0 8 10 0 1 0 0 16 13 9 15
0 13 7 14 0 12 1 11 10 0 16 15 0 6 5 0
0 0 1 8 6 5 16 7 0 4 0 0 0 10 0 2
7 0 8 0 0 0 14 0 5 0 12 2 4 0 0 13
0 0 4 11 0 7 15 13 0 9 1 6 14 12 0 5
0 12 0 0 2 11 10 9 4 8 0 7 0 1 16 3
6 1 0 13 12 0 0 8 15 3 14 0 10 9 0 0
1 0 3 6 0 0 0 0 8 15 5 0 0 16 0 10
13 4 14 0 0 3 6 1 2 0 0 0 0 15 12 0
0 0 12 5 0 15 7 2 0 0 0 4 0 0 0 11
15 0 11 9 0 0 12 4 14 13 0 0 3 2 6 0
4 0 13 0 7 10 3 0 1 0 8 0 0 5 11 6
8 0 10 0 14 0 9 15 0 12 0 5 1 3 13 0
0 3 0 1 11 0 13 16 0 14 15 10 2 0 7 12
12 11 15 16 1 6 0 0 3 7 2 13 0 8 0 0
