0 15 0 14 4 16 0 5 0 9 2 6 0 12 0 13
7 0 12 0 2 0 0 0 14 0 0 0 0 0 0 8
4 0 8 13 0 0 0 0 0 0 3 0 2 5 15 0
0 16 2 6 7 0 0 8 12 13 10 5 0 9 0 14
3 5 7 0 0 13 0 0 10 0 16 2 12 11 0 15
0 2 0 0 6 10 0 0 0 12 11 9 8 16 0 0
0 0 6 16 3 9 0 12 0 8 5 1 0 0 7 0
0 8 10 15 11 0 0 0 3 0 6 7 9 0 4 0
11 10 0 0 0 7 0 0 0 6 1 0 0 0 0 4
5 0 0 0 14 8 10 6 4 0 15 0 3 0 2 0
2 13 4 3 0 5 12 0 0 10 7 0 15 0 8 6
15 6 14 0 0 3 2 4 11 5 0 12 0 10 13 9
8 0 5 0 0 0 11 0 16 3 12 0 6 15 9 0
0 14 13 0 12 4 8 0 0 1 0 15 11 3 0 5
9 7 15 11 0 1 16 3 6 0 0 4 10 8 14 0
16 12 3 10 9 6 0 0 5 0 14 8 13 4 1 0
