2 0 5 0 0 14 9 6 0 0 0 1 4 0 15 0
10 0 8 4 0 0 0 13 0 2 0 0 3 6 0 7
0 6 0 9 4 0 0 0 12 10 0 16 13 1 2 8
13 12 0 15 3 2 1 8 6 0 4 9 0 0 10 14
0 13 0 5 0 0 0 0 16 9 2 3 0 0 0 0
3 11 7 0 9 0 0 12 8 0 0 14 0 4 0 5
0 0 6 10 1 11 3 0 0 0 13 12 2 0 0 0
12 15 0 0 5 13 14 16 7 4 0 6 8 0 1 0
11 10 13 3 0 6 12 4 0 0 9 7 0 0 8 1
15 9 2 6 13 10 5 1 0 12 14 0 0 0 0 3
4 5 0 0 2 0 7 0 0 3 16 13 0 0 0 0
7 8 0 12 0 9 0 3 2 6 1 4 0 0 0 13
5 2 4 11 8 0 0 0 13 16 0 15 1 7 0 6
9 7 0 8 0 0 0 0 1 14 6 5 15 0 3 16
6 14 15 1 7 16 13 5 0 0 3 0 10 0 0 4
0 3 12 13 0 1 0 0 0 8 0 10 11 0 0 0
