1 0 8 0 0 11 12 16 0 9 2 4 0 0 15 0
13 3 0 0 14 8 6 5 1 10 7 15 0 16 0 11
16 0 6 0 10 4 9 0 0 13 0 5 7 1 2 0
9 5 0 7 15 13 0 2 0 0 11 16 10 12 0 6
2 1 12 0 0 15 0 7 0 16 0 11 14 0 0 4
6 10 15 16 0 1 0 11 4 0 14 3 9 5 12 7
0 0 0 0 0 9 0 0 13 0 0 0 0 0 0 0
0 13 0 0 12 3 16 4 5 7 10 8 2 0 6 1
14 12 0 2 11 5 0 0 0 0 4 7 16 6 1 0
5 0 11 0 3 14 4 9 15 0 0 13 0 0 0 2
0 0 10 0 16 6 2 0 0 12 0 9 0 0 3 0
3 0 0 0 0 7 0 0 2 14 0 10 0 0 5 15
7 0 0 9 0 16 0 15 10 5 13 2 1 0 0 12
0 0 5 15 1 0 7 0 0 4 9 0 0 0 0 0
10 2 14 0 4 12 3 13 7 11 8 0 15 9 16 5
4 6 16 13 0 2 0 14 0 15 0 1 0 0 0 10
