0 0 5 15 0 0 3 0 2 0 0 0 0 7 6 0
0 14 7 1 13 0 6 15 0 10 4 0 8 16 9 11
0 16 0 3 0 1 5 8 6 12 15 9 0 10 2 0
6 8 12 9 0 2 0 0 7 0 14 16 5 0 0 0
0 0 1 10 0 0 0 13 5 0 9 12 0 4 8 16
7 13 0 0 8 3 0 0 0 16 6 4 11 15 0 0
0 0 0 8 0 0 0 6 0 0 3 0 12 0 0 0
0 3 11 14 0 0 9 16 0 15 2 8 0 6 0 0
10 0 2 4 1 13 16 3 15 0 12 6 0 11 7 8
9 0 3 11 0 15 8 2 0 13 1 0 16 0 4 5
0 0 0 16 4 9 11 0 8 5 0 2 10 3 1 6
8 0 0 6 12 0 7 0 11 0 16 0 0 0 13 15
0 0 4 12 5 0 0 7 0 0 10 0 0 0 11 9
14 15 6 13 9 10 0 11 12 0 0 1 2 0 16 7
16 0 0 0 0 6 14 0 9 2 5 15 13 8 12 4
0 0 8 5 0 16 0 0 4 0 0 0 15 14 3 10
