0 0 0 0 7 1 5 2 14 0 10 13 0 0 15 16
0 0 8 5 0 6 13 9 0 4 0 15 1 3 12 0
15 0 0 0 0 3 4 16 0 8 12 0 14 0 13 7
10 0 3 16 8 0 0 12 0 0 0 0 2 11 6 0
0 0 2 8 0 4 11 0 0 0 0 7 0 13 5 14
0 0 6 10 1 8 16 13 0 5 14 2 9 12 0 15
4 0 13 0 14 2 7 0 9 15 0 0 0 0 16 3
16 0 0 14 15 0 0 6 0 13 4 0 7 0 1 0
2 10 16 15 6 9 0 0 5 12 1 3 4 0 0 13
14 12 11 0 2 13 0 0 10 9 0 16 3 0 0 5
8 9 4 1 12 0 0 5 13 11 7 14 15 16 0 6
5 0 0 0 16 14 0 11 0 2 0 8 12 1 10 9
0 0 0 7 0 16 6 0 0 0 11 0 13 0 0 0
0 16 15 0 0 0 0 0 0 0 9 4 6 2 7 0
0 1 10 2 13 12 0 0 15 0 3 5 16 0 14 0
0 0 0 11 3 7 0 15 1 16 0 6 5 0 9 8
