4 9 0 6 0 0 0 14 3 0 0 16 0 15 13 0
0 0 0 8 15 11 7 0 0 0 0 9 16 14 0 4
15 11 16 0 0 3 0 9 0 0 0 0 8 10 1 0
5 0 0 0 6 4 0 1 10 0 0 0 12 3 9 0
12 0 13 0 4 14 0 0 0 8 0 11 9 0 0 0
10 0 6 16 5 0 2 11 7 15 3 4 1 13 0 12
0 1 4 7 0 15 3 8 12 0 14 0 0 2 11 6
8 0 0 0 7 1 0 0 6 0 9 2 5 4 14 16
11 15 8 9 13 2 0 5 0 3 0 0 6 16 0 14
7 4 14 0 9 0 6 0 0 11 12 5 15 1 0 13
0 0 0 0 0 0 0 0 13 9 6 15 11 8 0 0
13 6 3 0 0 7 0 15 4 0 0 14 0 5 10 9
16 12 9 0 11 0 0 10 15 2 7 3 14 0 5 8
0 0 0 5 0 6 8 2 0 4 0 1 3 0 16 0
0 0 0 0 3 5 0 7 0 14 0 12 4 9 0 0
1 8 2 0 14 16 9 4 11 6 5 0 0 12 0 15
