10 0 5 0 16 0 0 7 0 0 14 0 0 4 15 3
14 6 0 7 0 0 3 2 0 0 0 16 11 0 0 12
15 0 16 3 8 0 4 0 7 0 0 12 5 14 10 0
12 8 0 1 5 13 0 0 0 15 0 0 16 0 6 0
11 13 12 0 0 0 0 0 2 0 0 0 4 6 3 1
6 3 15 0 11 14 0 5 10 16 0 1 0 0 0 0
0 5 10 2 1 0 13 0 6 11 0 7 15 0 8 14
0 7 1 8 0 2 0 9 0 3 15 14 0 0 11 0
3 0 7 0 12 8 0 0 0 0 0 0 10 13 0 11
4 12 2 6 0 1 0 13 9 10 3 11 0 15 0 8
13 0 0 11 6 3 2 0 8 12 16 5 7 0 1 4
1 0 8 0 14 11 0 0 15 7 13 2 0 3 0 16
5 0 3 9 13 16 7 12 0 0 0 10 0 0 4 15
8 0 11 0 9 15 1 6 0 14 2 3 13 0 16 7
0 16 6 15 3 0 10 0 0 8 0 0 1 0 9 0
7 1 0 0 2 0 0 8 0 4 9 0 0 12 14 0
