2 0 15 0 4 0 0 0 5 7 0 0 14 10 13 0
0 4 14 9 0 16 11 0 0 13 10 8 0 0 12 2
10 0 0 6 0 2 14 0 0 4 0 9 1 15 5 16
13 5 0 0 0 0 10 0 14 0 2 6 0 0 11 0
14 10 0 3 9 4 15 16 0 0 0 2 11 0 6 12
0 6 2 0 0 0 8 14 9 16 12 10 7 3 4 0
7 9 1 4 0 13 2 0 15 0 5 0 16 8 14 10
16 11 13 12 10 0 0 3 8 0 6 4 15 2 0 9
12 7 0 2 0 0 0 0 4 3 13 11 10 0 0 0
0 0 0 5 0 0 7 0 0 0 14 0 3 0 2 11
0 15 11 0 3 0 4 0 2 6 9 1 0 16 7 0
1 0 0 14 6 11 9 0 0 5 0 7 13 0 8 4
0 14 6 1 0 10 0 7 16 0 8 13 0 0 0 15
0 3 0 8 16 0 1 11 7 12 0 15 0 13 10 0
11 2 0 13 8 9 0 0 6 10 0 0 0 0 3 7
0 12 0 0 2 0 13 4 11 0 0 0 8 1 0 0
