0 4 8 0 0 0 15 6 3 14 0 0 16 2 0 9
7 0 0 14 3 0 13 11 0 10 6 0 4 0 15 0
0 0 3 0 14 0 4 0 11 0 13 9 8 0 10 6
2 0 0 0 8 5 0 12 4 15 7 16 0 0 0 0
16 10 6 5 0 0 3 0 9 8 0 11 0 14 2 0
0 0 7 12 16 1 0 4 0 13 2 15 3 0 9 0
0 0 4 0 11 15 6 9 5 0 3 14 12 0 7 10
0 0 15 0 5 0 0 0 7 0 12 10 0 0 16 0
0 0 1 0 0 10 0 16 12 9 14 6 5 0 4 0
9 16 0 4 0 3 0 0 0 5 0 7 1 0 0 2
5 15 0 8 4 6 0 7 13 2 0 0 14 9 12 16
0 12 0 6 0 11 2 5 0 0 4 0 0 10 3 0
11 0 12 0 6 4 16 10 0 0 0 13 9 0 5 0
0 13 0 15 1 0 0 8 10 11 9 5 0 12 6 0
0 14 2 0 0 9 5 3 0 0 15 4 13 16 11 0
6 0 0 0 0 13 11 15 14 3 16 12 10 4 1 7
