9 12 16 0 0 14 3 4 15 0 7 8 2 0 0 0
1 0 13 8 0 15 12 0 11 4 6 0 0 14 3 10
3 7 4 15 0 8 9 0 10 0 0 0 0 12 16 0
6 11 0 0 13 2 1 0 0 0 0 0 8 0 0 4
5 10 12 3 0 4 15 0 0 0 8 0 0 0 7 6
13 14 2 1 0 0 7 8 5 16 0 0 12 0 9 15
16 0 11 0 0 13 5 0 0 15 12 9 1 2 0 3
0 0 15 6 0 12 16 1 7 2 10 3 5 0 14 13
0 16 8 0 0 10 4 14 0 0 1 6 3 0 0 9
7 0 0 0 0 11 0 13 2 9 14 15 0 4 0 0
0 0 0 14 0 9 0 0 13 8 3 10 0 16 6 0
10 13 6 9 0 7 0 0 0 5 0 16 0 1 2 12
0 0 0 2 0 1 0 6 16 10 15 4 0 3 8 7
0 15 0 13 4 3 10 7 0 11 0 0 0 9 0 16
12 3 7 4 0 16 11 0 8 6 13 1 0 5 0 14
0 6 0 0 8 5 0 0 0 0 0 7 0 13 0 0
