7 6 15 0 0 11 0 1 14 8 12 0 9 0 4 13
0 0 1 4 8 0 14 0 6 0 7 0 5 3 0 15
5 0 16 0 0 0 6 0 10 15 4 0 1 2 0 11
0 0 0 14 4 13 12 0 0 5 9 1 8 0 6 0
14 2 12 15 0 5 3 9 0 0 0 10 0 6 11 1
0 4 3 0 2 0 10 14 0 12 11 5 16 0 8 9
0 0 8 9 13 0 0 11 0 0 6 0 15 12 10 0
0 5 0 0 0 8 0 6 0 0 16 0 0 14 0 0
16 12 5 13 0 0 9 0 15 11 0 7 2 0 3 4
0 15 0 0 0 12 2 0 0 0 0 16 6 5 7 0
2 7 6 3 11 10 13 16 5 0 0 4 0 15 9 0
4 14 0 1 0 0 5 0 12 6 2 8 11 0 13 10
0 0 0 0 0 1 4 12 11 0 15 0 3 8 0 6
15 10 0 8 14 6 11 0 16 0 3 12 13 9 0 0
3 1 0 0 7 16 8 0 0 0 5 0 0 0 15 0
12 0 0 0 3 9 15 0 0 10 1 6 14 4 5 0
