8 14 13 11 0 0 0 12 10 0 9 0 5 2 0 1
16 9 6 7 14 5 13 0 0 0 15 12 0 0 11 4
0 12 3 1 0 0 0 0 0 7 0 5 8 13 15 0
2 5 0 15 0 8 0 0 0 0 0 0 0 0 0 9
7 2 0 0 15 10 0 13 9 11 0 0 1 0 0 0
15 4 12 0 16 9 7 8 5 14 3 1 0 10 2 11
9 16 0 6 0 0 0 1 2 13 0 4 7 14 0 15
1 10 0 3 0 0 0 0 0 12 0 7 9 4 0 8
0 8 0 16 11 0 5 4 7 2 0 9 14 0 0 6
11 7 1 5 13 0 12 6 0 10 0 15 16 8 9 0
14 0 10 4 0 7 0 0 11 6 12 0 15 5 0 0
12 0 9 2 3 15 0 0 16 0 1 0 4 11 7 0
0 3 2 10 0 12 1 0 0 15 11 0 13 0 8 14
4 0 0 9 6 13 2 16 0 1 0 0 3 0 12 0
13 15 7 12 8 4 0 0 6 0 14 0 0 0 0 0
6 0 16 8 10 11 0 0 12 0 7 0 0 0 4 0
