0 0 4 0 0 14 9 1 0 5 0 11 8 0 0 0
10 9 0 2 6 0 0 12 7 0 0 16 0 0 0 14
15 0 0 6 0 7 13 11 3 0 0 2 12 0 0 0
5 0 11 0 0 0 16 8 0 0 6 14 0 0 1 0
6 0 5 14 0 0 15 0 0 3 0 0 2 0 13 12
0 4 7 15 1 11 12 16 0 0 10 6 0 3 0 0
0 11 12 3 14 13 2 0 1 0 0 5 4 0 8 0
1 0 0 0 0 6 8 3 14 12 4 15 0 11 0 0
0 0 9 8 13 10 0 0 5 0 0 4 0 16 2 0
0 0 13 11 0 0 6 15 0 0 7 0 0 5 0 0
2 12 10 0 8 0 11 4 13 15 0 0 14 0 6 0
4 0 14 1 16 5 0 0 6 2 0 9 11 13 0 10
11 0 0 13 9 16 14 6 8 0 3 12 10 2 7 4
0 1 0 4 0 15 7 5 11 6 0 10 16 8 0 13
0 8 16 7 0 1 10 0 9 0 0 13 6 14 15 11
9 2 6 10 11 8 4 0 15 16 14 7 0 12 0 3
