0 0 6 8 0 10 9 5 4 0 3 7 1 13 11 2
0 11 5 0 0 0 0 0 14 8 1 0 4 0 0 16
0 2 9 0 0 14 0 0 0 5 0 10 0 0 7 0
13 1 0 0 2 0 4 16 0 9 6 15 8 3 14 0
0 4 0 7 6 0 8 3 9 2 15 0 14 0 5 0
2 5 16 0 0 12 0 14 6 0 7 8 0 0 0 0
0 15 0 9 11 7 0 2 10 14 0 4 0 1 0 8
1 0 8 14 0 4 5 9 3 0 0 0 2 0 10 7
6 12 0 0 14 9 11 0 15 3 16 0 7 0 2 4
0 0 0 5 4 0 0 6 0 0 8 1 10 0 0 3
0 3 0 4 0 8 13 10 2 11 14 0 0 12 1 6
0 16 0 0 0 3 2 0 0 4 10 6 13 9 15 0
9 8 0 15 0 13 0 0 0 7 0 0 12 5 0 10
0 0 11 0 0 0 6 4 1 15 9 12 3 7 0 14
14 7 3 6 0 5 12 15 8 0 0 13 16 0 4 1
0 13 1 0 0 0 0 7 0 6 4 14 11 0 8 0
