8 0 0 13 0 7 0 15 12 11 0 0 9 3 10 0
16 15 0 0 12 6 0 0 2 10 1 13 4 14 8 0
11 0 10 14 0 5 0 4 7 0 9 0 15 0 0 6
1 4 9 0 0 3 0 0 0 0 0 0 11 0 13 12
15 7 1 12 2 8 0 0 14 9 0 0 16 0 4 0
0 0 0 4 1 0 0 0 16 0 15 0 0 11 7 3
0 5 8 0 10 0 14 0 0 13 0 3 1 9 0 2
10 2 3 0 0 0 4 0 0 0 5 6 14 8 0 13
9 3 4 6 7 14 0 12 8 5 2 0 13 15 11 0
12 14 7 0 0 11 9 2 6 0 13 0 5 1 3 0
13 10 16 2 0 1 0 0 0 0 14 9 0 4 6 0
5 0 11 15 4 0 0 0 0 0 10 7 0 0 0 9
3 0 0 9 0 0 0 0 13 0 0 0 8 0 0 15
0 8 15 10 0 4 5 16 9 2 3 11 0 13 1 14
4 0 12 1 3 2 7 8 5 15 0 14 0 10 0 0
2 0 0 5 9 15 0 0 10 6 8 12 0 7 0 4
