0 1 0 11 13 0 14 0 6 0 9 0 5 10 12 4
6 5 0 0 0 0 10 12 14 0 0 0 16 8 0 2
10 8 0 0 4 0 1 11 0 0 7 5 0 0 14 6
0 0 2 4 6 0 9 0 16 0 0 10 1 3 0 7
0 9 8 16 0 6 0 10 0 13 0 7 2 5 3 11
0 12 14 0 0 0 15 7 5 6 2 0 10 16 4 0
0 10 13 15 8 0 5 0 0 16 3 0 0 12 6 1
0 0 0 0 0 1 3 0 0 9 10 12 14 13 8 15
0 15 0 0 0 5 6 0 10 0 8 0 9 11 0 13
9 4 0 14 0 0 7 0 12 2 13 16 3 15 10 0
0 0 11 5 10 4 16 3 9 0 0 15 6 0 7 0
0 7 16 10 0 0 0 15 0 11 5 0 0 4 0 14
5 11 10 6 0 0 0 13 7 3 16 0 15 0 0 0
15 16 0 0 5 14 11 0 13 0 12 0 4 7 9 3
0 0 7 0 3 10 8 0 15 0 0 0 0 6 0 16
14 3 4 0 0 15 2 16 8 0 0 11 12 0 13 0
