5 0 0 0 0 0 0 0 12 0 7 9 16 0 1 0
15 0 16 0 5 0 3 12 13 4 0 2 8 0 11 0
11 3 0 8 2 6 15 0 10 0 16 0 9 14 4 0
9 0 7 0 13 4 16 1 14 0 0 15 0 2 3 5
12 11 5 2 7 10 9 15 4 0 0 3 0 8 16 0
0 13 15 9 0 0 0 4 7 14 5 0 0 3 0 0
10 4 1 7 3 14 0 16 2 15 8 11 12 9 0 0
0 14 0 0 0 2 0 5 9 0 0 10 0 0 0 15
7 9 0 0 6 3 0 0 16 0 0 4 13 5 12 2
0 0 8 12 4 0 10 13 3 11 14 0 0 1 6 9
0 15 0 11 0 0 12 9 5 1 0 0 3 4 0 0
0 0 4 0 1 15 0 2 0 13 9 0 11 0 0 0
0 5 0 15 10 0 0 14 8 16 0 13 1 6 9 0
1 0 10 6 0 0 5 0 0 9 4 14 7 12 2 8
14 0 0 0 0 12 11 8 1 0 10 6 0 0 15 4
2 0 0 0 9 0 0 6 15 7 0 0 10 0 14 0
