4 15 0 0 2 0 9 0 6 5 0 0 0 0 8 14
2 3 16 5 7 13 8 0 1 4 12 10 9 0 15 6
1 9 11 0 0 0 0 0 14 0 0 0 0 0 0 12
13 10 14 6 12 15 11 3 0 7 9 0 4 0 16 0
11 5 10 0 0 6 0 7 0 0 0 0 0 0 12 15
0 8 3 0 10 12 2 0 4 1 0 0 11 14 13 0
15 12 4 0 3 0 0 1 16 13 11 0 0 6 5 0
14 6 0 0 0 0 0 9 12 3 0 5 0 0 7 0
3 14 0 0 4 0 0 16 7 8 0 1 0 10 0 13
12 0 9 0 0 7 0 11 3 0 15 0 0 16 0 5
7 16 0 1 9 2 3 0 0 0 0 0 14 0 11 8
0 2 0 4 14 10 0 0 0 9 5 16 15 0 1 3
0 4 0 0 0 9 0 12 0 11 8 0 13 1 14 7
16 7 2 0 0 0 13 4 5 6 0 12 0 9 0 10
5 11 12 0 1 3 7 8 0 10 4 14 16 15 6 0
8 0 13 3 0 0 0 2 15 16 7 0 0 12 4 0
