12 0 11 0 9 13 0 0 0 2 1 15 5 3 0 7
0 0 0 8 7 4 11 0 6 3 5 0 12 0 16 13
10 0 0 7 0 0 16 12 0 14 0 11 0 0 0 2
2 0 4 0 3 15 1 8 12 7 0 0 0 6 10 0
11 0 13 10 14 7 15 3 2 8 0 9 16 0 1 0
1 0 0 0 10 5 9 11 3 0 0 0 15 8 2 6
9 0 0 2 0 0 13 4 1 15 11 7 0 12 3 10
3 8 0 15 0 12 0 6 10 0 14 4 13 11 7 0
0 0 0 3 0 14 6 16 4 13 12 1 7 0 8 11
0 11 0 13 0 0 12 0 0 10 2 0 4 0 6 0
4 0 7 0 11 10 0 0 0 0 0 0 2 0 12 0
6 0 0 12 4 0 8 0 11 16 0 14 1 9 13 0
0 6 1 14 12 0 0 15 16 9 0 2 3 0 5 0
13 15 3 0 8 1 4 9 5 11 0 0 10 2 0 0
8 2 12 11 6 16 0 0 0 0 0 0 9 0 15 0
5 0 0 9 13 0 0 0 0 1 0 0 6 0 11 0
