15 0 0 0 0 0 0 0 9 0 4 11 0 0 16 0
0 13 11 9 0 15 5 14 8 10 3 16 1 0 6 7
0 4 0 8 13 0 12 0 14 15 7 5 0 0 2 3
3 0 0 0 0 9 0 0 0 6 1 0 0 0 0 14
0 0 0 0 0 2 0 8 1 0 0 0 0 4 12 13
0 8 12 3 16 0 14 0 0 0 0 0 7 1 9 0
0 0 4 13 0 10 1 0 16 12 8 6 0 0 0 0
9 16 1 2 11 0 6 7 0 0 13 14 8 5 10 15
4 11 5 0 0 14 0 15 0 7 0 0 0 0 8 0
0 3 0 7 12 8 9 6 4 11 0 1 2 0 0 5
12 0 9 16 7 5 10 2 0 0 6 8 0 3 11 4
14 2 0 10 3 0 4 16 0 13 0 0 6 7 15 1
5 10 13 11 9 1 15 4 6 0 12 2 3 0 7 0
0 14 0 15 10 13 16 11 0 0 5 4 0 6 1 0
0 0 7 0 14 3 0 12 0 16 15 9 10 0 0 0
0 0 3 12 0 7 2 5 11 1 14 10 4 0 0 0
