1 0 6 7 0 3 13 16 0 0 12 0 9 0 5 4
3 2 0 0 0 1 0 6 13 9 11 5 10 15 0 0
0 9 0 0 11 7 5 10 0 15 0 0 0 3 1 2
5 10 15 4 0 0 2 0 7 1 0 3 6 0 0 13
10 12 5 16 0 13 6 3 0 0 7 0 15 1 14 0
7 15 8 0 0 12 0 5 0 2 0 0 0 13 0 6
9 13 4 6 16 14 0 11 12 0 0 15 7 2 0 5
14 1 2 3 0 8 0 0 0 0 6 0 4 0 10 12
12 6 7 13 5 16 14 15 0 11 0 4 0 0 0 8
0 0 1 0 0 11 0 4 6 16 9 0 0 0 0 3
0 16 0 14 1 2 9 0 0 0 0 7 11 6 12 10
0 8 10 9 7 0 3 12 1 13 2 14 0 0 0 0
0 0 0 15 0 10 12 8 2 0 1 0 0 0 3 0
0 0 13 0 0 0 0 0 0 0 5 8 12 14 9 0
8 3 12 5 13 15 0 0 14 0 4 10 2 16 0 1
6 0 9 1 3 0 7 0 0 12 13 16 0 0 0 0
