0 2 10 0 0 0 0 15 3 9 0 5 0 12 0 4
0 7 0 0 5 6 0 3 0 14 0 0 10 0 1 13
4 0 5 0 9 12 0 1 16 10 0 13 7 0 0 2
15 12 3 0 0 0 11 2 1 4 0 0 0 8 16 9
14 0 0 0 6 0 9 0 11 15 13 0 0 4 5 1
9 0 0 5 0 0 0 11 8 2 0 4 16 10 0 0
3 8 11 0 0 5 12 16 10 6 1 7 13 9 0 0
13 0 12 10 4 14 2 0 9 5 3 16 0 0 8 11
10 0 15 16 13 0 0 0 0 11 0 2 0 7 3 0
7 13 2 0 0 4 0 0 15 16 0 9 0 5 10 0
5 6 0 12 7 16 0 14 0 3 0 1 0 2 9 15
0 0 14 0 0 15 5 6 12 0 0 8 0 13 4 16
12 0 4 0 0 0 0 13 0 0 9 0 0 16 6 3
6 0 13 0 10 0 15 4 7 1 16 0 12 14 11 8
0 0 0 0 8 0 0 0 4 12 15 14 9 0 0 0
0 10 1 0 12 3 16 9 0 13 2 0 0 15 7 5
