0 13 5 12 0 7 2 0 8 6 0 3 1 0 0 4
1 0 15 7 4 0 16 6 0 9 12 0 0 2 8 11
3 14 0 0 5 10 1 8 0 15 16 0 0 13 9 0
2 0 6 16 13 0 0 0 0 11 4 5 0 0 15 3
10 6 2 14 16 0 15 0 5 0 7 0 3 8 0 0
16 9 12 3 14 6 0 5 10 8 0 15 0 11 2 13
0 0 7 0 0 2 0 0 0 4 6 16 0 12 10 5
15 4 1 5 0 0 0 12 3 13 0 0 0 0 0 0
13 3 16 4 0 8 0 0 6 7 0 12 10 1 5 2
7 0 0 0 3 0 14 0 11 5 8 9 13 6 0 0
0 0 9 6 10 0 13 2 15 0 0 0 0 0 16 8
11 0 0 1 0 0 0 7 0 0 0 10 0 0 3 12
12 2 0 8 0 9 0 1 7 3 5 6 16 0 13 10
0 7 0 10 12 0 6 13 9 0 0 0 2 5 0 0
0 16 0 0 0 15 3 0 12 0 0 0 8 4 6 7
0 0 0 15 0 5 8 0 4 0 0 13 9 3 12 14
