0 16 1 6 8 12 3 15 0 9 11 0 2 5 0 10
0 0 0 0 6 0 0 0 13 1 12 0 0 8 0 15
0 14 12 0 11 13 9 10 0 15 0 0 0 6 4 1
5 11 0 0 4 14 0 7 10 8 2 6 9 12 13 0
0 1 0 2 0 0 6 9 3 0 0 16 13 0 0 8
7 0 11 0 0 0 4 0 0 2 1 0 10 0 0 0
0 0 10 16 3 0 0 1 11 0 13 0 0 7 0 0
3 15 9 12 5 10 8 13 0 0 0 4 1 0 2 11
15 3 16 14 0 0 10 8 7 0 4 13 11 0 1 0
12 2 6 0 13 7 0 11 1 14 0 9 0 10 5 3
10 7 0 0 12 0 0 6 5 3 16 0 0 4 8 0
1 5 8 11 0 0 0 4 0 12 0 15 0 13 0 0
0 13 7 0 10 4 2 12 0 11 3 1 6 0 9 14
11 9 0 0 15 6 0 3 12 13 14 0 0 0 16 4
0 4 14 0 1 9 0 0 6 0 7 10 0 2 0 13
0 0 0 1 0 0 0 14 0 4 0 2 5 0 10 0
