10 0 15 0 8 0 12 5 0 0 7 0 6 2 3 0
5 11 16 0 0 14 7 3 0 10 0 0 0 8 0 13
13 0 0 7 0 10 0 6 0 0 12 0 15 0 11 16
3 12 8 6 0 0 16 0 5 0 0 15 0 10 14 7
4 6 10 0 0 8 2 11 15 9 0 7 12 0 13 0
1 0 0 14 0 0 6 15 0 0 13 12 3 4 0 0
8 0 5 13 4 0 1 12 3 0 14 11 7 15 10 6
0 2 11 0 0 0 13 7 0 4 6 5 0 9 0 0
9 0 0 0 0 0 4 1 2 11 0 0 13 0 6 15
0 13 12 10 0 2 5 0 0 7 15 0 1 0 16 4
0 0 0 16 7 15 0 0 4 6 8 13 0 12 0 0
0 7 0 0 6 13 11 9 12 5 0 1 10 14 8 0
0 0 0 11 9 7 10 0 6 15 4 16 0 0 0 0
12 15 0 5 2 1 8 4 0 0 9 3 0 13 7 10
0 10 9 0 0 0 0 0 1 0 0 2 14 0 15 0
16 1 13 2 5 6 15 14 0 0 0 8 0 3 0 9
