0 11 12 0 0 14 10 2 0 0 9 0 7 0 15 1
1 9 0 3 7 13 0 16 14 15 0 4 8 2 12 6
0 2 10 14 15 3 4 6 0 12 0 5 0 0 0 9
6 0 0 15 1 12 9 0 0 2 11 16 5 10 3 0
0 15 0 0 16 11 0 0 4 9 14 0 3 0 13 12
0 1 2 4 3 0 0 15 5 0 13 12 10 6 0 0
0 0 3 13 0 5 14 0 0 0 6 8 0 1 11 15
14 16 0 5 0 10 12 0 15 0 0 0 4 8 0 0
5 8 14 0 0 6 7 0 9 0 2 0 0 11 10 0
0 10 4 0 0 0 0 5 11 0 16 0 6 12 7 2
2 13 7 0 9 0 0 11 0 0 0 0 0 14 8 5
11 12 15 6 0 1 0 10 8 5 0 0 16 9 4 3
10 0 0 0 0 16 0 0 2 7 0 13 0 0 1 0
4 0 0 0 13 0 5 0 6 8 0 9 14 0 0 0
0 14 1 0 10 9 6 7 0 16 0 11 13 0 0 8
0 0 9 7 8 0 1 0 10 14 0 3 12 16 6 0
