1 0 0 10 6 5 16 0 12 0 0 8 0 4 11 2
0 5 0 0 15 0 0 4 16 9 0 0 10 0 8 3
0 2 7 0 0 13 0 12 4 10 15 14 6 5 9 16
4 0 16 0 0 9 0 10 2 11 5 6 15 0 0 7
0 16 1 0 0 0 0 0 5 7 6 11 12 3 0 10
2 6 0 14 12 0 0 7 15 1 3 0 0 11 13 0
0 8 0 3 16 0 11 6 0 14 9 12 1 0 7 5
11 12 0 0 5 3 9 1 0 2 4 10 0 6 16 15
0 0 10 0 0 0 5 3 7 0 0 0 4 8 15 13
0 13 8 5 0 0 0 0 14 0 0 0 3 9 0 0
15 4 0 0 9 7 0 16 3 8 1 0 11 10 0 0
12 1 3 2 13 4 0 8 10 5 11 0 16 7 0 6
0 0 6 0 0 16 0 0 11 0 14 0 2 0 3 8
14 0 0 0 0 0 3 0 6 16 0 5 0 13 10 4
0 10 0 4 0 0 0 9 0 15 2 3 0 16 0 14
0 0 2 0 7 0 0 0 9 0 10 4 5 12 0 11
