0 0 8 16 13 0 1 4 0 0 14 11 10 7 0 2
0 4 9 0 6 14 10 0 0 2 1 8 0 0 0 0
15 0 0 10 0 0 2 0 0 7 16 0 6 4 14 13
0 12 0 6 3 0 0 0 15 0 0 4 9 0 5 0
3 8 0 2 11 0 0 14 13 0 0 0 4 10 0 5
0 0 12 11 0 0 9 5 8 0 0 10 1 13 0 3
10 14 4 0 16 0 13 3 11 0 6 0 12 15 2 9
9 0 15 0 12 7 6 0 1 4 3 2 8 16 0 14
0 1 7 0 0 0 4 2 0 8 12 0 5 0 3 10
8 6 3 0 1 0 5 9 7 11 0 13 0 2 0 0
0 0 0 9 7 0 12 6 0 3 0 0 11 0 0 0
4 0 10 12 8 3 11 13 16 6 0 5 14 0 1 0
0 0 13 0 15 0 14 12 10 0 8 3 0 0 9 11
6 2 0 0 4 13 8 0 12 0 5 0 7 0 0 1
1 9 5 15 0 0 3 11 0 16 7 14 0 12 0 6
12 10 0 0 5 9 0 1 0 13 0 6 0 3 0 0
