0 0 9 12 6 16 14 13 2 1 10 0 4 3 15 0
1 0 0 0 10 8 15 7 0 0 3 0 6 13 0 14
0 3 0 0 11 0 4 0 14 0 0 6 12 1 0 7
15 0 14 2 1 3 12 5 0 8 13 4 11 16 9 10
0 9 0 4 0 0 6 15 0 5 16 0 0 7 0 0
14 8 0 3 0 0 0 0 10 0 0 15 9 6 11 2
0 0 0 10 0 0 9 8 13 2 14 3 5 4 12 0
13 0 7 11 0 0 1 12 6 4 0 8 14 10 0 0
0 14 11 0 9 15 7 0 3 13 0 0 0 0 0 4
0 16 0 0 12 4 0 6 0 0 0 0 7 0 0 11
0 0 15 0 8 1 0 3 4 6 0 0 16 9 0 5
0 10 0 0 0 14 0 11 9 0 0 16 0 0 0 0
0 11 2 6 0 0 8 10 15 0 5 0 3 14 13 16
8 13 0 14 0 6 16 0 0 9 4 7 0 5 10 12
7 1 0 5 13 0 11 0 0 3 2 14 0 8 4 6
0 12 0 15 0 5 3 0 8 10 6 13 1 0 7 0
