0 7 0 0 16 15 8 6 5 0 3 14 1 13 0 12
0 8 11 0 10 1 0 3 0 9 0 16 7 5 0 14
0 0 12 13 0 7 0 0 15 0 10 4 3 8 11 0
0 0 14 0 12 4 0 0 7 8 1 6 15 2 0 9
15 0 16 10 0 3 0 1 0 7 0 0 14 11 0 0
0 0 1 0 0 10 0 7 14 0 2 8 16 0 5 0
0 0 0 0 13 0 15 12 16 0 11 1 4 9 0 0
0 5 8 7 14 2 11 16 3 0 0 12 0 6 1 0
12 16 4 2 0 13 0 10 8 0 0 0 9 7 0 15
8 0 5 1 0 0 7 0 9 16 14 10 12 0 0 11
10 11 7 14 5 16 3 0 2 12 0 0 0 0 6 0
0 6 0 0 15 14 12 8 4 0 0 0 0 0 2 0
13 2 0 8 1 0 6 14 0 4 0 0 10 0 15 7
0 14 10 0 0 0 16 15 1 6 8 2 11 12 3 0
0 9 0 0 4 12 10 0 0 0 0 0 2 0 8 0
7 12 15 11 3 8 0 2 0 14 0 0 0 1 9 4
