0 3 1 0 2 13 8 11 0 14 12 16 5 0 0 0
11 0 14 16 0 0 10 12 5 15 0 7 4 1 13 8
12 5 6 8 4 0 0 15 10 13 9 3 7 2 0 14
0 0 2 0 9 0 7 14 1 8 0 0 16 0 3 0
5 0 0 13 16 14 0 8 0 3 7 0 0 11 12 0
8 0 9 10 0 3 5 0 0 0 0 15 13 0 2 7
7 0 16 6 10 0 2 13 0 4 0 12 0 9 0 5
3 2 12 11 0 15 4 0 13 0 6 0 0 8 14 0
0 0 0 0 8 2 0 0 0 12 0 0 6 0 10 0
6 12 15 4 13 0 0 0 0 9 0 8 11 5 0 0
16 0 0 0 15 0 6 4 2 0 13 5 12 0 8 3
1 0 0 0 0 0 0 0 15 0 0 6 14 0 0 9
0 6 8 5 1 16 13 10 12 11 0 14 9 3 0 4
9 10 7 12 11 0 0 2 0 6 0 1 15 14 0 13
15 0 0 0 14 12 0 0 7 2 0 0 8 0 6 0
0 0 0 0 6 8 15 7 0 10 0 9 2 12 0 11
