11 3 8 2 0 0 7 0 10 0 16 0 0 12 0 5
14 13 7 0 5 11 0 16 9 0 0 12 0 8 10 6
5 4 0 0 0 0 2 0 11 3 0 0 0 0 0 0
12 0 0 6 0 0 4 13 8 0 7 0 9 2 3 11
10 6 4 13 0 5 8 12 16 11 14 3 7 0 0 1
8 1 2 0 0 13 16 3 0 6 0 0 5 10 11 0
15 0 9 0 2 1 11 6 13 0 8 0 12 14 0 3
16 0 12 3 4 10 14 0 7 0 0 1 13 6 0 0
3 0 0 0 15 7 10 8 6 0 5 11 0 4 1 2
0 0 15 0 14 2 9 0 1 12 3 16 10 11 5 0
13 0 0 0 16 6 0 0 15 7 0 2 3 9 8 0
4 0 5 0 3 0 0 11 14 9 10 0 0 0 15 7
0 0 0 16 0 0 0 10 0 1 13 14 8 0 12 9
1 0 0 0 0 9 12 0 3 16 15 7 2 0 0 0
2 0 0 10 0 0 6 0 0 8 0 9 0 0 4 14
9 14 13 0 8 3 0 0 0 0 0 6 0 0 7 16
