6 9 12 10 1 8 3 0 0 0 13 0 5 11 16 0
14 0 5 3 16 13 0 0 0 0 0 0 0 10 0 0
0 11 0 1 0 12 0 2 16 10 9 3 13 14 0 0
7 0 4 16 0 11 0 14 0 0 5 12 9 2 0 0
0 8 1 0 4 10 7 0 11 3 6 2 16 0 5 14
10 0 6 0 3 0 2 11 8 0 15 4 0 1 12 9
5 16 2 11 9 15 0 0 0 7 14 0 4 6 0 10
0 4 15 7 6 14 0 5 0 0 0 9 0 8 0 11
2 6 0 0 0 9 5 0 1 14 3 10 8 0 0 7
1 0 0 0 15 0 0 0 13 6 0 8 11 5 0 0
0 12 0 4 7 0 13 0 5 9 16 15 6 0 14 0
0 0 16 0 14 0 1 6 4 0 0 11 0 0 0 13
16 0 7 14 12 1 0 3 9 0 4 5 0 13 0 0
13 0 3 2 0 0 14 15 7 11 0 16 1 4 0 0
12 0 0 0 13 7 0 10 14 15 0 1 3 0 11 0
0 1 11 0 2 5 16 9 0 0 0 0 14 0 0 12
