0 15 0 9 8 5 0 0 11 16 0 6 13 0 12 7
16 0 4 0 2 0 0 3 0 0 0 0 1 15 0 9
2 11 13 0 12 0 15 0 14 0 0 9 0 6 5 0
0 0 0 0 0 9 14 0 15 12 3 0 16 0 0 2
0 10 0 0 5 2 0 12 0 4 0 0 8 13 9 1
8 9 16 0 0 4 0 0 0 5 0 0 0 0 7 0
0 3 7 12 16 13 8 1 6 15 9 0 0 5 2 14
1 5 14 13 0 15 3 9 2 7 8 10 0 16 4 11
13 1 0 0 0 8 2 16 4 3 0 14 7 9 15 0
0 2 3 16 1 14 0 13 7 9 0 0 0 0 6 0
14 4 0 11 0 7 5 0 10 1 13 0 2 0 0 16
0 8 9 0 0 11 12 15 0 0 6 0 4 1 0 0
11 0 15 0 14 12 9 10 1 0 0 4 5 0 0 0
0 14 6 0 15 1 0 5 3 0 0 0 9 0 16 4
12 0 1 4 0 3 16 0 0 6 15 0 14 0 8 10
0 16 0 0 4 0 11 8 12 14 0 13 15 0 1 0
