3 16 0 5 0 0 12 9 0 0 0 8 0 13 1 11
2 12 13 0 0 0 0 1 15 5 10 16 6 0 4 14
9 0 0 7 0 13 0 5 3 0 2 14 12 0 10 16
0 15 1 14 6 16 4 10 0 12 0 0 0 5 7 0
0 0 12 8 0 10 0 0 11 15 3 0 2 0 14 9
0 3 6 0 14 0 9 0 2 7 5 4 0 12 0 0
5 13 0 0 0 11 3 0 1 14 0 0 0 7 16 0
14 0 15 4 0 0 13 0 16 9 0 0 11 0 8 0
4 9 16 13 7 6 0 2 12 8 0 0 14 0 0 0
0 5 14 0 9 12 11 3 4 0 13 7 16 2 6 8
0 11 0 3 8 0 0 0 0 2 16 15 0 0 9 0
10 0 8 12 4 15 0 0 9 11 6 3 0 1 5 0
13 10 0 0 0 4 0 7 0 3 0 0 9 11 15 0
7 0 3 9 0 1 0 0 10 6 15 0 5 0 2 0
0 14 11 0 0 0 2 0 5 0 4 1 8 10 3 7
1 0 2 0 10 0 0 8 0 16 11 9 0 14 0 0
