0 0 0 0 0 5 4 0 0 12 16 0 6 0 7 0
0 0 6 0 14 0 0 15 0 0 0 0 10 13 16 3
0 3 0 15 6 2 8 0 9 0 4 0 1 5 11 12
16 0 5 1 0 10 11 0 15 7 3 6 9 0 4 2
0 5 0 0 0 13 0 0 8 0 7 0 11 12 15 14
10 0 4 8 0 0 0 0 12 0 5 0 2 6 1 9
0 0 15 0 0 3 2 0 0 14 13 1 8 0 0 7
14 0 1 11 8 0 12 0 2 0 10 9 0 0 0 5
15 10 16 12 0 1 14 0 0 0 0 3 0 8 9 0
1 6 0 5 3 7 9 11 0 0 8 12 15 2 14 10
4 0 8 0 0 0 6 10 14 1 9 15 5 0 0 13
9 0 3 14 15 8 0 0 6 0 2 7 16 1 12 0
5 14 0 16 0 0 10 4 3 0 0 0 12 0 2 0
0 1 0 0 2 15 3 8 0 4 12 0 0 10 6 0
6 15 0 3 12 16 0 0 1 9 14 10 4 0 0 11
0 4 0 10 0 0 1 7 16 0 0 0 13 3 5 15
