0 12 0 0 0 10 8 0 0 4 0 0 0 0 9 7
0 3 0 0 0 14 0 0 8 0 0 0 1 10 4 2
0 0 0 10 0 0 0 0 0 0 13 0 0 6 8 5
2 0 0 0 6 13 4 0 0 0 5 11 3 0 14 12
1 0 0 0 0 4 0 0 6 15 10 14 7 0 0 16
15 14 0 13 16 3 1 6 11 0 12 7 8 0 2 0
11 16 4 5 13 0 0 0 2 0 1 8 0 3 6 10
12 7 6 0 9 0 10 0 4 0 3 13 15 1 0 0
0 0 15 8 4 2 14 0 16 0 7 12 6 9 3 0
7 0 3 0 12 5 0 0 9 11 8 15 2 0 0 4
14 2 9 11 0 0 6 0 0 0 0 0 10 5 12 8
0 0 0 12 8 0 0 0 14 0 2 5 11 7 0 0
0 0 11 4 10 6 0 0 12 2 14 0 0 8 0 15
8 0 12 6 1 0 5 4 15 7 11 0 14 2 13 3
0 1 5 14 0 0 2 12 13 8 6 0 0 16 10 11
0 15 2 7 0 8 11 13 5 3 9 10 0 12 1 0
