5 0 2 0 0 7 1 4 0 0 0 0 12 0 0 0
7 0 11 6 8 0 0 0 15 4 5 1 10 0 9 13
10 4 3 0 15 13 0 6 0 0 0 0 0 8 0 2
8 0 0 0 0 9 0 5 3 2 0 0 1 0 4 0
0 5 0 10 1 0 13 16 8 0 11 4 9 7 15 0
13 7 6 0 0 0 12 0 2 10 16 14 0 0 0 8
9 8 15 16 0 10 4 14 7 5 1 3 0 2 13 12
0 0 4 3 0 8 0 7 0 0 15 13 16 14 11 10
15 0 9 0 0 1 16 8 0 0 0 10 0 11 14 7
11 0 0 4 7 6 14 0 0 15 0 16 8 0 0 9
0 0 0 0 0 12 0 2 5 0 7 0 15 10 16 4
16 0 0 14 5 11 0 15 0 0 4 9 13 12 2 6
0 13 0 9 10 0 6 0 0 0 0 0 2 4 7 15
0 15 12 0 0 4 7 0 0 0 10 6 3 0 8 0
0 0 0 7 0 5 15 1 14 13 0 0 11 6 0 0
0 11 10 5 2 16 8 9 0 7 3 15 14 13 12 0
