0 0 8 14 0 15 0 3 0 0 7 13 0 0 0 0
0 16 3 0 12 7 2 0 0 0 5 4 1 14 0 9
0 0 0 7 16 14 8 4 3 0 12 1 13 0 6 5
0 0 1 4 10 0 0 0 0 6 16 15 12 0 0 7
0 15 14 16 9 13 0 0 12 4 6 10 0 0 2 1
0 13 5 0 0 2 16 14 7 9 0 3 0 0 4 15
1 0 11 2 0 12 0 15 8 5 0 14 6 16 9 3
9 0 0 8 1 0 5 0 11 16 15 0 0 0 12 13
0 0 6 1 13 10 15 0 16 7 0 12 2 0 11 14
16 7 0 0 4 0 12 0 15 14 0 5 0 0 3 10
0 14 15 0 2 0 6 0 0 10 0 0 0 0 1 0
0 0 2 0 11 0 14 7 13 0 3 6 15 9 5 0
10 2 0 15 6 4 0 0 0 3 0 7 0 0 14 0
0 1 16 3 14 0 11 8 2 12 0 0 0 15 7 6
0 0 12 6 0 9 7 2 0 13 14 0 3 0 0 11
14 11 0 5 0 0 10 1 0 15 0 8 9 0 13 0
