14 0 0 6 5 0 7 0 0 8 4 1 10 9 15 12
15 0 2 7 0 8 0 6 13 3 10 0 0 0 0 11
0 16 0 12 3 0 9 0 0 0 14 6 8 0 7 2
9 5 10 8 0 0 0 16 11 7 0 12 14 0 0 13
0 10 0 0 0 0 12 0 0 0 6 8 9 11 4 5
6 0 5 16 11 3 10 9 0 14 12 0 15 2 0 0
4 0 0 0 1 16 6 8 0 9 11 15 7 0 13 3
8 0 0 0 2 0 0 13 0 0 3 0 12 16 0 14
13 0 8 3 0 6 16 12 9 4 0 5 2 0 11 1
2 0 9 0 14 0 3 4 0 12 1 0 16 13 0 7
0 0 0 0 0 7 13 2 0 15 0 0 6 14 0 9
16 6 0 5 9 0 11 0 8 2 13 0 3 12 0 0
0 8 14 2 0 9 0 1 0 13 0 0 11 0 12 0
0 0 15 1 7 0 0 5 0 6 9 16 4 0 0 10
0 12 16 0 13 0 8 0 0 11 0 2 5 1 0 0
0 11 0 0 16 12 4 14 7 1 8 0 0 0 2 15
