0 0 0 0 0 8 1 7 0 0 0 0 16 0 14 12
8 9 0 0 13 10 0 11 16 3 2 0 0 7 15 0
3 7 1 2 16 12 0 4 5 10 0 0 8 11 13 0
14 12 16 11 15 6 0 5 13 8 7 0 9 0 4 10
2 0 0 0 0 4 3 0 0 0 12 5 7 9 11 0
0 13 0 0 5 16 0 0 0 2 10 11 4 0 0 0
12 5 0 0 11 7 13 1 8 4 3 9 2 6 0 0
6 4 11 0 0 0 10 0 15 14 0 0 0 5 0 0
4 10 0 0 9 11 0 6 3 0 0 13 0 0 0 2
1 0 0 15 8 13 12 0 0 11 9 0 0 4 0 7
13 11 0 7 0 14 15 2 12 0 0 0 0 16 8 0
0 14 2 5 0 3 7 10 4 0 6 8 12 0 9 11
11 16 5 13 0 15 0 9 14 1 8 0 0 10 12 0
15 2 0 9 0 1 16 0 7 0 11 0 13 14 6 0
10 1 14 0 12 0 0 13 0 6 5 3 15 0 7 16
7 0 0 0 0 0 4 0 0 0 0 16 11 0 2 0
