0 8 4 0 14 1 0 16 0 12 0 9 5 6 13 0
7 13 11 0 5 2 6 12 4 3 14 0 10 8 16 0
1 12 3 0 11 15 10 8 16 13 0 6 0 0 2 0
16 0 0 5 0 4 7 9 0 2 10 8 14 1 12 3
5 10 1 0 12 8 13 15 0 0 4 0 9 0 0 0
0 0 0 2 3 0 0 0 1 0 9 11 0 5 15 16
0 9 0 0 0 5 11 0 6 8 0 12 7 13 10 2
11 16 0 8 0 0 9 2 0 0 0 5 1 14 4 0
8 3 0 16 4 13 0 0 2 0 6 7 12 0 0 5
0 14 5 1 0 0 0 7 0 0 11 0 6 0 8 13
6 0 0 11 0 0 8 5 12 1 13 15 0 10 0 4
13 4 0 12 15 3 0 0 0 14 8 0 2 11 7 1
0 0 0 6 0 0 4 0 9 5 0 13 15 0 1 10
0 0 12 0 0 0 15 13 7 0 1 0 0 2 0 8
0 1 0 0 0 0 0 0 10 15 0 4 0 0 0 7
9 11 0 0 1 0 12 0 0 6 0 3 13 4 0 14
