12 0 0 16 0 0 0 9 5 0 4 0 2 1 6 0
9 0 0 0 15 13 8 0 0 0 11 16 5 7 10 0
15 5 14 10 0 2 4 3 13 0 7 1 11 9 0 0
0 1 11 0 0 16 5 7 10 6 8 9 4 0 0 15
0 10 3 0 0 0 6 2 4 0 0 0 12 8 0 0
16 0 9 0 0 14 0 8 12 3 6 0 10 0 0 5
13 0 12 15 3 11 16 0 0 10 9 5 6 14 7 1
0 0 0 1 0 0 0 0 16 0 13 0 9 11 3 2
0 16 0 0 2 0 9 10 0 0 0 13 7 5 11 0
8 0 0 7 1 0 0 16 0 4 12 11 3 2 0 0
3 0 5 0 11 4 0 12 0 16 14 2 8 15 1 10
6 2 0 11 8 15 0 0 0 7 0 0 13 16 0 4
0 6 0 0 16 7 14 0 1 0 2 4 15 12 8 0
1 9 0 0 0 0 15 13 0 0 16 12 14 0 0 7
0 0 7 8 4 1 12 0 3 0 0 0 0 13 2 0
0 0 16 14 9 8 0 0 7 0 15 6 1 0 4 3
