0 6 15 0 4 12 0 2 9 0 0 14 10 0 0 1
9 2 8 0 10 14 5 0 16 4 6 0 0 0 11 7
5 7 14 3 15 0 13 0 0 8 0 1 0 0 16 4
4 0 10 0 16 0 0 0 7 0 0 5 14 0 12 9
0 0 0 0 0 10 0 0 0 11 16 8 15 0 14 3
10 0 0 14 0 3 16 15 6 1 0 0 5 12 7 13
16 0 3 0 11 1 0 0 13 12 0 10 0 0 2 0
8 13 1 6 5 4 2 12 14 0 3 15 0 0 9 16
15 0 5 0 0 16 9 10 2 6 0 4 7 14 3 8
0 0 4 10 3 7 0 6 0 15 0 16 2 9 0 0
0 0 9 0 2 0 8 0 0 0 12 3 0 4 15 11
3 16 2 0 0 11 15 4 8 5 9 0 1 0 0 0
0 5 0 8 9 15 0 16 10 14 7 12 13 0 0 2
0 10 13 0 1 2 12 0 15 16 8 0 0 11 5 0
14 0 12 0 0 5 4 13 0 9 1 0 0 0 0 0
11 0 16 0 6 8 0 0 0 13 0 0 0 7 0 0
