1 0 8 15 14 0 0 4 3 2 0 7 6 10 11 12
0 0 7 0 3 0 1 13 16 6 4 0 8 2 5 14
14 16 3 5 0 2 9 6 8 0 11 12 4 0 13 1
4 0 0 2 0 0 8 11 0 14 0 0 0 0 0 0
8 0 0 13 11 0 6 0 7 0 0 0 5 12 14 2
0 0 0 0 0 12 7 0 13 5 8 0 16 0 10 9
5 3 4 12 0 0 0 15 11 9 0 10 0 0 8 0
7 0 16 0 8 13 5 0 0 12 14 2 11 4 0 15
9 11 2 1 0 14 4 0 0 0 0 13 0 0 0 0
13 4 0 16 10 0 3 0 9 1 12 6 0 0 15 0
0 7 0 3 1 11 2 0 0 16 0 8 0 0 6 4
0 8 5 10 15 16 0 12 0 0 2 14 1 0 9 0
16 0 6 7 13 0 0 1 0 8 9 3 0 11 12 0
11 0 9 4 16 3 12 0 0 15 0 5 0 6 1 0
12 0 15 14 0 0 0 0 0 0 6 0 0 9 2 13
0 5 1 8 0 6 10 2 0 13 0 11 0 14 0 0
