7 0 0 5 0 0 11 0 15 0 0 12 0 14 0 9
0 0 3 9 0 4 0 0 0 0 8 16 12 15 11 6
11 8 0 0 12 9 15 0 13 1 7 10 2 0 4 5
15 0 12 6 5 0 0 2 9 4 0 3 13 8 7 1
0 14 2 15 0 11 0 4 0 10 16 7 0 9 3 13
0 0 7 0 0 16 13 0 0 15 9 0 14 5 12 0
8 16 0 10 0 7 14 3 4 11 0 5 0 6 0 2
9 6 4 12 2 0 0 15 0 0 3 14 0 7 10 0
12 0 0 7 15 2 0 11 16 3 0 0 6 4 0 0
6 0 8 13 14 12 0 0 10 7 0 0 11 0 2 3
10 0 14 0 0 6 0 13 8 5 0 11 9 1 0 12
0 0 0 0 0 0 0 0 12 0 0 0 7 0 5 14
4 5 0 3 11 10 9 12 0 16 0 15 1 0 14 8
0 0 9 1 4 0 0 14 0 0 0 2 3 12 6 16
0 0 15 0 8 0 6 0 0 0 5 1 0 10 9 0
16 12 10 8 0 1 0 7 14 9 0 4 0 0 0 0
