10 4 1 15 3 0 13 0 14 8 16 9 7 0 2 11
5 7 8 3 16 0 14 2 0 12 11 6 0 4 15 13
2 11 0 0 1 10 0 0 0 0 15 0 5 0 0 0
0 12 16 6 0 4 0 0 5 2 3 0 14 10 0 8
12 10 6 0 15 16 0 13 0 1 0 14 0 9 0 0
11 3 2 0 0 0 0 4 0 6 0 16 15 0 0 10
0 9 0 0 2 0 11 14 12 0 10 5 0 1 0 0
14 13 4 1 9 0 10 5 11 7 8 15 16 2 3 0
0 0 7 2 0 0 5 15 8 13 0 0 0 0 1 16
0 15 0 0 0 0 0 0 2 0 7 0 10 3 5 0
9 0 0 0 0 3 0 0 0 16 0 0 0 14 0 15
16 0 5 0 4 11 0 6 15 0 1 3 9 8 13 0
0 1 12 0 14 0 0 0 13 15 0 0 0 0 11 0
0 2 11 13 5 12 4 0 16 9 0 8 6 15 0 1
0 0 9 10 11 0 8 1 0 5 6 2 12 0 7 0
0 5 3 14 6 13 9 0 1 11 12 7 0 0 4 0
