0 1 9 0 0 13 12 0 15 3 6 4 2 0 8 0
15 3 0 13 0 6 9 1 10 0 7 11 16 12 0 4
14 0 8 6 0 0 0 4 9 13 0 0 3 15 0 10
0 0 0 11 15 0 3 8 0 0 0 14 13 0 0 0
0 0 0 10 8 0 11 0 0 9 1 0 0 0 15 6
0 0 4 0 2 0 0 6 14 10 13 0 0 0 11 0
12 11 0 0 0 10 15 0 0 0 0 6 1 16 13 0
0 0 16 15 1 9 4 12 7 5 11 3 0 0 10 0
0 0 15 0 0 1 0 0 5 11 0 16 7 8 4 2
2 0 1 14 0 0 7 16 12 15 4 0 11 0 6 9
8 13 0 16 0 2 0 11 6 14 9 7 15 3 5 0
11 0 7 4 6 0 5 9 8 0 3 2 0 14 0 0
0 15 11 8 10 0 1 2 0 0 14 0 0 13 7 16
10 4 13 7 11 0 14 0 2 6 15 0 0 0 0 0
9 16 0 2 0 0 8 7 0 0 5 10 14 0 3 0
1 0 0 12 9 0 6 15 13 7 16 0 10 0 2 0
