0 0 1 0 3 0 6 0 0 4 0 12 5 0 2 0
0 0 10 12 7 0 1 0 9 2 14 0 15 0 0 3
3 0 0 4 0 0 16 0 1 11 10 6 0 9 13 0
9 0 0 0 0 10 12 0 0 0 7 0 8 0 11 0
2 6 11 0 0 16 13 1 7 15 0 9 0 14 3 5
8 4 9 3 15 0 5 2 0 14 1 11 10 13 0 12
5 12 13 14 11 4 9 8 0 0 3 2 7 15 0 0
0 0 0 1 0 0 0 6 0 13 0 4 2 0 0 0
16 1 7 13 5 0 0 0 14 0 11 0 9 4 8 6
4 0 14 0 0 9 7 12 15 0 6 1 16 2 5 10
6 0 0 15 0 14 4 16 10 0 0 0 0 11 0 13
0 9 0 0 0 6 0 11 4 0 2 13 14 0 7 15
12 16 0 7 10 0 11 13 2 0 0 0 1 0 0 8
14 0 3 0 6 0 15 0 12 7 16 8 11 5 10 0
11 15 5 8 9 0 14 7 0 1 0 0 6 0 0 0
1 0 0 2 0 12 8 3 0 6 0 14 0 0 0 9
