0 0 0 0 3 0 11 0 14 10 12 15 13 4 9 16
16 0 11 0 5 0 7 0 1 8 0 13 6 2 0 12
13 4 0 3 10 0 0 16 5 6 7 2 8 0 15 0
0 15 0 0 8 0 0 0 0 0 9 0 0 0 7 10
10 9 0 0 0 16 0 5 3 12 13 14 15 7 4 0
0 0 0 0 9 4 0 13 10 0 0 0 0 0 0 0
6 14 0 0 0 15 0 0 0 5 0 0 0 8 10 0
15 16 13 5 0 11 12 10 0 0 2 0 1 9 14 0
0 1 0 0 2 10 0 0 0 11 8 9 0 12 13 4
0 2 15 10 13 9 4 0 7 14 1 5 16 3 6 0
4 0 6 0 0 5 0 12 2 16 3 10 0 14 8 0
9 0 14 8 15 0 0 7 13 0 6 12 2 10 5 0
0 6 10 0 16 7 0 9 12 15 11 8 14 13 1 0
0 13 8 0 12 2 0 11 4 0 10 0 3 6 0 7
1 12 0 7 4 0 15 0 0 0 14 0 0 5 11 8
0 3 0 2 0 0 10 1 6 0 0 7 4 0 0 9
