0 2 0 0 9 16 0 0 11 5 4 10 13 0 0 0
7 11 16 5 14 0 12 0 15 3 9 0 6 8 2 10
10 12 0 4 5 0 6 1 2 0 14 0 0 7 9 3
13 9 0 0 0 10 0 8 0 0 0 16 5 0 11 14
0 0 6 0 0 0 0 3 0 0 1 15 12 11 0 4
0 16 13 12 0 0 7 14 0 2 0 4 0 0 0 0
2 3 1 15 13 12 4 0 0 9 16 0 10 6 0 0
4 0 14 0 6 0 5 16 10 0 0 3 2 13 0 0
0 4 2 16 0 0 14 13 9 0 6 8 15 0 0 0
0 15 0 0 4 5 1 10 0 16 2 0 8 0 13 0
9 0 0 8 12 3 0 0 1 7 13 5 14 2 4 6
1 13 5 0 0 0 9 2 0 0 0 11 3 0 10 0
12 0 0 2 1 8 15 6 13 11 0 0 4 0 0 16
15 6 10 0 0 14 0 9 4 1 7 2 0 0 5 8
0 14 0 0 0 0 0 12 5 15 8 0 7 0 0 2
8 0 0 0 7 2 10 5 0 0 3 12 9 15 6 0
