5 14 0 0 0 13 0 11 8 0 0 2 10 3 6 0
13 0 0 15 6 0 2 0 9 0 0 16 4 14 8 0
0 3 16 12 0 0 8 10 11 0 0 0 5 15 0 7
0 0 4 0 14 15 1 0 10 0 7 12 11 16 0 2
0 0 0 2 0 0 15 14 0 10 0 11 0 12 4 16
0 0 9 16 13 12 11 1 6 15 0 7 3 2 10 5
0 12 0 3 0 0 0 2 1 0 8 0 0 9 7 11
10 4 11 13 5 7 0 0 12 14 0 3 0 8 0 0
4 1 3 0 0 6 0 12 2 0 16 10 15 0 0 0
0 5 12 0 2 0 4 15 7 0 13 14 6 0 3 1
16 0 0 7 0 14 0 13 3 12 11 0 9 10 2 8
11 0 0 0 0 9 10 0 0 1 0 5 0 7 16 4
12 0 13 11 10 0 3 6 14 7 0 1 0 4 0 0
7 0 1 0 15 11 13 8 0 0 3 9 0 6 0 14
9 0 8 0 0 5 14 0 0 6 10 15 0 1 0 0
3 0 14 6 0 0 0 4 0 0 0 8 2 13 0 0
