6 2 0 1 0 0 5 0 8 12 7 0 0 11 14 0
3 5 7 11 0 2 14 13 0 1 0 15 0 8 0 4
0 8 0 0 3 0 4 0 0 0 0 13 0 0 10 12
10 0 12 0 11 8 0 6 0 0 14 0 5 0 1 0
12 6 0 0 4 10 3 2 0 15 16 0 8 0 13 0
0 1 0 16 0 7 0 0 14 0 0 6 4 3 11 0
4 0 0 3 0 13 0 0 0 0 0 5 15 0 2 0
13 0 2 0 0 15 11 5 0 0 1 10 16 7 0 9
16 3 6 12 1 0 15 4 13 10 11 0 7 14 0 2
0 9 1 0 0 0 7 11 0 0 5 0 0 4 0 15
5 11 8 0 13 0 6 12 0 0 0 0 10 0 0 1
7 0 15 13 16 14 2 10 6 9 3 0 0 12 5 8
2 16 5 6 15 4 8 3 0 0 9 0 12 0 7 11
8 13 14 0 5 0 0 0 15 0 2 12 0 0 0 16
11 12 4 9 7 6 0 14 10 5 0 3 0 0 15 0
0 0 3 15 2 0 0 9 16 7 0 11 14 5 8 0
