9 0 0 12 2 6 4 5 0 15 1 14 0 16 8 0
0 0 16 0 11 0 0 0 0 0 13 2 14 0 6 10
0 2 0 0 13 7 0 0 10 0 9 0 15 3 0 4
11 1 0 0 8 10 9 15 0 4 16 7 2 5 0 13
4 5 10 0 7 14 2 0 15 1 0 12 0 0 0 8
14 3 2 6 0 11 0 0 0 13 0 0 0 0 0 5
0 8 7 0 5 0 13 0 0 0 0 0 3 2 4 0
15 11 12 13 0 8 3 0 2 7 5 4 0 0 16 9
0 0 1 10 6 0 0 0 4 3 12 0 13 8 0 14
0 0 0 5 0 13 0 0 0 2 10 9 0 1 0 0
0 6 14 11 0 9 0 0 13 8 0 1 0 4 2 7
13 15 4 0 0 0 5 8 7 16 11 6 10 12 9 0
2 0 11 7 3 4 0 0 0 14 6 0 9 10 5 16
0 0 15 0 0 12 6 14 0 11 0 3 8 0 7 0
5 0 0 3 0 15 10 2 16 9 7 0 0 11 14 12
8 0 0 4 0 5 0 11 12 0 2 0 6 15 0 1
