0 12 0 7 10 16 0 15 0 0 8 4 0 0 0 1
14 4 0 10 5 0 0 13 11 16 0 15 8 0 6 0
8 3 16 5 7 0 0 0 10 0 0 0 13 12 0 15
0 1 0 6 8 3 11 0 14 0 5 13 16 0 0 0
0 2 0 4 0 0 13 3 1 11 0 7 0 0 0 0
0 0 10 12 14 11 8 0 9 4 6 3 0 7 0 13
7 0 11 0 16 0 9 2 8 15 12 5 3 1 0 0
0 0 1 8 0 4 15 7 13 10 2 16 0 0 0 11
10 0 0 15 2 12 3 0 6 0 1 0 0 16 8 5
1 0 12 0 13 14 7 0 4 0 16 11 0 15 10 2
13 11 4 9 15 8 0 16 0 2 3 0 7 6 1 14
0 8 0 2 1 0 5 0 0 14 0 10 11 0 13 0
0 13 8 14 0 0 16 12 0 5 0 2 0 0 0 9
0 15 0 11 0 13 0 0 0 9 10 1 0 5 0 6
0 0 5 1 11 0 0 0 16 7 0 14 0 13 0 8
4 0 3 0 0 0 1 5 0 6 0 8 0 11 2 7
