0 5 0 9 6 0 7 2 0 12 0 14 0 0 0 0
0 2 0 0 0 0 8 11 9 6 1 10 0 3 7 0
11 12 0 0 0 9 4 0 8 2 3 7 0 14 0 0
0 0 4 0 0 0 14 16 5 11 0 0 0 0 2 0
13 0 0 0 11 0 0 7 0 8 0 0 2 5 12 15
15 4 3 0 14 5 9 0 10 13 11 2 7 1 8 0
2 1 7 0 0 6 15 0 0 0 14 9 3 13 0 0
0 8 0 0 2 3 13 4 15 1 7 0 0 9 0 14
6 11 2 4 9 0 5 13 7 0 15 1 8 12 14 10
0 0 0 7 0 0 0 0 0 0 5 8 13 16 3 9
8 13 0 3 0 10 6 15 0 14 0 0 1 2 11 7
9 14 16 0 8 0 3 1 0 0 2 0 5 0 0 0
14 6 0 5 13 0 2 0 0 7 4 3 0 15 0 0
12 0 13 15 10 0 1 3 14 9 0 0 6 7 0 0
4 0 1 0 0 11 12 5 13 0 10 6 14 8 9 3
10 3 0 0 7 0 0 0 0 15 12 5 4 0 0 1
