9 13 0 12 2 14 0 0 3 1 0 0 7 4 0 0
10 7 2 0 0 3 0 15 0 5 0 11 13 8 0 12
0 8 0 14 0 0 0 0 2 16 0 0 0 5 11 1
0 0 0 11 0 7 8 5 0 0 14 13 9 16 3 0
11 3 15 13 0 9 5 0 12 0 0 0 0 14 6 16
8 0 9 0 14 6 7 0 13 0 0 4 0 0 2 11
0 0 7 1 3 0 0 13 11 0 5 16 10 15 0 8
0 12 6 2 15 0 4 0 14 9 0 1 5 13 7 0
6 0 4 0 0 0 3 14 1 0 0 0 8 0 0 7
1 11 0 0 16 10 9 0 6 0 7 14 0 0 4 0
5 2 0 9 7 0 0 8 0 0 13 3 11 6 0 14
7 15 14 8 6 0 13 0 0 0 0 12 0 0 1 10
0 14 8 0 0 0 11 4 0 12 1 0 0 0 15 9
12 9 10 0 0 0 14 0 0 2 3 6 1 11 0 13
0 1 11 15 0 16 12 0 8 0 4 10 14 7 5 0
0 0 16 7 10 0 1 0 9 14 11 15 0 3 12 4
