0 0 6 0 0 0 0 4 0 0 0 10 13 14 0 3
15 0 8 3 10 0 0 0 12 1 0 0 0 0 16 5
1 11 12 0 7 3 5 0 0 16 0 0 0 10 0 0
5 0 0 14 9 8 12 0 15 4 0 3 1 0 0 0
8 0 16 4 13 0 7 9 0 0 3 12 11 6 0 10
13 10 11 7 3 2 14 8 0 6 4 0 0 0 0 0
0 9 0 5 4 10 0 0 11 0 0 16 14 3 7 13
0 14 0 12 6 16 0 15 2 10 7 0 5 0 8 0
16 0 13 0 0 0 0 0 0 12 10 0 0 0 3 4
12 7 0 15 2 13 0 10 4 11 16 1 0 5 14 0
14 8 0 10 1 11 4 0 0 0 0 0 16 0 13 0
0 6 3 0 0 0 0 0 13 7 0 8 10 0 0 0
2 0 0 0 11 9 10 3 16 8 0 4 0 7 5 0
9 0 14 8 16 15 2 5 7 13 6 0 0 1 10 12
10 5 4 16 0 0 13 6 3 0 1 0 0 8 15 11
11 12 7 6 0 4 0 1 10 0 5 15 0 13 9 16
