6 0 7 13 5 2 0 0 0 8 4 0 10 14 0 16
5 0 0 4 0 14 10 0 0 7 0 0 6 0 0 13
12 0 0 0 9 0 6 7 0 0 16 0 0 2 0 11
0 0 0 0 8 0 1 13 2 0 0 3 0 0 5 4
10 5 9 0 0 8 3 0 14 0 11 7 15 16 0 2
11 4 12 3 1 0 0 2 0 0 15 8 14 10 0 5
0 16 14 0 7 0 0 0 9 2 0 12 0 11 0 1
0 0 0 8 11 13 4 14 16 1 5 10 9 3 6 0
0 11 13 0 10 0 0 4 0 16 1 6 0 5 15 0
0 9 4 2 12 7 0 5 10 0 0 14 11 1 8 6
0 10 0 14 13 1 8 0 15 0 0 0 4 9 16 3
0 0 1 16 15 0 0 3 0 9 0 4 13 12 14 10
0 0 8 10 14 0 12 11 7 5 0 0 0 13 0 0
0 0 0 0 0 0 5 1 3 6 8 13 12 0 11 0
0 12 6 0 16 3 13 0 0 0 0 1 0 7 2 8
0 0 3 5 4 15 0 8 0 11 14 2 16 6 0 9
