14 5 0 7 0 4 0 15 6 12 0 0 0 9 0 11
10 9 11 0 1 6 12 16 14 0 0 13 0 4 5 3
0 1 12 16 0 9 3 0 2 0 5 0 14 13 0 0
15 0 6 0 5 10 0 14 4 0 0 0 7 0 2 1
2 0 0 0 14 0 13 5 1 4 0 3 0 8 6 0
0 0 0 13 0 0 0 4 11 15 0 5 1 3 16 0
1 0 0 3 0 16 0 0 12 0 9 6 0 5 0 0
0 15 8 0 0 3 0 1 0 0 0 0 11 0 7 12
0 2 7 15 9 0 8 6 3 13 0 0 5 11 0 10
0 8 0 14 3 0 0 10 7 9 6 0 4 0 12 0
9 3 5 0 4 0 16 7 10 1 11 0 0 15 8 13
0 4 0 0 12 0 15 0 8 5 16 0 3 14 9 0
0 16 13 0 11 0 0 0 0 0 2 10 0 7 0 8
12 10 0 0 8 7 14 2 16 11 1 4 13 0 3 9
0 6 0 11 10 0 0 3 0 0 0 8 0 16 4 5
8 0 0 9 16 5 6 12 15 0 13 7 10 0 11 0
