0 13 0 0 0 10 16 0 8 0 9 0 12 11 4 6
0 0 14 0 6 4 0 0 0 0 16 12 0 5 2 9
12 0 15 0 2 8 0 1 11 3 6 5 10 0 0 0
0 11 6 16 0 9 12 0 0 7 14 4 0 0 1 0
3 15 8 7 11 5 1 0 0 0 12 0 2 13 0 4
0 0 0 0 12 6 0 0 5 10 0 0 9 7 3 1
0 0 0 6 0 0 9 8 2 16 3 13 11 15 0 0
14 5 9 10 3 0 2 0 0 0 1 11 8 12 6 16
7 0 2 15 13 0 0 10 1 11 4 0 16 0 0 8
16 6 4 13 8 0 15 0 0 12 10 3 1 0 0 5
0 14 0 11 9 2 6 12 16 0 0 15 4 3 13 7
8 0 0 9 16 0 4 11 13 14 2 0 6 10 15 0
9 0 0 0 14 12 0 2 0 0 0 16 15 0 0 0
0 0 11 8 0 0 0 5 0 9 7 0 13 0 12 10
6 0 0 0 0 0 13 9 12 15 0 2 5 1 0 3
0 0 1 12 0 0 8 6 0 0 0 0 14 9 16 0
