2 0 13 0 12 7 16 9 14 4 11 15 0 3 1 0
0 0 15 3 0 0 13 8 10 9 2 0 0 14 12 6
4 8 0 0 2 15 0 14 0 6 12 0 0 9 5 13
0 0 0 0 1 0 10 5 0 7 8 0 0 16 2 4
5 12 11 16 0 9 1 2 0 15 14 0 4 10 3 7
0 0 14 0 8 0 0 7 1 3 10 11 13 0 9 0
0 0 6 0 15 0 0 10 2 5 13 0 0 8 0 11
10 1 8 0 6 0 0 0 4 16 7 9 0 0 0 0
8 0 1 0 14 0 6 13 5 2 15 0 0 0 7 0
9 13 0 0 0 0 8 0 12 14 0 0 5 4 6 0
0 3 7 2 0 0 0 11 0 1 6 4 0 0 10 15
14 0 0 6 0 2 0 0 11 0 9 0 16 1 8 3
7 10 2 15 4 0 0 0 0 8 0 0 9 0 0 5
0 0 9 8 5 10 0 16 0 0 4 0 3 2 0 1
0 5 3 12 0 13 2 6 15 11 1 14 0 0 4 10
13 14 4 0 3 0 0 0 9 0 5 0 0 0 11 16
