0 5 0 1 0 0 16 4 14 13 0 9 0 0 15 0
0 0 16 0 1 2 13 0 7 5 8 15 0 0 0 9
0 0 15 2 10 9 3 5 11 0 12 4 0 0 7 8
7 12 0 4 0 0 15 14 0 0 0 0 11 13 0 0
0 0 8 0 0 0 0 1 15 3 0 14 16 4 9 0
0 3 0 0 0 4 6 13 8 0 7 16 5 0 0 0
6 4 5 10 11 0 8 0 12 9 0 0 7 0 3 14
1 14 0 0 12 0 0 15 4 10 5 0 0 0 13 11
0 1 3 0 6 12 11 0 13 14 0 8 15 0 10 0
10 0 6 8 13 0 0 0 0 2 4 12 14 7 11 0
4 7 11 9 3 14 2 0 0 0 0 10 8 12 5 13
0 0 14 0 15 8 0 0 0 7 0 5 0 9 6 1
0 10 0 6 0 15 14 0 9 12 0 2 0 5 8 7
0 8 13 14 2 0 0 11 0 0 3 7 0 6 16 0
0 0 1 7 0 13 0 0 6 15 16 0 10 14 0 3
0 16 12 3 9 0 7 6 5 0 0 13 1 11 0 15
