13 0 11 0 0 8 16 5 1 0 0 14 15 0 2 10
0 0 0 1 3 6 13 14 0 0 16 10 9 11 0 12
6 10 3 0 9 15 11 12 8 4 0 5 0 7 13 1
0 4 16 15 1 7 10 2 13 6 0 0 0 0 14 0
9 0 6 16 8 10 4 1 3 0 0 0 7 2 12 14
3 7 0 0 0 13 0 16 11 0 9 4 10 0 1 0
8 14 1 0 5 12 0 0 16 10 0 2 13 9 3 0
10 0 2 13 14 9 3 11 0 0 1 0 4 5 0 16
0 0 0 2 0 11 0 6 14 8 13 0 0 0 0 0
4 0 0 6 13 14 9 8 10 0 0 15 2 0 0 5
0 0 7 10 15 0 0 0 0 9 0 1 0 0 8 0
0 13 0 0 10 1 12 3 0 0 5 11 0 16 7 9
2 12 14 9 6 5 1 10 0 0 8 0 0 0 0 0
0 0 10 5 0 4 8 13 2 12 0 6 0 0 9 0
0 0 4 0 0 0 7 0 0 11 0 0 0 13 5 0
15 0 13 11 16 0 0 9 0 1 4 7 0 12 0 0
