0 0 0 0 0 4 0 16 0 14 9 5 6 0 3 0
0 3 12 16 11 0 5 0 10 13 0 4 2 9 1 8
5 14 2 0 9 0 0 0 0 8 11 0 16 0 0 15
7 4 0 8 13 1 0 12 0 16 0 0 0 5 0 11
0 0 0 15 0 0 0 0 0 11 6 0 4 10 9 16
14 0 5 0 12 2 0 8 0 3 4 16 7 0 15 0
1 0 13 4 0 9 0 15 14 10 8 0 0 3 0 0
0 16 0 0 0 6 0 0 0 0 0 9 0 13 8 2
0 0 15 0 0 11 13 1 6 4 14 8 5 2 7 0
0 9 16 6 15 3 14 0 7 2 0 12 1 0 0 0
2 13 0 5 0 7 8 0 3 0 10 11 0 14 0 12
4 8 7 0 2 12 9 5 16 0 0 13 0 0 6 10
0 0 6 11 10 16 3 9 0 0 2 0 13 15 5 1
0 15 4 0 0 5 12 11 9 0 16 0 8 0 2 3
9 1 0 12 6 13 4 0 0 0 3 0 0 16 0 7
16 5 0 0 1 8 15 7 11 0 0 0 9 0 4 14
