16 0 11 1 10 0 12 0 6 2 15 0 0 13 5 7
10 0 2 4 15 0 0 13 12 0 0 11 8 9 14 0
0 0 7 8 0 1 11 5 10 0 14 0 2 4 6 0
12 3 9 5 0 0 0 2 0 0 0 4 1 11 0 10
2 16 5 0 12 0 4 0 8 15 10 0 9 0 7 11
0 7 14 0 0 0 5 3 1 16 4 6 12 10 2 15
1 15 6 12 0 11 10 8 14 0 2 0 16 3 13 0
4 9 0 0 0 0 0 0 11 3 12 7 0 6 1 8
13 0 0 0 9 0 0 0 0 8 0 16 14 15 0 1
14 0 8 0 4 13 0 0 0 0 6 1 7 5 12 2
0 0 12 16 0 7 0 11 4 14 0 0 6 0 10 0
0 1 0 0 0 0 8 0 13 12 3 5 11 0 0 0
0 12 1 0 0 0 0 10 2 0 8 15 0 0 0 0
9 0 4 15 8 0 0 7 0 6 0 0 13 0 11 5
11 2 0 13 3 12 0 0 5 4 7 10 15 1 8 0
0 8 3 0 11 0 0 0 9 13 0 12 10 0 0 0
