6 0 16 4 14 0 12 3 9 15 7 5 2 0 0 1
0 10 0 15 9 6 0 4 8 13 12 0 16 3 5 7
0 1 7 12 11 13 2 0 10 0 6 3 14 4 15 8
0 0 5 3 0 10 0 7 4 1 14 0 0 0 0 0
0 9 0 0 0 7 3 0 0 5 8 15 4 0 10 2
10 12 6 0 2 0 5 0 11 0 4 0 9 0 3 15
0 0 0 5 0 0 0 0 16 2 0 9 0 1 7 14
11 4 2 14 15 9 10 8 1 12 3 7 5 0 6 16
1 0 11 8 4 14 0 0 0 3 0 0 0 0 0 0
4 14 12 0 3 5 0 0 15 0 0 8 0 0 0 11
13 0 0 6 7 0 9 1 0 0 0 0 15 0 0 0
5 15 10 2 8 12 0 0 0 7 0 0 3 14 4 0
12 3 13 11 1 16 14 0 0 0 5 10 7 15 9 0
0 2 0 0 5 11 7 0 0 4 15 6 0 0 0 0
0 0 0 0 13 15 4 0 0 0 0 0 0 0 14 3
0 0 0 0 10 3 8 9 7 11 13 0 6 2 1 12
