13 0 15 0 10 3 0 1 0 7 4 16 0 2 8 12
0 2 8 0 0 0 0 14 0 12 0 0 6 3 15 0
12 0 4 0 7 0 2 9 13 8 0 6 11 1 0 0
16 0 10 0 8 0 0 0 3 0 2 14 9 5 13 0
0 0 0 14 5 7 13 10 6 0 0 0 1 8 11 3
0 9 0 0 2 14 0 6 5 1 10 11 4 15 0 16
0 15 11 12 1 16 0 0 0 0 8 0 5 0 7 0
5 8 0 0 4 12 0 0 7 0 0 0 2 10 0 14
11 0 0 4 3 2 15 0 0 6 0 1 16 0 10 0
9 0 0 0 0 6 0 8 16 11 14 0 3 0 2 0
6 3 16 10 0 0 1 0 2 0 0 0 8 0 14 15
8 1 5 0 0 0 4 16 0 10 0 0 7 11 6 13
15 4 0 8 0 1 0 2 9 14 0 3 10 0 5 0
1 11 0 0 0 8 14 0 0 16 7 10 13 0 3 2
14 7 6 0 0 10 0 11 1 5 15 2 12 16 0 8
2 0 0 16 6 4 0 5 0 0 11 8 15 0 0 0
