0 1 0 10 5 15 0 2 13 0 0 16 0 0 0 0
3 16 11 8 1 9 12 0 15 0 5 2 0 7 4 0
0 7 5 15 4 11 0 0 9 3 6 12 0 8 0 10
0 0 0 2 0 7 3 10 0 11 4 0 0 0 0 0
4 2 15 16 3 0 0 0 12 0 0 9 7 6 11 5
10 9 6 7 13 0 15 12 0 0 16 0 1 0 2 0
5 0 0 0 7 6 0 0 4 0 1 0 8 13 15 0
0 3 0 13 11 4 2 0 7 0 15 0 9 10 12 16
15 12 13 0 16 0 7 9 0 0 8 14 4 0 0 11
16 0 7 1 0 0 14 0 0 0 12 11 0 0 0 0
9 0 0 0 0 12 0 0 2 15 0 4 13 16 7 0
2 8 10 0 6 13 4 15 3 0 0 7 0 1 14 12
8 0 0 0 2 0 6 0 16 4 7 13 11 0 5 0
0 0 0 0 12 0 0 7 14 9 0 8 0 4 0 2
7 6 16 4 15 10 0 8 0 0 2 5 0 9 0 14
13 0 2 0 9 1 5 4 10 6 0 15 0 12 8 0
