2 9 12 0 3 1 0 11 0 15 4 0 13 7 0 16
0 10 16 1 4 0 0 6 2 0 7 3 9 8 0 5
6 11 7 3 0 8 0 0 0 12 16 14 4 1 10 15
13 5 4 15 0 0 7 9 0 11 0 0 0 0 12 2
15 0 5 13 0 3 1 2 16 0 11 7 0 12 0 8
0 0 3 9 7 11 0 0 10 0 13 5 0 0 1 6
7 16 0 6 0 0 5 0 0 9 1 12 0 15 0 0
8 0 0 0 0 16 4 12 0 0 0 0 7 5 0 14
11 7 6 0 0 0 16 1 4 2 0 10 14 13 8 0
1 0 8 0 0 0 0 3 0 0 0 0 2 0 16 7
0 0 9 0 5 6 2 0 7 8 0 0 0 0 0 0
0 2 15 0 8 9 11 0 0 16 12 0 5 6 3 0
16 6 11 0 14 2 0 0 0 10 0 0 15 0 5 0
0 0 14 2 11 7 12 13 3 0 9 16 8 10 0 0
0 3 0 12 0 0 0 8 0 7 6 4 0 16 2 13
9 8 13 4 1 0 6 0 11 0 15 2 0 14 7 0
