7 0 0 16 0 0 15 2 6 12 5 8 1 0 14 0
14 13 9 0 5 10 7 0 4 0 16 11 12 15 6 0
12 0 0 6 0 11 9 8 7 0 10 14 13 4 0 2
4 15 8 2 0 14 0 6 9 3 1 0 0 10 0 11
16 0 0 0 11 0 3 5 0 7 0 9 2 0 10 4
0 3 0 1 9 16 0 14 2 5 0 0 0 0 8 6
2 6 0 11 7 0 0 13 8 0 14 0 3 0 0 0
5 0 0 10 0 2 6 15 0 0 3 0 14 11 0 1
0 0 3 0 12 5 1 0 14 9 8 6 0 0 0 13
9 0 2 0 0 0 14 0 0 13 0 3 16 0 0 12
1 10 0 0 0 13 2 0 0 16 0 5 0 9 4 14
0 0 0 13 0 8 0 0 12 1 2 4 7 6 3 0
3 0 1 9 0 0 8 10 5 14 13 2 11 12 0 16
0 2 0 7 1 0 5 4 3 0 0 0 6 0 13 10
0 0 0 5 14 0 11 0 0 6 0 7 9 8 2 0
0 14 0 15 2 0 0 12 0 0 9 0 4 5 1 0
