7 14 12 0 4 16 0 3 11 10 9 15 8 1 6 0
13 0 8 16 12 0 6 0 0 5 14 4 0 0 2 0
1 5 0 0 14 7 0 0 8 0 0 0 0 13 0 16
9 0 6 0 2 5 1 8 7 0 16 12 0 15 0 4
6 0 0 0 0 13 11 1 15 0 0 16 0 8 4 7
0 0 0 0 10 12 0 0 6 2 8 7 13 14 0 1
2 8 13 0 0 0 0 0 0 11 1 10 5 12 9 0
0 0 3 0 6 14 8 2 0 12 0 9 16 11 15 10
16 13 5 6 0 10 0 9 0 0 4 2 0 3 8 0
10 4 0 15 5 0 14 12 3 16 13 0 1 9 7 2
0 0 0 8 16 0 3 4 9 15 12 6 10 5 0 13
0 0 0 12 13 0 2 15 0 7 11 5 6 0 0 0
5 0 0 0 7 3 10 14 0 0 15 0 0 0 0 0
0 6 15 7 0 0 5 0 0 3 0 0 0 0 0 9
8 0 0 3 1 0 0 16 0 0 6 0 7 10 0 15
0 0 14 13 15 4 9 6 16 0 7 0 0 0 5 3
