3 0 0 0 15 0 2 0 8 11 0 14 12 0 10 7
14 0 2 5 13 3 7 0 12 0 0 0 0 4 0 16
10 15 0 0 14 1 16 6 4 7 0 5 0 8 0 9
0 9 0 0 0 11 0 4 0 2 0 1 15 6 5 14
1 11 9 8 3 4 13 2 14 16 0 7 0 0 12 15
7 0 0 6 0 8 0 0 11 10 4 0 14 0 16 0
0 0 0 16 0 6 0 0 0 1 0 15 9 0 8 0
0 5 0 0 0 16 14 11 3 0 0 8 7 1 13 0
6 7 12 0 0 14 9 13 0 0 0 0 0 16 15 0
0 4 3 9 1 2 0 10 6 0 16 12 13 7 14 0
16 0 5 0 8 7 6 3 9 4 0 0 0 11 0 12
0 13 8 14 0 12 5 16 7 15 0 0 10 0 4 6
0 14 1 7 0 0 0 0 5 0 10 0 0 0 0 0
9 16 10 2 7 15 11 0 0 13 0 0 0 12 0 0
0 12 4 11 16 10 3 5 2 14 7 0 0 15 0 0
5 8 6 3 2 0 4 1 0 0 0 11 16 0 7 0
