0 0 0 0 0 8 12 4 6 0 7 3 15 2 14 0
10 3 0 1 0 7 0 14 0 0 2 0 8 16 0 13
4 12 14 0 0 10 16 0 0 13 5 8 0 0 6 0
6 0 8 2 15 13 11 0 14 16 0 0 0 0 1 0
12 15 16 0 10 14 13 0 0 7 1 0 11 0 0 2
2 0 1 5 7 0 0 0 11 0 0 16 14 8 10 15
3 9 0 0 0 0 0 16 4 0 10 2 0 13 0 12
0 0 7 10 6 0 0 1 0 12 15 14 5 0 16 9
1 14 0 3 12 0 0 13 5 0 0 9 2 10 8 0
16 2 10 12 0 15 0 11 7 6 14 0 9 0 5 0
0 8 13 11 3 2 9 5 10 0 16 0 7 0 0 6
0 6 0 0 0 4 14 0 8 2 3 0 0 15 11 0
0 4 3 6 0 0 10 7 1 0 0 0 16 9 2 8
14 1 0 0 2 0 0 6 3 9 0 11 0 5 0 0
0 0 0 0 4 0 5 9 16 0 0 0 12 11 15 3
11 5 9 16 0 0 3 0 2 10 8 0 6 0 0 14
