1 13 2 0 0 0 5 11 16 6 0 0 3 12 7 0
0 0 0 0 4 1 12 14 0 3 15 0 0 0 2 13
0 0 0 8 15 7 16 0 0 13 0 12 14 0 11 1
15 0 0 7 13 6 2 0 11 0 14 1 9 4 10 0
3 1 0 2 8 15 0 0 13 12 0 5 11 0 9 4
5 14 0 16 1 12 9 4 0 11 0 15 10 13 0 2
6 4 0 12 3 16 13 2 14 0 9 10 15 1 0 7
0 0 0 0 10 14 0 0 7 4 0 0 0 0 16 6
2 0 14 0 16 13 8 0 0 0 5 0 0 0 3 0
0 0 1 0 0 4 15 6 12 7 3 9 5 16 14 0
7 9 15 0 11 0 10 1 6 0 8 14 0 0 4 12
0 0 0 4 7 0 14 0 15 0 0 0 6 0 0 8
0 2 0 0 0 0 3 15 5 10 0 0 0 0 6 14
4 0 0 15 0 0 7 10 8 14 0 0 1 9 0 0
0 0 0 5 14 0 0 13 0 9 7 0 16 8 15 3
14 7 0 0 5 8 1 16 4 15 0 0 2 11 13 0
