0 0 0 0 0 0 0 0 9 0 2 14 0 16 6 10
0 1 6 14 2 4 11 0 0 0 0 0 0 0 9 15
4 13 10 2 8 0 9 0 12 6 15 16 1 0 11 5
0 9 16 0 10 5 6 12 0 7 8 4 3 0 13 14
0 0 8 0 1 0 14 9 13 16 0 5 2 15 3 12
0 3 0 1 5 0 0 2 0 0 0 0 16 11 0 8
13 4 0 16 0 12 0 0 0 0 0 9 0 14 5 6
0 7 12 0 15 6 16 4 0 14 11 0 9 0 0 13
5 14 0 0 0 10 7 6 0 0 0 0 15 0 0 16
12 0 7 0 0 0 0 8 0 1 16 11 0 0 14 3
3 15 1 10 14 0 0 11 8 5 12 7 6 4 2 0
16 8 2 0 0 0 0 0 14 15 6 13 10 0 7 11
10 0 13 0 6 0 0 0 7 0 14 15 0 9 0 2
15 2 3 7 16 14 0 0 0 8 9 0 11 13 0 4
0 11 4 0 9 0 0 0 0 2 5 0 14 3 0 0
0 16 14 8 7 0 0 15 11 3 13 0 5 6 10 0
