12 1 0 0 2 9 3 5 14 10 16 0 8 0 7 4
10 0 0 8 0 6 0 0 0 15 3 9 12 5 2 16
0 14 13 6 0 8 0 7 4 5 0 0 3 9 0 0
16 5 0 3 0 0 12 15 0 0 6 0 11 14 13 10
0 2 0 0 10 0 0 9 5 13 0 0 1 0 0 11
3 12 5 7 0 0 15 0 0 0 4 11 0 0 0 0
0 0 0 13 0 5 0 0 0 0 0 7 15 4 8 0
0 15 0 16 0 13 6 0 12 1 0 8 5 0 3 9
11 7 2 5 4 12 0 10 9 16 0 0 6 3 15 14
14 13 12 0 6 0 7 16 0 0 0 10 0 0 0 0
0 0 6 1 9 2 5 8 11 0 0 14 0 0 0 7
0 3 4 0 15 11 0 14 2 7 13 6 9 0 16 5
7 0 16 4 5 10 0 0 8 2 1 0 0 0 0 12
13 9 0 15 12 16 8 0 10 6 14 5 0 2 4 3
5 10 14 0 0 15 2 6 3 0 0 0 16 1 0 8
1 0 0 0 0 14 11 0 13 0 0 0 0 15 5 0
