2 0 0 16 0 0 0 0 0 11 0 0 0 4 5 14
0 0 0 0 0 9 8 16 15 4 14 7 1 2 11 6
0 1 0 6 14 15 0 4 0 9 2 0 10 3 13 12
0 14 4 0 12 0 3 2 0 0 0 0 9 0 0 0
9 4 6 5 0 14 2 0 0 0 3 11 0 0 0 13
0 3 0 0 0 0 0 0 0 16 8 0 14 5 4 0
12 16 0 0 13 0 0 0 0 0 0 9 0 10 6 0
15 11 1 14 10 8 0 0 6 13 4 12 7 0 16 0
8 0 2 0 0 0 1 14 0 0 11 10 6 13 0 0
16 6 0 7 4 2 0 0 3 14 13 8 5 12 10 1
14 0 0 12 8 16 10 13 9 0 0 2 4 11 3 0
13 10 3 0 11 12 6 5 16 0 15 4 0 0 0 0
0 0 16 3 0 0 0 12 5 8 10 6 13 7 0 4
0 0 14 0 7 5 16 10 0 12 9 15 11 0 2 3
6 0 12 9 2 4 0 8 11 3 0 0 16 15 0 10
0 7 15 0 6 0 9 1 4 0 16 13 8 0 0 0
