14 2 3 0 0 0 9 0 0 13 7 0 0 0 0 1
9 6 0 10 0 13 0 0 0 12 8 1 0 15 5 0
15 0 0 0 12 4 0 0 14 11 10 0 9 8 0 3
12 4 0 8 5 6 0 0 0 3 0 9 13 11 0 10
1 7 0 3 10 0 15 0 5 14 0 13 2 12 4 11
10 16 8 15 2 0 0 5 7 4 0 3 1 14 6 9
11 0 5 2 1 14 6 4 0 8 0 12 0 13 3 7
4 13 14 12 0 0 11 7 0 0 1 2 0 0 10 0
0 0 4 0 15 9 0 6 0 5 14 16 10 0 7 0
0 12 15 7 14 0 0 0 0 0 0 0 0 3 2 0
13 14 9 5 7 0 3 0 0 0 0 4 0 0 0 0
0 10 0 0 13 0 5 16 0 0 3 7 12 4 0 14
3 1 0 0 6 15 16 0 13 0 0 8 0 7 11 0
7 0 0 13 0 0 10 0 0 0 0 14 15 2 8 6
5 15 0 14 0 0 8 13 0 10 6 11 0 9 1 0
0 0 16 4 11 3 2 0 1 0 9 15 5 10 13 0
