7 10 2 0 13 0 0 0 16 0 0 5 1 4 0 0
0 5 0 13 15 0 16 0 9 1 2 0 10 3 6 12
9 3 0 0 0 0 0 0 11 0 0 12 15 16 13 14
12 14 0 16 8 0 0 0 10 0 15 6 5 7 0 2
4 1 13 7 0 0 11 0 0 6 8 10 0 2 3 9
15 12 0 10 0 0 0 0 3 0 7 0 13 0 4 0
0 0 0 14 0 10 12 13 2 4 0 0 7 11 1 6
0 0 3 11 14 0 0 4 0 0 9 13 0 5 10 15
3 16 15 8 12 5 0 9 4 10 0 1 0 0 0 11
0 0 0 4 0 15 0 0 0 3 0 0 0 0 0 5
0 2 0 5 0 13 6 11 0 7 0 9 0 15 14 4
6 0 12 0 0 0 0 3 0 15 0 0 8 10 0 1
5 7 14 1 11 8 2 16 13 12 10 4 9 6 15 3
11 8 9 0 0 1 13 0 0 0 6 3 2 0 16 7
10 0 6 0 7 3 15 5 14 9 0 16 11 0 8 0
0 0 16 3 6 0 0 0 7 0 11 0 4 0 5 0
