2 0 15 0 0 11 7 0 0 0 0 0 0 0 0 0
0 6 0 0 0 3 5 0 2 13 1 15 0 0 16 12
13 8 9 12 0 14 15 0 6 11 0 0 0 7 0 2
5 0 0 4 12 0 0 13 10 9 7 14 0 0 0 0
6 0 0 14 0 0 0 0 1 0 11 0 16 9 10 0
9 10 12 11 1 2 4 16 3 8 0 0 15 5 7 6
0 16 3 8 0 7 0 10 0 6 0 2 13 14 0 11
0 1 13 0 11 0 6 14 0 0 9 4 0 0 2 3
10 11 2 5 9 0 14 0 7 0 0 8 1 0 0 16
3 15 8 9 0 0 1 0 0 16 2 12 7 11 0 10
0 0 6 16 0 15 8 3 4 14 10 11 0 2 13 0
0 4 14 13 2 16 10 0 9 5 0 1 0 0 3 0
12 0 11 0 0 0 16 7 14 0 8 10 0 0 9 0
8 9 1 2 13 0 11 0 0 7 0 0 0 16 0 0
0 0 10 3 8 9 12 2 0 4 13 0 5 1 0 0
16 13 0 0 14 1 0 5 15 2 12 0 11 10 8 0
