10 4 5 0 2 0 16 0 9 8 13 0 0 0 0 7
0 7 6 15 0 13 10 0 16 0 0 5 8 3 0 4
0 16 2 12 0 7 5 3 0 11 10 6 0 14 13 0
11 13 0 0 0 15 14 0 4 2 12 7 10 0 0 16
0 0 4 2 1 9 3 16 0 6 15 0 0 0 11 12
0 6 0 0 13 2 4 14 0 0 11 0 0 10 0 0
13 1 0 5 10 11 0 12 2 7 4 0 15 8 14 3
12 3 16 0 5 8 7 15 0 14 0 0 0 13 4 6
6 15 0 0 0 5 9 2 1 0 7 4 0 0 3 0
3 2 0 16 0 10 1 7 12 9 0 11 4 15 5 0
5 14 7 0 0 0 11 0 0 0 0 2 12 6 0 8
4 11 0 0 3 0 8 0 14 0 0 0 0 16 0 2
0 9 0 4 8 0 0 1 11 15 0 14 3 0 0 0
2 5 0 0 0 4 13 9 0 12 16 10 7 0 0 15
16 8 0 13 7 0 0 0 6 4 2 0 14 0 12 5
0 0 15 0 16 14 0 0 7 0 0 0 0 4 0 0
