8 0 11 7 0 15 12 0 0 2 16 1 14 10 0 0
10 5 0 6 0 0 0 9 0 8 0 11 2 0 0 0
2 0 0 14 5 3 10 16 15 7 6 9 8 4 11 13
16 3 4 0 0 0 8 0 10 0 5 0 1 7 6 15
4 0 0 0 14 12 11 0 0 0 2 0 0 5 13 0
14 9 0 13 2 8 5 10 16 0 0 4 0 1 0 6
0 7 0 0 6 1 0 15 12 0 14 0 0 2 10 0
5 6 2 16 9 4 0 0 1 0 0 0 12 11 14 8
6 2 3 4 8 0 0 0 0 16 15 10 11 13 12 1
15 0 0 0 12 7 6 1 0 0 0 13 4 9 0 0
13 0 0 12 16 10 0 11 0 3 1 0 0 0 2 7
7 1 0 0 0 2 4 13 0 0 9 6 10 0 8 16
12 10 0 8 0 0 1 4 0 0 7 2 3 0 0 11
9 16 7 0 0 0 3 0 14 1 12 0 6 8 0 0
3 0 5 15 7 0 2 0 0 0 11 0 13 0 1 0
0 0 6 0 0 0 14 12 0 0 13 3 7 16 0 0
