1 0 11 0 10 0 12 16 0 4 9 6 5 0 0 2
13 8 0 5 14 2 6 9 0 15 0 0 10 11 7 4
0 10 0 0 0 0 15 0 0 11 0 0 0 0 0 14
15 0 0 14 5 0 0 8 0 0 0 7 0 3 12 1
11 6 0 0 4 0 9 14 13 12 2 0 1 0 15 3
2 4 1 15 0 0 0 3 0 8 7 0 13 12 0 11
0 0 0 10 12 8 7 0 1 16 0 4 2 5 14 6
14 5 0 12 2 11 0 13 0 3 6 15 4 7 9 8
0 11 10 0 3 0 0 6 7 2 0 0 14 8 5 9
0 0 14 16 1 0 10 7 11 0 0 8 3 6 13 15
5 0 0 0 0 16 13 0 0 10 14 0 0 0 0 0
7 3 15 0 0 5 14 12 0 1 0 0 16 2 0 10
0 14 0 9 15 12 2 0 16 7 0 1 8 4 6 0
0 0 0 11 0 0 0 0 0 6 5 10 15 0 0 0
0 0 6 4 0 14 0 5 8 0 15 2 11 0 1 7
0 15 0 0 0 0 8 10 4 14 0 11 0 9 3 5
