1 13 8 15 0 0 16 2 0 3 7 0 0 0 10 11
0 0 12 14 1 7 0 8 0 0 0 2 3 0 4 13
3 2 9 7 0 5 0 0 0 0 1 0 0 0 14 12
6 10 4 0 0 9 0 0 5 14 15 11 8 7 0 2
0 0 13 0 16 0 2 5 12 0 0 0 0 0 0 7
16 0 3 0 8 0 0 6 14 4 13 0 5 12 9 0
0 0 0 11 9 0 0 0 7 5 8 16 0 3 0 15
0 0 7 0 0 0 1 3 2 0 0 15 6 13 8 16
15 0 16 0 7 1 8 4 0 0 12 0 0 0 6 3
0 8 1 0 0 16 6 14 0 15 3 0 11 9 12 0
0 0 0 0 13 12 0 11 0 9 14 0 16 0 15 8
13 12 11 6 0 0 9 0 8 16 4 10 0 0 5 0
12 3 5 10 4 6 0 7 15 8 2 13 1 0 16 9
9 11 2 4 5 0 0 1 0 7 0 14 12 0 13 0
0 16 0 0 12 2 0 9 0 1 5 0 10 0 3 14
0 0 14 1 0 13 3 0 0 12 11 9 2 0 0 5
