10 1 13 14 3 2 0 8 7 6 16 9 0 11 5 0
16 0 6 11 0 13 10 0 5 0 12 8 0 0 2 0
0 0 3 0 0 12 6 5 0 0 14 0 16 10 0 8
5 2 8 12 7 14 0 16 0 0 0 0 1 6 0 4
2 0 9 8 0 4 14 11 0 0 6 0 10 1 0 0
1 4 11 0 2 5 12 15 14 0 0 13 8 0 7 16
0 10 0 13 8 0 7 0 16 0 1 11 9 4 0 2
0 12 14 0 0 0 16 1 15 8 0 0 6 5 11 13
0 0 0 5 12 1 0 7 0 0 3 6 13 2 0 10
12 0 1 0 0 11 3 6 0 0 0 0 5 0 8 0
6 0 16 0 14 0 9 4 2 0 5 12 11 0 1 0
0 0 10 15 0 8 0 0 0 0 0 0 12 0 0 0
13 6 0 1 9 0 5 0 12 2 8 0 0 0 3 11
0 0 15 10 4 0 8 2 13 0 9 3 7 0 6 0
4 5 0 16 0 3 13 12 0 1 15 7 0 8 10 9
0 0 12 9 0 7 0 0 4 10 0 16 0 0 15 0
