11 0 2 0 7 0 0 9 12 13 16 0 1 15 8 5
5 13 0 10 0 8 11 16 3 0 7 0 14 4 2 0
15 12 0 4 0 1 0 0 0 9 14 10 11 13 0 0
8 16 0 1 15 14 6 13 0 4 2 5 0 12 7 10
0 7 4 0 3 0 0 10 0 8 11 0 0 0 14 12
0 2 13 0 11 9 12 14 7 0 4 15 0 5 0 0
14 10 8 0 0 0 1 0 0 5 6 12 16 11 3 0
3 11 0 0 0 0 16 8 10 0 1 14 7 0 0 0
0 14 0 15 0 12 7 11 5 10 3 0 0 0 0 0
2 0 1 0 0 0 9 0 0 12 8 7 13 0 15 11
7 4 10 8 0 16 15 0 0 11 13 2 0 6 0 3
0 0 0 0 0 13 2 1 14 6 15 0 0 0 16 0
10 6 5 0 0 0 14 12 0 0 9 8 2 0 0 0
0 1 0 0 16 0 0 0 2 0 10 13 9 7 0 6
0 8 11 0 13 4 0 0 6 0 12 0 15 16 0 0
16 15 14 13 9 2 3 0 0 0 5 11 0 1 0 8
