0 9 3 2 12 7 0 0 1 0 0 10 14 6 0 0
15 6 13 1 11 8 14 9 7 12 0 3 10 0 16 0
12 8 14 0 1 0 4 0 6 15 2 16 3 13 0 7
4 0 0 10 3 0 6 0 0 0 13 0 15 12 11 1
13 0 0 15 0 0 12 4 3 0 9 7 0 11 5 0
9 14 0 0 10 15 7 0 0 16 0 2 4 0 13 0
3 2 0 8 0 0 9 0 0 4 10 0 7 0 0 0
7 0 10 4 2 0 0 0 0 5 0 1 0 0 8 0
14 15 9 0 16 0 5 0 4 8 1 11 0 7 0 2
0 0 12 0 0 9 0 1 0 0 0 0 11 0 3 4
0 0 5 0 6 12 2 0 9 10 3 13 8 15 0 0
6 1 0 16 4 0 11 7 0 2 0 0 0 9 0 13
0 0 2 0 9 0 10 11 0 3 12 0 0 0 7 15
10 7 15 9 0 4 0 12 2 1 16 8 0 5 6 11
1 0 16 14 5 13 0 0 10 0 7 0 0 0 0 3
0 3 4 0 7 6 1 0 0 13 11 0 16 10 14 0
