6 8 0 15 0 14 0 0 9 0 13 4 1 12 16 10
0 0 11 0 8 13 4 12 0 1 0 10 5 3 0 6
13 12 0 5 0 1 16 0 0 2 0 0 15 0 0 4
1 0 14 4 0 0 15 10 8 3 5 12 0 13 7 0
0 3 0 7 16 0 5 0 13 15 0 2 9 0 1 12
0 5 2 16 15 8 3 0 0 4 0 9 0 14 6 7
0 13 9 0 0 4 1 0 0 5 0 0 0 10 0 0
0 0 1 11 12 9 13 0 16 0 0 6 3 4 0 0
0 0 16 13 14 2 0 0 12 0 9 0 0 15 0 3
0 0 15 9 13 6 11 5 10 8 0 0 0 16 12 0
10 0 7 12 0 16 9 15 0 13 0 5 0 2 8 11
11 14 0 8 4 12 0 3 2 0 0 15 10 6 0 13
0 15 0 10 0 0 14 0 0 12 0 1 11 9 3 8
16 0 8 0 0 0 0 1 7 9 2 0 12 5 0 14
7 11 0 0 0 0 0 13 5 10 0 0 0 1 0 0
0 9 6 0 0 5 12 0 3 0 11 8 16 7 0 15
