4 0 1 0 0 14 9 0 0 7 0 5 12 0 0 0
14 12 6 16 10 0 7 2 13 8 4 0 0 1 0 11
0 0 5 13 11 12 4 0 2 0 0 1 15 10 0 7
0 7 3 2 0 0 8 15 11 9 0 0 4 16 5 0
0 4 0 11 5 15 0 10 0 16 0 7 1 8 2 9
0 10 2 0 0 13 14 0 0 0 11 3 16 4 0 5
0 6 0 9 0 1 0 0 5 10 2 0 0 0 15 12
5 1 0 14 9 2 0 0 12 0 0 13 6 3 0 10
0 0 15 5 7 0 13 0 14 3 0 16 10 0 0 2
6 0 11 0 0 10 0 8 4 0 0 9 0 0 16 0
12 16 0 10 3 0 1 0 8 11 6 2 5 9 13 15
0 14 0 3 6 16 2 0 15 5 0 10 11 12 8 0
11 5 14 0 2 8 10 1 0 13 9 0 0 0 3 4
1 0 10 4 0 9 15 0 7 0 0 0 8 0 0 0
2 0 12 0 0 0 0 4 1 14 0 6 9 5 0 0
0 0 9 0 0 7 6 0 3 15 10 0 0 0 0 14
