1 0 0 15 2 8 14 0 0 16 5 10 0 0 9 3
13 0 8 3 0 0 11 7 2 15 6 9 12 0 0 16
9 16 0 11 13 0 3 5 4 1 14 7 0 0 0 2
5 10 0 7 0 9 0 15 3 12 0 0 0 0 4 6
0 5 0 0 14 0 0 16 9 0 4 0 1 8 13 11
0 0 13 16 9 2 0 0 14 6 0 15 0 7 10 0
0 4 0 9 10 5 6 11 12 0 1 13 0 0 16 0
0 0 0 10 1 0 0 0 0 0 11 0 0 6 12 0
0 0 0 13 0 14 16 2 7 3 0 4 10 12 0 8
16 12 0 8 0 0 9 13 0 14 2 6 0 0 3 0
0 2 5 4 6 1 15 10 0 0 12 0 9 16 14 7
0 7 0 14 3 0 8 4 16 0 0 1 11 2 0 13
10 0 0 0 7 0 0 1 0 11 16 0 0 0 2 12
4 8 0 0 12 0 2 9 6 0 15 0 16 14 7 10
0 3 16 0 8 0 5 0 10 0 7 12 0 0 1 0
0 13 7 12 15 16 0 0 0 9 3 0 0 0 11 4
