5 4 0 14 0 0 0 0 6 0 10 7 15 9 11 12
12 11 0 3 6 0 0 4 5 0 14 1 0 0 8 7
0 8 0 10 12 14 0 11 16 2 4 0 3 0 0 5
0 15 16 0 0 1 7 0 0 11 0 3 4 0 14 0
3 13 0 0 0 0 0 14 15 12 0 11 1 10 5 6
0 2 12 0 0 13 1 15 7 6 5 9 0 0 0 0
15 0 0 0 0 11 6 0 8 0 0 14 0 0 13 2
0 6 0 0 2 7 8 12 0 10 1 0 0 0 0 0
4 10 0 8 7 0 5 0 14 9 15 16 0 6 0 0
1 3 0 0 14 8 0 10 13 7 6 12 5 11 0 4
0 12 6 5 4 9 0 0 2 3 8 0 14 0 15 1
9 0 0 0 0 15 3 6 0 5 0 4 0 12 7 0
0 1 3 0 11 0 4 0 9 14 0 0 0 5 12 0
11 5 0 0 0 0 12 7 0 1 3 0 13 4 2 9
8 0 13 9 1 0 14 0 0 16 0 0 6 15 0 11
2 16 4 12 0 0 0 9 0 15 0 6 8 3 1 14
