16 4 0 0 0 11 5 15 0 13 0 0 0 10 12 7
13 0 0 11 0 0 0 4 0 16 0 7 5 6 9 1
0 0 7 8 1 16 0 9 5 4 0 0 0 13 0 2
2 5 0 9 6 10 7 0 1 11 0 0 3 16 0 0
8 11 0 13 0 5 0 7 0 6 1 10 14 0 0 9
4 0 15 12 8 14 11 0 0 2 3 16 0 0 1 5
0 6 0 0 0 3 0 0 14 15 8 11 12 0 2 0
0 0 16 0 4 13 6 2 0 0 7 0 0 0 0 10
7 0 11 5 10 0 0 8 0 0 4 6 1 2 13 0
0 8 0 0 14 1 9 0 16 0 0 2 10 5 6 0
12 1 6 3 0 0 0 11 8 10 5 14 16 0 15 0
10 2 0 16 5 0 4 12 15 0 0 1 7 8 14 0
0 0 5 15 13 4 0 0 11 1 0 3 0 12 0 0
1 0 0 14 0 12 3 0 6 0 2 13 9 11 10 0
11 0 8 10 2 9 15 1 7 5 0 0 0 0 0 0
0 0 3 0 0 7 8 6 10 14 0 15 4 0 5 0
