0 0 7 0 11 0 0 10 15 1 9 3 4 2 12 0
2 11 0 9 3 0 15 16 5 10 0 0 8 0 1 0
14 0 0 1 0 0 0 9 6 12 2 0 3 0 0 0
10 0 8 4 0 0 0 2 0 0 0 0 0 5 9 7
13 16 0 15 1 2 0 0 11 0 0 5 9 0 0 0
9 5 1 2 13 0 7 6 16 15 4 0 0 0 0 8
12 0 0 8 16 5 14 15 7 0 0 0 13 10 0 0
6 7 0 0 8 10 0 0 2 13 0 1 0 4 15 16
0 10 15 0 0 6 13 7 0 8 16 0 14 3 0 12
0 12 0 0 9 16 0 0 0 0 0 0 11 1 5 15
7 0 0 13 0 11 0 0 0 3 0 15 16 8 10 6
0 8 5 6 10 0 3 1 12 0 14 0 0 9 13 2
3 1 6 12 0 9 11 0 0 2 15 16 0 0 8 0
0 0 2 7 15 8 0 0 0 5 10 0 1 16 3 9
8 0 4 10 12 1 16 13 3 11 0 0 0 15 0 5
0 0 16 5 2 0 0 3 8 7 0 13 6 0 14 11
