0 0 0 13 6 0 14 1 0 0 12 11 5 15 0 8
0 0 0 0 0 13 5 0 7 4 0 6 0 11 14 0
6 0 0 11 3 0 0 0 13 0 0 1 2 7 0 9
0 10 8 0 2 0 0 0 15 0 9 5 1 0 6 4
8 15 16 0 13 5 0 14 3 0 0 7 12 10 0 0
0 6 0 0 0 2 1 0 0 12 15 9 14 0 3 0
0 0 5 0 4 0 7 10 8 13 14 0 9 16 11 6
0 4 0 2 11 12 0 9 1 0 0 16 8 5 15 0
9 1 12 5 0 8 4 3 11 0 6 0 0 0 10 15
0 8 4 16 10 6 2 7 9 5 1 14 11 0 13 3
0 0 3 0 0 14 9 0 0 7 0 12 0 2 1 0
0 0 0 0 12 0 13 11 16 0 3 10 4 9 0 0
5 16 7 8 1 0 12 0 2 0 13 15 10 3 0 0
3 0 2 6 7 10 8 13 0 16 0 4 0 1 9 0
0 0 10 0 14 9 15 2 6 1 7 0 0 0 5 0
0 0 1 15 5 3 0 4 0 0 11 0 13 0 0 0
