14 0 0 7 0 15 0 0 0 5 9 0 8 0 11 1
6 3 0 0 4 0 13 10 8 11 1 14 0 0 0 7
8 9 11 4 5 0 7 1 2 0 0 6 0 3 0 15
0 0 0 5 14 0 0 12 0 0 13 0 9 6 16 4
16 0 0 0 12 3 4 13 0 0 15 0 10 9 0 0
0 0 6 10 9 0 16 0 12 14 4 13 0 11 0 2
9 0 0 0 0 0 6 0 10 8 3 7 4 16 5 13
0 4 3 13 0 10 0 14 16 0 0 2 1 15 0 12
0 11 1 0 0 0 3 2 0 13 8 0 0 7 12 0
10 0 0 12 8 0 1 0 5 0 0 4 15 0 3 11
3 0 0 2 15 6 14 0 0 16 0 0 5 1 0 8
15 8 0 9 11 0 5 16 3 2 7 0 6 0 13 10
12 0 16 0 13 1 9 5 7 0 0 8 2 14 4 6
13 6 5 0 0 11 10 0 0 3 0 0 7 0 0 9
4 14 8 11 6 0 12 3 0 10 2 0 16 13 0 0
0 0 0 0 0 0 15 0 13 4 6 0 0 12 0 3
