0 0 12 1 0 14 0 15 0 4 16 7 9 8 0 10
15 16 8 7 5 9 10 0 0 0 6 0 2 0 14 11
0 0 0 0 0 0 7 12 0 15 14 10 0 0 4 16
0 14 4 6 2 16 0 0 0 1 8 0 3 12 15 7
1 3 14 15 0 4 0 0 0 9 5 16 11 7 0 0
5 6 16 12 9 0 0 0 3 14 7 13 0 0 0 4
0 0 10 0 0 12 5 6 15 0 1 2 0 3 0 9
13 2 11 9 0 3 15 0 0 6 4 8 12 0 0 14
0 0 6 8 16 0 0 3 7 0 9 5 0 0 0 12
12 0 0 0 13 15 0 0 6 16 10 0 1 0 7 0
0 0 7 0 11 5 0 0 0 0 0 0 0 9 6 0
9 10 13 0 0 7 4 0 1 3 0 11 14 0 5 8
0 9 15 10 4 11 3 0 0 8 13 1 7 0 12 5
16 8 3 5 15 0 0 0 14 10 2 0 4 0 9 0
7 12 2 13 0 0 0 9 0 5 11 0 0 14 3 1
0 0 0 0 0 0 2 0 0 7 3 6 8 16 0 15
