0 0 15 0 0 5 13 0 0 11 7 0 0 6 4 2
0 5 9 14 2 6 16 3 4 0 13 0 8 0 0 15
0 12 4 10 11 0 0 8 15 0 2 9 5 3 0 1
0 6 13 0 4 1 15 10 0 0 3 0 12 0 0 9
0 9 7 0 0 0 11 0 8 15 6 12 0 2 5 0
5 1 12 15 8 0 0 9 0 0 10 2 6 0 0 4
10 0 0 6 13 0 12 7 0 4 16 0 0 0 9 0
0 8 14 0 10 0 5 6 0 9 0 0 0 15 0 0
2 13 0 0 14 11 10 15 0 8 9 0 16 0 0 3
0 15 16 12 0 13 0 2 1 0 0 0 0 9 8 10
9 0 3 4 6 0 8 16 0 2 0 13 7 5 0 0
8 14 11 7 5 3 9 1 0 0 12 0 0 13 2 6
0 2 0 9 16 8 0 0 0 5 14 0 4 0 3 0
12 7 0 0 15 0 6 5 2 13 0 0 1 14 0 0
0 0 0 11 3 0 0 13 9 1 8 6 2 0 15 5
0 4 5 1 12 0 2 0 7 0 0 0 9 0 6 13
