1 4 6 10 3 15 0 2 0 0 0 0 11 16 7 0
0 8 0 12 0 10 6 7 4 16 2 1 0 13 0 0
0 0 0 0 4 0 0 16 0 6 0 0 0 8 0 9
16 0 0 0 12 0 0 0 7 11 0 0 0 0 0 0
2 11 14 15 0 12 4 3 0 10 7 8 6 1 9 5
7 10 4 6 16 2 0 0 3 13 1 12 0 15 8 0
0 12 0 1 0 8 11 0 2 0 6 9 16 0 3 7
0 0 0 0 7 6 1 0 11 4 0 5 13 10 0 0
4 13 0 0 0 16 0 6 0 1 3 7 5 14 0 8
10 0 15 0 5 0 7 1 8 2 4 13 12 9 6 16
14 5 0 2 8 0 15 4 0 0 0 11 0 7 13 10
8 6 1 7 0 0 12 9 14 0 0 16 0 2 0 3
0 16 0 4 15 7 3 12 0 8 13 2 9 0 0 0
12 0 2 3 0 9 0 14 0 7 0 0 8 5 10 13
0 0 0 8 0 0 10 13 0 14 0 15 7 0 0 0
0 7 0 14 0 5 0 0 0 3 0 6 0 12 4 15
