0 13 0 0 5 0 10 1 16 0 0 8 4 9 0 7
9 14 15 0 4 0 0 7 0 5 12 0 0 0 2 11
11 4 5 3 16 9 8 12 0 0 10 7 0 6 1 13
1 8 0 7 11 2 14 15 0 13 0 6 16 12 0 0
0 9 12 0 10 1 0 3 0 2 16 0 0 0 0 8
0 2 13 0 12 0 5 0 8 7 1 0 9 3 4 6
0 0 7 0 0 11 6 4 9 0 3 0 5 0 15 10
6 0 0 0 8 0 7 0 5 10 14 15 0 1 0 0
4 0 0 0 9 10 0 0 7 3 0 0 0 0 8 1
10 11 8 0 0 5 4 0 12 1 0 0 0 7 3 2
13 7 16 1 3 0 0 2 0 6 8 10 0 5 9 0
2 12 3 0 0 8 1 6 11 0 0 0 0 16 13 14
0 5 0 13 0 0 3 10 1 0 4 0 0 2 6 0
7 16 2 0 13 14 9 5 10 0 6 3 1 8 0 15
0 0 0 6 0 12 0 11 13 8 0 2 0 0 0 5
0 0 1 0 0 0 2 8 0 0 5 0 7 13 0 0
