0 0 0 0 1 7 2 8 0 9 16 15 13 0 0 0
0 0 3 0 12 13 0 0 0 10 7 5 9 16 1 0
0 12 0 7 5 4 9 0 0 0 0 0 0 3 0 11
0 0 0 16 10 14 6 3 13 12 0 11 0 0 2 7
0 3 16 0 9 0 4 7 2 1 15 12 6 0 0 8
0 7 5 0 2 1 10 0 16 3 0 13 0 0 9 0
0 2 12 0 8 0 16 11 5 0 10 6 4 0 3 0
0 0 14 1 6 0 0 12 0 4 11 0 2 0 0 0
3 16 0 0 0 0 14 6 10 13 0 0 1 15 0 0
12 9 0 13 4 10 5 0 7 0 1 0 0 6 8 14
0 1 11 0 0 16 3 0 12 0 2 8 7 10 0 13
7 10 0 4 13 8 12 0 0 15 0 14 3 2 0 0
16 5 8 0 3 6 0 13 4 11 12 0 14 9 0 10
2 0 0 10 0 12 0 5 6 7 0 0 0 1 11 0
0 0 1 12 14 0 7 0 15 8 3 10 16 13 0 2
9 14 0 3 11 2 0 0 0 5 0 16 15 0 6 0
