13 0 0 1 0 5 10 15 14 0 4 11 8 0 9 12
4 3 0 0 0 6 13 1 5 9 8 0 0 7 10 2
0 8 0 12 0 14 7 9 1 0 10 0 11 13 0 5
0 5 0 10 3 8 11 12 13 0 0 2 6 14 1 4
15 10 12 0 14 16 0 0 9 11 2 0 7 0 5 0
3 0 9 0 0 0 8 0 0 10 5 6 0 12 14 16
0 0 0 6 9 7 5 4 16 0 12 0 0 0 15 11
14 11 5 16 15 10 12 2 8 0 0 0 1 0 13 9
0 1 11 5 6 9 0 8 0 15 0 10 0 0 7 0
7 14 4 0 0 0 0 5 0 13 16 0 0 0 0 10
0 0 0 0 0 0 2 0 0 12 0 7 5 16 6 14
6 0 0 0 0 0 14 0 2 0 1 0 12 0 0 15
11 12 7 0 8 0 6 0 10 1 13 9 0 0 2 0
0 9 0 14 13 12 0 0 0 0 0 0 0 0 8 0
16 15 13 8 5 0 1 7 0 2 11 14 10 0 12 6
5 6 0 3 0 2 9 0 12 8 0 16 13 0 0 0
