0 0 1 0 0 14 7 0 8 0 13 0 6 11 0 9
16 11 0 7 9 15 10 13 2 0 6 14 1 5 0 4
15 10 0 5 1 11 0 2 12 16 0 9 3 0 13 0
0 0 6 13 0 8 3 4 15 0 0 11 16 2 0 0
14 6 13 1 0 0 12 9 0 7 2 10 8 0 0 15
0 2 0 0 0 6 14 0 1 0 3 0 4 7 0 10
10 0 12 3 0 0 0 7 16 0 0 15 0 1 0 0
4 0 0 16 0 1 13 15 9 0 0 0 12 0 0 2
3 0 10 6 7 4 1 12 0 9 0 0 0 0 16 0
0 13 4 14 8 0 15 11 10 0 0 3 7 12 6 5
0 16 2 0 13 0 0 0 6 4 0 7 0 15 8 3
0 15 0 8 3 0 2 0 5 12 14 13 10 9 4 1
13 1 16 0 0 0 11 0 7 15 10 0 0 0 3 0
0 14 0 12 6 13 4 0 0 5 8 0 0 0 7 16
5 8 0 15 0 0 0 10 0 6 0 0 0 4 0 11
0 4 7 10 15 0 0 3 14 0 9 0 5 0 2 0
