9 0 0 5 0 0 0 2 0 10 13 0 12 15 0 11
0 12 10 0 9 0 5 0 6 0 0 8 16 1 0 7
0 13 3 1 0 0 0 8 11 7 12 0 0 6 5 0
7 0 4 16 0 0 0 0 0 2 0 0 9 14 3 8
5 0 16 3 11 13 1 0 14 12 6 15 0 10 2 4
13 0 0 0 15 0 6 0 10 11 5 4 1 3 16 0
10 4 15 0 0 3 0 12 2 13 8 1 7 11 0 0
11 1 0 0 8 0 0 4 7 0 0 0 0 5 0 0
0 3 0 13 0 14 11 1 15 16 10 6 0 9 0 0
6 0 14 10 13 4 8 5 9 1 11 0 3 12 7 0
0 5 0 4 0 0 9 15 8 3 7 13 14 2 0 0
8 2 0 0 3 0 10 16 5 0 0 12 0 0 6 15
0 10 6 15 0 5 0 9 12 8 16 0 13 4 1 3
0 16 0 0 4 0 12 0 0 15 1 0 0 0 14 0
4 14 0 0 1 0 0 0 3 6 0 0 0 0 0 2
0 0 9 12 10 8 3 0 4 0 0 14 15 0 11 6
