16 6 14 0 0 0 12 0 0 10 8 0 7 0 13 11
0 15 1 13 0 0 3 0 0 6 12 0 0 8 5 0
0 7 8 3 0 16 5 10 14 2 0 11 12 4 0 15
11 0 2 12 0 0 13 8 0 15 7 5 0 0 6 10
0 0 7 0 1 0 10 0 5 13 0 0 0 14 0 2
0 0 13 0 8 14 0 16 0 7 2 3 0 0 0 0
5 16 15 0 12 13 0 0 0 0 11 0 0 9 3 0
0 8 3 0 4 0 11 0 10 0 1 15 16 0 7 0
12 5 6 15 0 0 14 9 13 11 3 1 0 7 0 8
3 13 0 1 5 4 7 11 8 0 10 0 0 0 12 0
4 0 9 11 13 8 15 0 12 5 14 0 1 10 16 3
8 0 10 0 0 0 0 0 15 4 16 6 11 5 9 0
0 1 0 0 0 5 0 0 9 3 0 12 13 6 8 0
13 0 5 0 11 12 2 0 7 14 6 10 0 1 0 16
15 0 0 0 9 7 0 0 11 0 5 0 0 3 14 0
0 0 12 14 0 6 8 1 2 16 4 0 0 11 10 0
