5 8 15 11 0 0 6 2 0 14 7 12 0 0 0 0
0 1 0 0 4 0 0 14 0 0 16 3 8 11 15 12
0 3 10 16 0 9 11 5 6 0 15 4 7 1 0 0
4 7 9 0 12 0 16 15 0 11 0 10 3 5 2 0
0 11 0 8 6 4 7 1 15 12 10 0 9 0 13 5
0 0 5 6 11 0 12 0 7 8 1 9 16 4 3 0
0 12 1 0 0 10 3 9 13 0 0 0 0 0 8 15
9 13 0 0 5 16 0 0 4 0 0 11 6 0 1 10
6 0 3 0 0 13 2 0 14 15 0 5 10 0 4 1
11 0 0 7 0 0 0 0 0 10 0 0 0 0 5 9
0 0 8 5 16 6 9 12 11 1 4 2 14 0 0 0
15 0 14 1 10 0 0 4 0 7 3 0 12 2 0 0
1 0 11 0 0 0 4 0 10 0 14 0 15 9 0 8
8 0 12 0 9 0 0 7 3 4 0 6 5 13 0 0
14 4 0 0 15 12 0 0 9 0 0 0 0 0 11 7
0 5 13 0 0 11 8 6 2 0 12 15 0 3 10 4
