14 9 12 0 1 0 0 0 0 16 5 8 0 0 0 4
0 13 7 11 4 0 14 6 0 0 12 0 10 3 16 8
0 0 16 4 0 8 13 7 0 11 0 15 12 0 9 2
6 3 2 8 16 12 9 0 7 4 10 14 0 0 13 15
0 4 14 0 3 5 7 16 0 0 0 0 0 0 0 0
0 5 0 0 0 0 1 0 0 12 0 4 15 7 0 14
11 8 15 12 0 14 4 13 6 0 0 0 16 9 0 3
13 0 10 7 6 0 15 12 0 5 14 3 4 8 2 0
4 0 0 14 0 0 0 10 0 8 3 11 9 0 0 7
10 11 6 0 0 3 2 1 9 14 16 12 8 4 0 13
16 0 8 3 15 4 11 9 0 0 1 0 14 2 12 10
15 12 0 0 0 0 0 0 0 7 2 0 11 0 3 16
12 14 4 0 2 11 16 5 0 10 9 0 0 0 0 0
8 6 0 0 0 0 0 3 0 2 0 16 0 12 4 0
0 16 11 2 13 1 0 15 0 6 0 0 7 10 0 0
0 15 1 10 0 0 12 0 14 0 0 13 2 0 0 0
