0 0 0 14 9 7 13 4 0 5 3 1 0 10 16 0
12 3 1 4 5 0 0 0 0 14 0 10 0 9 0 11
0 0 13 0 0 14 12 15 11 0 4 6 1 8 2 0
8 7 10 0 3 2 1 11 0 0 13 12 6 4 5 0
0 1 12 0 8 4 7 2 6 9 14 15 0 3 10 5
3 6 4 9 0 10 0 0 16 0 0 5 0 1 0 0
10 0 0 2 16 11 0 1 0 4 12 0 0 6 9 15
0 5 15 16 6 13 0 9 2 0 0 0 0 0 12 4
2 0 3 10 4 5 0 6 7 13 8 0 12 0 0 0
5 16 7 1 0 0 11 0 0 6 9 0 14 15 0 0
9 0 0 12 0 1 15 0 5 0 0 2 0 0 6 8
0 0 0 0 14 0 9 10 1 15 0 3 5 2 4 7
4 12 2 0 11 0 0 3 13 1 0 0 0 0 0 0
15 10 0 11 1 9 2 7 14 12 5 0 4 0 0 0
0 0 0 0 12 0 6 5 0 2 11 16 0 7 0 0
0 0 0 7 0 0 4 14 10 0 6 9 11 0 0 0
