0 0 13 0 0 4 5 9 6 16 12 0 15 1 7 2
4 1 0 3 15 16 0 0 0 0 7 13 0 14 6 0
12 0 15 16 6 7 14 0 0 0 2 3 8 0 13 0
0 0 5 7 13 8 12 10 0 11 0 0 0 16 0 4
0 2 0 12 1 10 8 13 0 0 4 7 3 15 0 0
3 13 1 0 11 0 0 7 5 15 16 0 4 9 10 0
0 10 0 0 16 0 0 3 0 0 11 1 5 2 0 6
0 0 0 9 0 0 4 6 0 3 10 2 0 0 0 0
0 0 0 5 14 0 1 8 0 2 3 4 0 0 0 10
0 12 6 14 10 0 3 0 0 8 0 5 13 4 2 15
11 0 0 1 2 0 7 0 0 12 0 15 6 5 0 9
0 4 2 0 0 12 9 15 11 10 0 0 7 3 14 0
0 16 14 0 0 15 13 0 2 7 0 0 0 6 9 3
9 5 4 0 8 1 16 0 3 14 0 10 2 7 15 0
1 0 12 2 0 0 0 14 0 4 15 0 0 0 0 0
6 7 0 15 9 2 0 5 0 1 8 0 14 0 4 13
