11 2 4 8 0 13 5 1 0 16 12 14 9 7 15 0
3 0 6 0 9 0 16 11 4 0 8 10 0 0 0 12
0 16 0 0 8 0 6 0 9 15 11 1 4 3 0 0
7 0 9 0 0 15 4 0 0 2 0 5 0 8 16 6
0 11 0 0 0 9 7 0 0 3 15 0 0 0 4 16
5 13 8 0 0 1 11 3 16 0 14 4 7 2 0 9
4 9 0 0 0 5 8 0 0 0 0 12 15 1 3 0
0 0 0 6 2 4 0 0 5 0 0 7 10 0 0 8
12 7 16 9 4 0 0 2 0 1 5 6 13 10 0 0
0 0 0 4 16 12 0 0 15 0 3 8 0 9 0 7
0 8 0 0 0 0 15 0 0 0 10 16 2 0 5 4
0 0 0 0 7 10 14 8 2 13 4 9 0 0 0 0
1 0 7 3 5 0 9 13 0 14 16 0 12 6 11 0
0 14 11 10 12 0 1 0 13 0 6 0 16 0 9 0
0 12 2 16 14 3 10 0 1 0 9 11 8 0 0 0
9 5 13 0 11 16 0 6 0 0 7 3 14 4 10 1
