7 0 6 12 8 3 15 4 14 0 0 0 0 0 0 0
2 14 1 9 0 0 16 0 12 15 4 0 0 0 10 3
11 8 13 5 10 0 0 0 7 0 6 0 12 4 0 15
15 3 4 10 13 0 0 12 0 2 11 5 0 6 0 9
6 10 8 15 0 0 13 11 0 0 1 2 5 0 0 12
4 0 11 0 14 5 0 0 0 6 7 15 8 16 0 0
16 0 14 13 0 10 0 8 11 9 5 12 2 15 6 4
0 0 12 0 15 0 0 16 0 0 0 0 0 10 3 0
0 15 0 0 6 16 9 7 1 0 12 11 0 0 0 8
12 0 0 16 3 15 10 0 0 8 2 7 6 0 0 0
3 0 0 0 5 0 11 1 15 0 14 16 0 0 12 10
9 0 0 0 2 12 8 14 4 10 3 6 15 5 0 0
13 2 15 0 0 0 14 10 0 0 0 0 4 3 0 0
10 1 16 6 12 11 4 3 5 7 0 9 0 13 8 0
8 0 0 14 0 13 0 0 0 0 0 4 16 9 0 1
5 0 9 0 16 0 0 15 3 14 13 0 10 0 0 6
