0 10 0 16 13 2 3 8 11 14 15 0 0 0 1 9
0 1 7 14 6 4 12 0 0 2 16 5 8 0 13 0
3 9 8 0 1 5 0 0 0 6 0 10 0 0 0 0
15 5 13 2 14 10 0 7 0 1 9 0 0 0 0 0
0 0 0 0 0 14 0 0 13 15 10 12 0 0 5 4
6 4 3 0 7 0 15 13 0 0 0 8 10 0 16 1
0 13 11 0 0 0 9 4 0 16 1 0 7 12 0 2
1 0 15 0 5 16 10 2 0 0 14 6 11 0 0 13
0 0 14 1 16 11 4 0 0 0 6 9 0 13 0 5
0 0 5 6 10 0 0 0 14 0 4 0 0 0 0 8
0 0 0 0 12 13 14 6 2 5 7 16 9 1 0 11
0 0 2 9 0 8 0 5 0 13 12 1 14 0 4 3
0 16 0 3 4 15 8 12 0 10 0 13 2 0 0 14
0 6 12 8 0 0 13 14 4 9 0 15 1 10 11 0
0 15 10 13 11 1 0 0 6 7 0 14 0 3 9 0
4 0 0 11 9 0 6 0 0 0 5 2 13 7 0 15
