0 4 3 11 0 15 6 0 5 14 13 0 0 16 12 2
1 9 0 13 0 4 11 0 10 2 0 0 0 7 0 8
0 0 12 0 5 9 0 0 7 0 0 16 10 13 0 0
0 5 16 0 0 13 12 0 15 0 3 8 11 4 0 0
0 3 0 0 0 5 4 15 1 0 2 12 16 8 0 7
10 0 1 5 7 0 9 12 0 0 0 0 0 0 0 0
4 12 14 7 0 2 0 6 0 0 0 0 15 1 9 13
8 6 0 15 1 0 13 0 0 7 0 0 0 3 4 0
15 13 8 0 0 16 2 5 14 10 1 7 4 0 0 3
0 14 11 0 0 6 3 8 9 0 0 13 5 0 7 1
9 0 10 3 4 14 0 0 0 0 0 2 13 15 0 16
2 7 5 0 0 1 15 0 3 8 0 4 14 0 6 10
5 11 0 0 0 8 10 13 0 0 0 0 0 6 0 12
3 10 0 14 0 12 16 0 0 0 6 0 0 11 13 0
16 15 0 12 6 11 0 1 0 13 7 10 8 5 3 9
13 0 6 0 9 0 5 4 0 0 16 11 0 10 15 14
