3 9 0 8 2 0 0 0 0 14 6 10 16 12 11 0
0 0 12 0 7 6 0 0 9 0 13 0 4 0 1 0
0 13 4 14 12 9 11 0 0 0 15 8 6 0 0 0
0 0 5 6 0 4 15 0 12 11 0 7 13 2 0 8
5 0 13 7 16 12 14 2 1 0 0 4 9 15 0 0
0 11 14 10 4 0 13 0 3 12 0 6 0 16 2 0
0 1 0 0 3 10 6 0 0 0 0 0 5 4 14 11
16 0 3 0 0 0 7 0 0 5 2 14 12 6 13 10
8 0 0 0 13 0 4 11 10 15 1 2 3 0 6 12
4 0 0 11 0 5 0 0 14 3 0 0 2 1 15 13
13 0 1 3 8 2 10 0 6 9 4 12 11 0 0 7
0 0 0 0 15 0 0 1 0 0 0 11 0 0 0 4
0 0 15 0 0 0 0 7 11 0 12 0 0 0 3 16
14 0 2 0 0 0 12 8 0 13 16 0 10 0 4 6
6 5 11 16 9 13 1 4 7 0 10 3 15 14 12 0
7 0 0 0 10 16 3 6 2 4 0 0 0 11 5 9
