4 14 8 2 16 13 0 0 1 0 3 15 0 10 0 6
12 6 3 0 1 8 15 7 0 16 0 0 0 9 13 0
0 0 11 0 0 2 14 6 5 8 0 0 16 1 15 12
0 15 0 16 0 5 10 11 0 0 0 7 8 2 3 0
7 0 0 9 0 14 11 16 0 0 0 13 0 0 8 2
15 11 0 0 0 6 8 4 9 10 1 0 13 0 12 7
0 1 0 0 0 3 0 12 8 15 16 2 9 0 4 11
0 5 0 12 0 1 9 0 6 4 0 11 10 0 0 15
5 13 0 10 7 11 16 3 14 6 9 0 2 0 0 0
2 7 0 1 0 15 13 8 10 0 0 16 0 11 0 0
16 3 12 0 6 4 1 10 0 0 0 0 14 0 0 0
14 0 4 0 9 12 0 0 0 0 11 1 15 7 16 10
10 2 6 15 0 0 5 1 4 0 13 12 3 8 0 16
0 12 7 14 8 10 4 13 16 0 0 0 0 0 11 1
0 16 13 0 2 9 6 0 0 7 0 0 12 0 0 0
0 9 0 8 0 0 3 0 0 0 10 6 0 0 0 0
