0 0 16 0 0 4 8 0 0 11 1 5 0 12 7 2
0 0 0 0 15 14 11 0 16 0 7 0 5 0 0 13
12 14 0 5 0 0 0 7 2 6 0 0 1 11 16 0
7 11 4 0 2 16 5 0 0 0 15 14 6 0 0 3
5 8 0 11 12 10 0 13 3 0 14 0 7 15 4 9
2 0 3 0 8 0 1 14 0 0 9 0 16 5 0 0
15 0 13 10 0 6 4 0 12 5 11 7 3 1 14 8
4 12 9 14 0 0 3 0 1 16 10 0 13 0 11 0
0 0 0 12 10 0 0 6 0 0 0 0 0 0 3 16
0 0 14 15 11 12 2 0 0 0 16 0 8 13 5 7
0 0 0 16 5 0 0 0 15 0 0 2 4 14 1 11
3 5 0 0 16 0 15 9 7 0 13 11 0 6 0 12
0 0 11 9 0 0 6 0 10 13 2 0 12 7 8 0
16 0 5 0 1 9 12 0 14 7 0 15 11 0 0 0
8 4 0 13 14 0 7 16 11 1 0 12 9 10 6 0
6 0 12 0 3 13 0 11 0 8 4 9 0 0 0 14
