6 4 16 0 2 14 7 0 8 0 0 3 0 1 13 11
14 13 0 0 0 0 15 4 1 11 6 16 10 9 0 0
12 0 0 9 10 0 0 3 5 2 0 0 0 0 14 0
8 0 0 7 16 1 0 0 0 9 0 14 0 6 3 15
2 10 4 0 9 0 16 0 6 0 0 5 7 15 0 0
15 8 1 5 0 10 11 14 0 16 0 7 9 4 0 3
16 9 12 13 7 8 0 15 11 1 0 0 0 0 10 5
0 0 0 11 0 0 13 12 9 14 0 15 16 0 1 2
0 16 10 0 0 13 8 0 0 0 11 0 1 3 0 0
11 2 14 1 0 9 5 6 3 0 16 8 15 0 0 7
9 7 0 6 15 0 0 11 0 0 0 0 0 12 8 0
13 12 8 4 3 2 14 10 15 7 0 1 11 0 6 16
0 0 0 0 11 0 0 5 0 0 0 0 14 0 16 10
1 0 0 16 13 0 4 0 7 10 14 9 0 0 0 6
4 15 7 0 14 6 10 2 0 3 0 11 8 13 0 0
0 14 9 0 1 7 0 0 0 8 0 6 12 0 0 0
