5 4 0 0 0 0 2 13 1 0 7 10 0 11 3 12
0 2 0 1 0 0 6 0 12 16 0 3 9 0 0 15
0 10 0 0 0 12 1 16 11 0 5 2 0 4 7 0
3 0 12 7 14 11 15 0 4 0 0 0 16 1 0 0
16 11 0 10 0 1 12 2 3 0 4 15 0 5 6 14
13 0 5 0 0 0 0 7 0 14 1 0 4 12 10 16
0 7 0 3 10 14 4 15 9 0 11 16 0 13 1 8
0 0 0 0 0 0 16 0 0 12 10 8 0 0 11 0
0 5 0 8 2 0 0 0 0 1 0 9 12 0 14 0
15 12 11 0 0 6 8 0 5 10 2 7 0 16 0 4
0 0 0 0 0 10 0 14 0 8 12 0 0 7 9 0
9 1 2 13 0 0 0 12 14 3 15 4 10 0 0 5
0 0 14 0 5 0 0 0 0 4 13 12 6 0 15 9
6 9 10 5 0 4 0 11 15 7 0 1 8 2 12 13
2 15 1 0 6 9 13 3 8 0 0 0 0 10 4 7
0 13 0 0 0 15 10 8 6 0 0 5 11 0 16 1
