7 0 0 12 0 0 0 0 0 6 13 9 11 15 8 10
0 0 11 0 0 10 1 8 4 0 16 2 6 0 12 7
15 0 0 0 0 12 6 9 0 0 0 5 13 2 4 0
0 0 0 9 0 0 13 4 0 12 15 11 0 5 16 1
11 15 16 8 0 0 0 0 7 9 2 10 3 4 1 5
12 14 5 0 0 1 0 0 11 0 8 6 0 16 0 13
0 2 3 0 0 0 0 0 5 16 0 13 8 11 14 0
0 4 0 0 16 0 5 0 12 3 14 15 0 10 6 2
3 13 15 16 0 11 0 12 0 7 0 0 0 14 2 6
14 10 9 0 0 0 7 15 6 2 12 3 5 8 11 16
6 5 0 2 0 3 10 0 0 13 11 16 1 7 0 0
4 7 8 11 6 0 2 1 0 0 5 14 0 13 0 15
0 9 6 0 0 15 11 16 13 8 10 12 0 3 0 14
0 8 7 3 0 0 4 0 0 0 0 1 15 0 0 0
2 12 0 0 1 0 0 0 16 0 0 7 0 6 10 0
0 0 13 10 0 0 0 0 0 15 0 0 16 1 7 8
