13 0 3 0 0 0 0 9 0 6 8 12 0 0 0 14
0 0 12 8 10 0 0 4 0 13 5 2 6 0 15 16
16 10 0 7 0 5 0 0 9 3 0 14 0 0 11 13
11 4 0 5 13 0 6 0 0 15 7 16 0 0 0 0
0 3 1 0 12 0 0 10 15 5 2 8 0 0 0 4
12 2 0 13 0 0 0 1 14 0 11 9 15 3 0 8
15 11 8 4 0 14 5 16 6 12 0 7 13 0 2 1
7 0 5 9 2 15 8 0 0 1 0 0 0 14 12 11
0 12 0 15 5 1 10 0 16 8 0 11 0 4 3 0
0 16 4 14 0 9 3 2 12 0 0 0 0 5 0 0
0 0 11 3 14 16 4 13 2 7 0 6 0 15 0 0
8 0 0 10 0 0 0 11 0 4 0 0 0 0 0 6
3 13 0 12 0 6 2 0 0 0 0 15 8 11 9 0
10 14 2 0 0 8 0 0 3 9 16 4 0 13 1 5
4 8 9 11 16 0 0 14 0 2 12 5 0 0 7 0
0 7 15 1 0 13 9 0 0 11 6 0 4 16 14 2
