9 0 0 1 6 5 4 12 0 0 16 8 13 0 10 14
0 0 0 15 0 0 0 13 0 3 10 7 0 0 0 5
0 4 2 0 11 9 0 16 14 1 12 6 0 8 0 0
14 8 10 16 15 7 3 0 5 0 2 4 0 9 12 11
0 13 0 11 14 8 12 10 1 4 7 3 2 0 0 9
4 1 12 0 3 15 6 0 13 16 8 0 0 0 0 7
7 14 0 2 5 0 11 4 6 0 15 0 0 0 3 0
0 0 0 6 7 0 1 0 2 0 5 0 8 0 4 0
6 16 0 12 0 0 0 15 3 8 0 0 0 13 1 2
10 0 0 0 0 0 16 8 0 0 1 0 11 3 15 0
11 0 3 4 9 1 13 5 0 10 6 0 0 0 14 8
1 0 15 0 0 0 0 3 12 0 0 13 16 5 9 0
16 0 1 7 0 4 0 14 8 6 0 2 0 11 5 10
8 0 14 10 1 0 0 11 4 0 13 15 0 6 0 0
13 0 6 0 16 0 2 7 0 5 9 1 0 0 0 0
0 0 4 0 0 10 9 6 0 12 0 14 3 7 0 1
