0 14 3 0 6 10 12 7 11 0 15 0 4 1 13 16
10 0 7 0 0 8 11 16 6 0 1 9 5 0 0 0
0 0 0 16 0 14 2 0 4 0 0 0 0 0 10 0
0 0 15 0 0 3 0 9 16 0 0 7 11 0 6 0
5 0 0 0 0 7 9 0 0 15 6 0 1 10 0 14
0 0 9 3 10 12 1 11 7 0 14 0 16 5 15 13
13 7 1 11 16 4 0 14 0 9 0 0 2 0 0 0
15 0 14 0 2 5 0 8 13 11 0 0 7 9 0 4
3 15 12 5 14 1 4 2 10 0 11 8 13 6 7 0
0 0 8 14 12 0 10 6 2 4 13 15 3 0 0 5
0 10 0 6 0 15 0 0 1 0 0 0 8 0 0 0
0 1 4 13 7 0 0 0 0 6 9 0 15 14 16 0
16 0 6 0 0 0 7 0 15 0 4 3 14 13 9 0
12 3 2 0 9 16 0 10 5 13 7 11 6 4 0 1
14 11 10 7 0 0 0 4 9 8 2 6 0 16 5 0
0 0 0 0 0 6 0 0 0 1 12 0 10 7 0 3
