5 16 0 11 1 15 0 7 0 12 0 8 10 0 6 13
0 1 0 13 0 0 3 5 4 0 15 16 7 0 0 0
3 14 9 0 0 16 8 13 10 7 6 0 2 4 5 15
0 15 7 2 9 0 4 6 0 0 0 5 1 0 11 16
12 2 13 0 0 0 7 9 16 15 0 0 0 0 0 14
0 5 14 0 13 11 0 10 0 0 12 9 3 7 2 0
10 8 11 9 12 4 0 3 0 2 0 14 5 0 15 6
4 7 3 1 15 14 0 2 11 0 0 10 13 0 9 0
0 0 16 4 0 13 0 0 0 9 10 0 0 0 7 5
2 12 15 0 0 6 10 4 0 0 0 11 0 8 0 0
9 10 8 0 5 0 2 0 0 0 0 7 0 0 0 11
0 0 5 3 7 0 0 11 1 8 14 12 16 2 0 0
7 13 0 0 4 2 9 14 0 10 0 15 0 0 0 0
0 0 0 0 0 8 0 0 3 0 7 13 12 0 16 4
11 3 6 8 0 7 0 0 12 0 9 4 15 0 0 2
0 4 1 0 16 0 5 12 14 0 11 2 8 9 0 0
