0 8 0 9 0 7 2 0 12 10 0 0 0 16 4 1
0 0 14 12 0 0 8 13 0 7 2 11 6 10 9 3
0 0 0 0 0 15 9 16 0 13 8 14 2 0 12 0
5 2 7 16 0 12 10 0 0 0 4 1 0 11 8 0
0 0 0 0 0 2 0 14 1 0 0 10 0 0 3 0
16 3 0 2 11 0 5 7 0 0 12 0 0 4 0 10
14 1 0 5 9 10 0 0 15 0 13 2 12 7 16 0
0 9 0 6 16 4 0 12 0 3 0 0 8 0 14 0
9 13 16 0 12 0 0 0 10 0 0 0 3 1 11 0
8 0 0 14 13 0 0 0 0 0 0 15 0 0 0 4
12 6 0 7 5 1 16 0 11 9 14 0 10 15 0 0
11 4 2 0 0 3 0 6 0 1 7 0 0 0 0 12
15 14 4 11 3 16 0 1 8 5 10 0 0 12 2 9
1 10 0 8 0 6 14 9 7 11 16 0 0 0 15 13
0 7 9 3 10 0 12 15 4 0 1 13 5 0 6 16
0 16 12 13 7 0 0 5 3 2 15 9 1 14 0 0
