0 15 7 9 3 13 2 16 0 10 12 8 14 0 11 0
13 12 14 0 0 0 1 0 5 9 16 3 0 15 6 10
0 0 6 8 0 9 15 0 0 0 1 0 16 13 12 0
0 10 3 4 0 0 6 14 11 7 0 0 0 0 0 0
0 0 15 1 6 7 16 0 0 8 2 12 4 0 0 9
6 7 10 13 0 0 0 0 16 1 0 9 15 0 8 0
2 0 8 3 0 1 0 13 0 0 0 0 5 0 14 0
0 11 0 0 0 0 0 3 0 13 5 7 1 6 10 2
8 13 0 14 15 6 12 2 3 0 0 10 9 0 4 16
9 16 1 0 0 0 11 0 0 15 0 5 0 0 7 0
0 0 0 6 1 5 0 0 9 0 13 0 0 14 0 15
0 3 2 15 4 16 0 9 1 12 0 14 11 0 5 8
3 0 13 0 16 2 5 0 0 0 0 0 0 9 15 14
12 1 0 11 0 0 0 6 0 5 0 16 3 4 2 13
14 0 4 0 13 10 0 15 0 2 9 0 6 0 16 11
15 2 0 10 11 0 9 12 0 3 14 0 8 7 1 0
