0 16 0 9 3 0 0 7 0 0 0 13 0 12 0 1
6 5 0 13 0 0 0 0 0 11 2 0 10 9 3 0
7 8 3 0 16 12 0 11 9 6 1 0 13 15 14 2
0 0 11 0 9 0 1 13 3 8 0 0 0 0 0 4
16 0 8 0 6 11 2 10 5 14 0 9 0 0 1 0
0 11 10 0 8 9 7 16 0 12 15 0 0 0 0 13
0 0 9 0 1 15 0 14 13 0 8 16 0 0 4 0
1 12 0 0 0 3 13 4 0 10 7 11 9 0 8 0
11 1 12 0 0 10 0 0 0 4 0 5 0 0 13 6
3 0 0 16 0 14 0 5 0 0 12 1 4 0 0 8
0 4 13 0 2 0 0 12 10 15 6 8 0 11 16 5
8 10 7 0 13 0 0 6 11 0 3 14 0 0 12 15
0 3 16 0 15 7 0 2 14 1 13 6 0 0 10 0
0 7 14 11 12 5 6 0 4 16 0 15 0 13 2 3
0 9 0 1 14 0 4 3 0 0 11 0 0 8 15 16
0 15 0 6 10 0 9 0 8 2 5 3 12 0 0 11
