0 5 4 14 8 0 0 0 16 7 0 2 1 6 0 0
11 13 0 0 16 9 12 7 1 0 5 14 0 0 4 0
7 3 1 12 2 10 0 6 11 8 15 4 16 0 0 13
0 9 0 2 4 0 0 0 3 12 0 0 0 0 5 15
14 2 7 0 0 0 0 1 0 11 3 5 8 16 13 9
0 4 11 0 12 0 3 8 0 14 0 0 10 0 0 7
12 0 0 3 15 0 0 9 10 0 0 8 5 4 11 14
8 0 10 5 0 16 14 0 0 0 0 15 0 1 0 0
16 14 8 9 5 7 0 12 0 13 11 3 6 0 0 0
0 7 0 6 0 0 10 4 15 0 8 12 0 0 1 0
15 10 3 11 9 6 16 2 0 5 1 7 0 0 8 0
5 0 0 4 11 15 0 13 6 16 14 0 9 7 3 0
0 0 0 0 7 8 0 0 5 0 0 0 13 9 16 6
4 8 9 0 0 0 0 5 0 0 0 11 3 2 10 0
0 0 0 0 3 14 2 16 8 10 0 9 0 0 0 5
0 15 0 16 1 0 9 10 7 0 13 6 4 0 14 0
