11 9 4 0 13 0 15 0 14 10 7 0 3 16 0 0
0 0 3 0 2 9 0 11 16 15 1 0 0 10 0 4
15 1 10 16 0 4 14 7 11 3 8 5 0 0 0 0
13 0 2 5 0 0 0 0 0 0 4 9 15 0 0 14
0 4 7 0 16 11 0 13 6 12 0 3 14 1 10 9
9 0 0 10 0 12 0 8 1 7 0 11 6 0 2 0
0 2 0 0 6 0 3 14 5 9 16 0 12 0 0 0
12 0 14 3 15 0 0 10 8 0 13 4 0 11 7 0
14 0 0 13 0 0 10 0 0 0 5 0 0 3 9 2
0 16 5 9 3 0 13 0 0 0 10 0 11 6 14 0
0 11 6 0 0 14 4 0 0 16 2 12 8 0 15 13
0 3 0 2 11 5 0 0 13 0 9 14 0 0 16 1
2 13 0 4 14 0 8 0 0 5 12 7 0 15 6 16
16 0 8 0 5 0 12 4 15 13 6 1 9 0 0 0
6 10 0 0 1 0 0 2 9 0 3 16 0 14 5 0
0 5 9 1 0 6 16 15 2 0 0 0 13 0 12 0
