8 0 15 4 16 0 7 0 9 0 10 0 2 13 11 6
0 7 9 13 0 0 0 0 0 16 12 0 8 0 4 0
2 0 12 3 10 5 9 4 0 8 7 0 14 15 1 0
0 0 16 0 8 15 13 6 0 2 3 0 9 0 5 0
13 2 0 8 12 10 11 5 7 6 0 14 0 0 15 1
4 0 0 0 0 0 6 0 16 0 13 10 0 2 0 14
0 0 7 14 15 0 0 0 0 3 1 12 13 10 0 0
0 0 0 0 0 3 16 13 11 4 2 8 5 6 0 7
0 15 0 0 11 0 1 16 3 7 0 13 10 9 6 0
0 5 0 0 0 4 0 0 12 14 15 0 7 1 2 13
1 0 0 16 13 7 2 9 0 0 0 6 0 12 0 15
14 13 10 0 5 0 0 12 0 9 11 2 0 4 3 8
0 0 0 12 0 16 0 0 0 13 0 9 0 5 7 4
16 0 0 9 0 13 0 8 15 12 14 3 1 11 10 2
0 1 13 0 4 2 0 0 0 0 0 7 12 8 16 9
0 8 2 10 0 9 0 0 0 0 0 1 15 0 0 3
