0 0 16 0 0 10 7 0 5 0 0 0 4 9 14 12
0 10 5 3 0 1 14 8 0 0 13 12 0 15 7 11
0 0 7 9 0 0 11 4 0 15 1 0 16 13 2 0
12 0 2 0 9 0 0 16 0 4 14 11 8 1 0 0
16 4 0 1 7 0 2 0 11 13 5 0 0 3 6 9
3 15 0 0 1 4 13 9 14 0 6 16 0 0 10 0
0 0 11 2 0 0 0 3 0 7 12 4 1 16 0 15
10 9 0 0 0 0 0 11 1 8 15 3 2 0 4 14
9 0 0 0 16 11 3 12 8 0 0 5 0 6 1 2
13 3 6 10 5 14 1 0 0 11 16 0 0 7 0 4
11 0 1 0 8 7 4 0 0 6 3 0 0 14 0 16
0 8 14 0 0 9 0 6 0 1 4 7 11 0 0 0
7 0 10 0 0 0 0 0 15 5 0 14 3 8 0 6
15 16 4 14 0 0 8 0 0 0 7 0 0 2 0 1
8 1 0 13 6 0 0 0 3 0 11 0 14 4 12 0
5 0 0 6 0 2 9 0 4 0 8 1 15 10 0 13
