0 10 14 12 3 0 0 8 1 2 7 4 11 0 9 0
4 7 0 0 16 10 5 14 11 0 6 9 0 13 12 3
0 8 11 9 1 0 6 0 0 3 0 0 0 0 0 5
13 6 3 0 9 11 7 0 8 12 16 0 10 14 1 0
1 0 0 4 14 0 16 0 0 0 0 0 6 0 0 10
7 11 12 10 0 5 2 0 15 0 0 16 0 0 13 14
14 9 0 13 10 0 3 0 0 4 0 11 5 0 2 15
0 16 2 5 6 15 0 0 0 14 9 0 3 12 4 11
0 0 16 0 2 0 4 0 0 9 11 0 13 15 5 0
10 5 7 0 0 0 0 0 0 16 8 2 4 0 14 12
6 0 0 0 12 7 8 0 5 0 4 14 0 3 0 2
0 2 0 0 11 3 0 0 0 10 12 15 16 1 0 7
3 0 10 1 7 14 0 0 9 0 0 0 0 0 0 6
11 4 5 16 13 1 0 15 3 0 14 0 2 0 0 9
15 12 9 7 8 2 0 6 0 11 0 0 0 4 0 13
2 14 0 0 5 16 9 3 0 0 0 0 0 7 0 1
