16 10 8 0 5 9 14 7 2 0 13 1 0 6 12 3
0 0 5 6 1 0 3 12 16 8 0 0 0 0 2 15
2 13 0 12 8 0 6 0 9 0 7 0 0 0 10 16
0 3 11 0 16 4 0 10 0 14 0 12 0 7 13 5
12 14 3 0 7 5 4 15 8 13 0 0 16 0 11 6
5 7 0 9 0 0 12 6 0 0 16 11 0 13 14 0
0 0 0 16 11 1 0 3 6 10 0 0 12 0 8 7
8 0 0 0 10 0 13 14 0 9 0 0 4 3 15 2
0 0 6 8 12 0 0 4 0 0 10 0 0 16 0 13
10 0 9 4 3 2 0 16 13 6 0 8 14 0 1 0
3 0 0 2 9 0 1 13 14 0 0 0 7 0 6 4
14 16 7 13 0 11 5 8 0 12 3 0 15 0 9 0
0 0 16 0 0 3 8 0 0 0 0 0 6 10 7 0
0 0 13 7 0 6 0 9 12 0 8 5 2 0 0 14
6 12 0 14 0 7 0 0 10 0 0 0 5 11 4 8
15 8 0 0 0 0 0 5 4 0 0 6 13 1 16 0
