0 8 16 2 0 6 0 10 12 0 13 4 0 0 7 0
0 4 11 1 0 7 0 15 0 16 2 8 0 12 13 6
7 13 14 0 2 5 16 0 0 0 11 0 15 8 1 4
12 3 15 0 4 0 0 13 0 1 7 6 0 5 2 16
2 12 0 15 16 0 9 0 8 11 3 14 0 6 0 1
9 0 10 4 15 3 13 0 1 0 6 0 0 0 0 5
1 7 6 16 0 8 0 0 4 0 15 5 0 0 0 9
0 14 0 3 0 0 0 0 16 10 9 7 0 15 4 11
11 16 9 0 13 2 4 8 15 7 14 10 12 0 6 0
0 10 0 12 0 14 3 1 0 4 5 9 0 11 0 15
3 0 0 0 12 16 11 9 0 8 1 0 0 0 14 10
6 0 2 0 0 0 0 5 0 0 16 12 8 4 0 0
16 5 12 0 0 15 7 2 9 0 10 11 0 14 0 8
14 2 0 0 0 0 6 0 0 5 8 0 0 13 0 0
0 0 0 8 0 13 5 0 3 2 12 15 0 0 11 0
15 9 0 11 0 0 10 0 0 14 4 0 0 0 0 0
