13 0 5 0 0 0 7 10 15 0 8 0 9 1 4 3
1 0 0 16 0 0 8 0 0 6 0 0 5 12 0 0
0 8 7 0 1 0 14 5 2 3 12 0 6 0 11 13
3 14 12 0 0 6 16 0 7 0 13 5 15 10 0 8
0 13 0 7 6 0 2 0 0 5 0 8 0 14 0 15
0 12 0 2 0 0 0 9 16 15 0 11 1 0 13 4
0 9 6 8 15 11 0 0 4 0 0 1 0 0 10 5
11 4 3 15 14 0 10 1 0 7 9 13 0 0 12 0
12 15 0 0 0 0 0 0 0 11 7 4 2 9 0 0
0 7 9 0 3 0 4 0 12 2 0 16 10 13 15 0
0 2 13 11 0 7 0 15 0 0 0 3 12 0 5 14
10 16 4 5 12 2 9 13 1 14 0 6 7 3 0 11
4 5 15 13 9 0 12 0 14 10 11 7 8 0 0 0
7 0 0 14 10 1 0 0 8 0 16 0 13 0 6 9
9 0 8 0 4 16 0 7 5 0 0 2 0 15 3 0
0 0 16 0 8 13 0 0 0 9 0 0 4 11 0 0
