13 0 2 14 0 0 0 0 5 16 6 15 10 0 0 9
0 0 0 4 0 10 9 0 7 0 0 0 5 2 0 0
8 3 10 16 1 0 0 12 2 9 0 11 14 7 6 0
5 7 11 0 16 2 0 15 0 14 3 10 0 4 0 13
11 0 5 0 14 0 16 6 15 4 0 0 0 10 12 0
0 1 0 0 0 3 0 0 9 0 0 0 7 5 16 4
0 0 4 3 9 1 11 0 13 5 7 16 0 8 14 0
16 9 14 0 0 0 10 5 0 0 12 1 0 0 13 2
0 14 8 6 0 0 0 0 0 3 13 0 16 9 5 0
0 5 13 15 8 0 0 4 0 0 0 9 2 6 0 0
0 2 9 12 0 0 13 0 0 6 14 0 11 15 0 3
3 16 0 0 5 0 14 9 10 0 15 2 13 12 4 0
0 0 6 8 10 5 0 0 16 0 0 7 4 13 0 12
7 0 16 10 0 4 0 8 3 0 5 13 0 14 9 0
9 0 12 0 15 0 7 0 4 10 0 6 8 3 2 5
0 4 0 0 13 9 12 11 14 15 0 8 0 0 7 10
