0 2 0 5 15 1 0 13 0 16 0 6 0 3 12 10
0 9 13 0 0 0 2 4 14 0 5 8 7 0 16 6
15 0 12 0 0 14 8 7 3 0 0 4 0 0 9 5
0 10 8 0 12 16 0 0 0 0 0 2 14 0 0 0
9 8 0 14 3 0 0 15 6 0 16 10 0 12 0 7
4 6 10 0 0 12 0 9 0 15 7 13 16 8 0 11
2 11 0 13 16 7 0 8 12 9 0 3 0 10 0 1
7 15 16 12 0 2 13 0 11 0 4 0 9 14 0 3
0 13 3 0 0 5 7 0 9 11 0 14 15 0 0 12
5 0 0 0 0 0 0 11 2 0 0 16 0 0 10 0
11 0 14 1 6 13 0 3 0 10 8 0 0 7 0 9
6 4 0 2 0 8 0 14 0 5 0 7 0 11 1 0
13 1 6 0 7 10 15 0 16 0 2 0 11 0 0 8
0 0 0 16 13 0 3 5 10 7 0 12 0 0 0 0
0 3 7 0 1 6 11 2 8 4 13 5 0 16 0 15
10 0 2 0 8 4 0 0 1 6 0 11 0 9 7 13
