8 14 0 0 5 0 0 0 0 10 0 2 9 15 0 16
11 0 0 6 1 10 0 0 0 8 14 5 0 12 3 0
10 12 1 16 0 8 14 0 6 0 9 15 7 5 0 4
0 5 0 9 0 0 4 15 0 0 7 0 0 14 10 6
1 2 16 7 11 15 0 0 5 0 8 10 0 13 0 3
14 0 0 3 16 1 0 10 0 0 0 12 4 8 0 11
0 0 12 0 9 7 0 0 16 3 13 11 0 0 0 15
0 13 11 8 2 14 0 0 15 9 1 0 0 6 0 10
0 0 10 15 0 0 11 1 13 2 4 6 14 9 0 0
4 0 6 2 14 5 0 9 0 15 12 7 3 1 0 0
0 11 0 1 7 0 15 13 3 0 0 9 0 0 0 8
0 3 9 5 6 4 16 0 0 0 10 8 2 11 0 0
15 0 2 12 0 0 0 7 0 0 11 13 10 0 0 14
0 0 13 4 12 0 3 8 0 6 0 14 0 16 2 0
16 0 0 0 10 13 0 0 9 4 2 3 0 7 8 12
0 7 8 0 0 0 0 6 10 12 5 0 0 4 13 9
