2 8 5 0 0 16 11 0 0 13 0 0 4 9 0 1
0 13 12 0 4 8 1 15 0 3 0 2 14 10 0 7
0 4 1 10 0 0 9 0 0 11 14 5 15 2 0 8
16 14 15 9 0 5 10 3 0 4 0 7 0 0 0 11
0 0 0 14 3 0 5 8 0 0 12 0 9 0 0 16
6 12 0 0 0 0 0 10 5 9 0 11 0 0 8 0
9 0 0 0 11 14 16 0 0 0 0 15 1 6 12 5
5 1 3 15 9 0 0 13 8 0 0 14 2 7 11 0
0 0 9 1 13 4 0 12 16 0 2 0 5 0 7 0
8 0 7 0 0 10 0 16 0 14 0 4 0 1 9 15
0 3 0 0 14 11 7 9 0 1 15 13 0 8 2 4
0 16 14 11 0 2 0 6 0 0 5 9 0 0 13 0
0 9 13 0 10 0 2 11 4 15 6 16 7 0 1 3
7 5 4 0 0 15 6 1 11 0 0 10 8 13 14 2
0 0 10 0 7 0 14 0 13 0 3 8 12 0 4 6
0 6 0 0 8 0 0 0 14 0 0 0 11 16 10 0
