4 7 10 0 0 2 0 15 13 0 3 0 1 9 16 14
15 0 11 0 0 16 8 0 0 0 10 4 0 7 6 0
5 9 0 14 0 4 0 7 16 11 8 0 13 10 0 2
0 6 0 0 5 3 0 9 15 0 0 0 11 0 12 4
0 2 1 10 6 0 15 3 8 0 0 0 0 5 9 0
0 0 6 7 0 0 5 0 11 3 0 0 0 2 4 0
12 8 0 0 4 0 7 1 5 2 0 16 6 15 14 0
11 5 0 4 16 8 9 0 12 0 0 10 0 3 13 0
0 3 15 1 7 12 13 16 0 8 0 2 4 14 0 9
0 4 12 0 0 6 2 10 9 0 0 11 5 0 7 15
0 11 16 0 0 5 14 4 0 15 6 0 0 13 8 3
10 0 0 9 0 1 0 8 0 0 7 3 0 12 2 6
3 13 8 0 2 7 1 0 14 0 11 0 0 0 0 12
2 10 7 15 8 9 0 6 0 0 12 1 14 0 5 0
14 0 0 11 12 0 3 13 7 0 0 9 0 0 0 8
0 12 9 5 0 15 0 11 0 0 0 8 0 0 0 0
