9 7 0 2 0 12 4 0 0 0 8 0 0 14 0 6
11 14 12 4 8 6 1 0 5 0 0 13 0 0 9 0
8 0 0 0 11 7 0 13 4 14 10 9 12 2 0 0
13 10 5 16 0 14 2 0 7 0 1 6 11 0 0 4
0 9 0 10 0 0 13 0 0 15 5 0 0 12 0 11
0 8 0 7 0 5 0 12 0 11 16 0 1 13 15 0
0 13 11 0 1 10 14 6 0 0 7 0 0 5 16 8
0 5 2 0 7 11 15 16 13 8 0 0 4 0 0 0
5 0 8 0 0 16 3 0 0 0 6 0 0 4 10 1
16 15 0 0 10 13 0 4 1 9 0 8 0 7 12 0
7 0 0 0 0 1 0 2 0 10 15 5 0 8 3 9
12 1 10 9 15 0 6 7 14 13 0 3 5 16 0 2
6 12 0 0 16 0 8 5 3 1 0 0 10 0 7 0
0 11 13 8 0 0 0 1 15 0 0 16 9 0 5 0
0 0 0 1 6 9 10 11 0 0 13 12 14 3 4 15
0 0 9 5 0 15 12 14 0 6 11 0 0 1 0 0
