12 4 7 5 3 2 9 11 0 10 0 13 14 0 0 1
0 3 0 0 14 1 0 0 4 0 5 0 15 7 13 10
0 14 0 13 4 6 15 0 11 0 0 7 16 3 5 0
9 16 0 0 10 0 5 0 0 1 0 14 2 12 11 0
0 0 5 0 0 3 7 15 0 0 0 12 10 0 1 8
15 0 0 9 12 0 0 6 0 0 11 16 0 4 2 5
8 0 12 0 16 4 0 1 10 0 14 0 11 9 0 13
10 2 4 16 0 11 13 0 0 9 3 15 7 0 0 0
16 10 1 0 7 0 0 0 12 0 0 0 0 5 9 6
3 12 0 0 13 15 10 0 0 0 8 4 0 14 16 11
13 6 0 0 5 14 1 0 2 0 0 0 0 0 12 7
5 8 0 0 6 16 0 4 0 0 9 0 13 0 0 0
2 9 11 10 1 0 3 0 15 0 7 0 6 13 8 0
0 15 14 12 11 9 16 7 0 0 0 0 5 10 3 2
6 0 3 8 0 13 4 0 14 0 12 11 0 1 0 15
7 13 16 0 0 0 0 8 0 3 10 2 0 0 0 14
