0 10 0 8 9 0 13 3 5 0 16 0 14 0 0 4
0 0 9 7 16 0 0 5 0 0 0 2 3 8 13 10
4 16 0 0 0 8 0 0 10 12 6 14 0 15 0 9
14 0 1 0 0 10 4 11 0 13 8 0 6 2 16 0
3 0 0 10 0 7 1 9 0 8 15 0 0 0 0 0
7 6 8 4 2 0 11 0 12 0 0 16 1 13 0 3
0 13 5 15 0 0 8 12 0 0 9 0 10 6 7 2
0 1 0 0 4 0 0 6 7 0 0 0 0 0 8 12
0 0 0 13 0 0 0 0 0 11 10 6 0 1 14 0
0 15 3 2 8 9 5 1 0 0 0 0 0 10 6 13
10 12 6 9 7 11 15 14 13 0 0 1 16 4 2 8
8 14 4 1 0 13 6 16 15 0 0 12 7 11 3 0
15 9 2 0 11 0 0 0 14 6 7 8 0 3 0 1
0 0 0 16 6 0 0 0 0 4 11 15 0 0 0 14
1 8 0 14 5 0 9 0 3 16 0 10 0 7 12 0
13 4 7 6 0 0 0 0 1 0 12 9 8 16 15 11
