0 1 12 13 0 6 14 16 0 0 10 0 0 0 9 3
0 0 7 2 15 4 10 5 1 0 0 0 6 12 0 0
15 0 10 0 11 12 3 9 0 16 7 2 1 13 5 4
9 16 0 4 7 2 0 13 0 5 0 12 0 15 0 8
0 15 0 10 0 11 0 0 3 0 5 6 0 4 0 14
0 14 6 3 0 16 15 1 0 9 13 4 12 7 2 0
0 13 9 11 3 14 5 7 15 2 0 0 0 6 1 10
2 0 0 0 0 0 0 4 0 7 14 10 0 0 0 11
0 2 0 0 0 1 12 6 0 0 8 0 0 0 0 13
1 9 0 0 14 15 13 11 10 0 16 0 0 0 8 12
12 0 8 0 0 10 9 0 0 14 2 0 0 11 16 15
14 3 13 16 0 7 2 0 5 0 11 0 0 0 6 9
0 11 5 7 1 8 0 0 6 10 9 14 0 0 0 0
6 10 0 0 0 0 7 2 0 0 0 16 5 0 0 0
0 0 2 0 12 5 11 14 7 3 1 13 8 10 0 6
3 0 15 0 6 0 16 10 0 8 0 5 0 14 0 7
