9 8 4 3 7 0 15 0 0 11 6 5 10 0 16 0
0 0 0 0 0 0 0 13 16 8 0 0 0 9 1 0
0 0 14 16 0 2 8 6 13 9 0 0 15 0 4 11
13 0 0 6 16 9 0 4 12 2 0 15 5 8 14 0
1 4 13 0 9 14 0 3 0 5 0 6 7 0 15 8
15 6 9 0 10 11 0 0 8 12 0 0 13 5 3 4
0 0 3 10 0 4 0 5 0 14 9 13 2 1 0 12
8 12 5 2 1 13 0 15 0 0 7 0 0 10 6 14
14 0 0 5 13 3 9 0 0 0 0 0 4 0 0 0
10 0 0 1 2 12 7 0 0 15 13 9 8 0 5 0
0 13 0 0 15 0 0 0 11 3 14 2 0 0 9 1
0 9 0 0 6 8 0 1 0 0 0 16 14 2 13 3
0 14 0 8 0 0 3 0 2 0 15 4 1 0 12 5
0 1 7 0 0 0 14 8 9 10 0 3 0 4 2 15
12 10 11 0 4 0 0 2 7 16 0 14 0 0 8 0
3 0 0 4 0 0 0 0 1 6 0 12 11 14 10 9
