0 2 0 16 15 0 4 1 8 10 6 0 0 0 0 0
9 14 0 5 11 0 0 7 13 15 2 12 1 4 0 6
0 10 0 0 0 12 0 13 0 0 0 0 0 2 8 0
15 0 0 0 0 9 0 0 0 4 0 0 11 13 5 10
3 1 0 0 7 16 0 4 9 2 10 8 0 11 0 5
8 0 15 0 12 0 0 0 1 7 5 4 0 0 6 16
0 5 4 7 2 8 9 6 12 14 13 11 15 3 0 1
0 9 0 0 13 1 5 14 3 0 15 6 2 0 4 0
0 0 0 3 0 11 0 0 0 1 16 15 8 0 9 2
0 4 0 15 0 2 8 3 11 6 9 0 13 12 0 14
0 0 0 0 0 13 0 15 2 5 0 14 0 1 7 0
2 16 1 0 4 6 10 9 0 0 8 13 0 5 0 0
0 3 16 9 10 0 0 11 6 0 12 7 5 15 1 13
0 0 2 8 0 0 1 12 15 13 4 0 0 16 14 3
4 7 0 0 6 15 0 0 0 0 0 0 9 0 0 0
5 15 6 13 0 0 3 0 10 11 0 0 4 7 2 12
