3 14 6 15 0 0 16 0 11 5 2 1 12 9 4 7
8 0 16 0 11 0 1 9 0 13 15 12 0 3 10 0
5 11 12 10 3 0 2 14 7 0 9 0 13 15 0 0
0 0 0 0 0 15 0 7 10 0 4 0 14 11 0 0
0 6 0 12 0 7 0 11 1 4 0 0 16 0 9 0
9 0 5 3 2 1 0 0 8 0 16 0 11 4 0 0
0 7 14 1 16 0 0 3 9 0 0 5 0 10 0 15
0 0 0 0 0 9 4 12 2 7 0 0 0 5 13 8
16 0 0 8 0 0 0 0 6 9 10 0 7 12 11 4
12 15 0 0 4 3 7 0 16 14 8 2 5 0 1 0
7 0 0 14 0 12 13 0 3 15 5 11 0 2 0 10
6 0 13 9 0 11 10 5 12 1 0 0 0 0 0 0
0 0 9 6 1 16 3 0 0 0 14 7 10 8 5 11
0 16 1 5 0 0 0 0 0 0 0 0 3 6 15 0
11 0 7 2 5 14 15 0 13 6 3 9 0 1 0 16
0 3 15 4 12 6 11 13 0 8 0 0 9 0 0 0
