7 12 0 0 14 0 0 1 4 0 16 9 6 0 3 0
1 0 3 6 0 15 9 4 0 0 2 11 8 14 0 16
15 0 8 0 0 12 2 0 0 0 1 3 11 10 0 0
14 2 16 11 0 3 13 5 0 12 6 8 0 15 1 0
0 7 6 0 3 16 15 0 2 1 11 14 0 8 0 12
0 0 13 1 0 2 0 0 15 3 0 16 0 6 0 0
0 0 0 14 8 0 6 0 9 4 0 10 2 0 0 15
16 9 15 0 0 14 4 7 0 0 8 12 3 1 0 0
4 0 11 0 12 0 10 0 1 0 3 2 0 9 5 8
5 0 2 3 0 0 0 0 0 9 10 4 7 13 0 0
9 0 0 0 15 0 16 2 6 7 14 0 12 11 0 0
0 14 0 7 4 9 3 6 8 0 5 0 1 16 0 0
3 1 7 10 9 0 0 8 14 2 0 0 16 4 0 11
0 0 14 0 0 4 7 0 16 0 0 6 0 3 0 1
6 0 9 16 1 10 0 0 0 8 0 7 13 0 2 14
2 11 4 12 16 6 0 15 0 13 0 0 10 0 0 0
