2 0 3 10 0 16 0 0 15 11 0 12 0 0 7 0
6 0 11 0 14 12 0 5 0 1 0 0 15 0 16 9
16 1 4 7 0 10 0 11 0 5 0 9 2 12 0 3
0 12 5 15 0 7 2 6 16 0 0 0 0 0 13 8
0 6 1 12 0 14 4 7 9 8 11 0 16 2 0 13
14 0 16 8 13 0 5 0 1 0 0 4 0 3 0 6
0 0 0 11 3 9 0 0 10 14 15 0 12 8 0 0
0 10 9 4 6 0 11 12 5 16 0 2 7 1 0 14
0 7 13 9 2 1 6 0 12 4 0 0 0 15 0 10
0 0 2 0 12 0 0 16 0 15 10 0 13 0 6 1
0 3 0 1 11 0 0 0 0 0 0 13 0 0 4 0
12 16 0 6 10 13 0 4 14 0 0 0 3 9 0 2
8 11 10 0 0 0 14 3 0 6 0 0 0 13 1 0
7 4 0 0 0 6 1 2 0 13 16 11 10 5 12 15
15 0 12 5 0 11 0 0 4 2 0 14 8 0 0 7
1 13 0 0 0 15 0 8 3 10 0 0 4 14 2 11
