0 2 0 0 0 16 5 1 0 0 12 0 6 0 4 7
7 0 5 1 15 10 4 3 16 14 6 2 8 0 0 12
3 0 0 0 0 6 8 14 0 1 7 5 2 16 0 0
12 16 0 0 11 13 0 0 4 8 3 9 10 0 5 14
6 8 9 0 14 4 10 0 15 0 1 16 0 0 0 0
0 10 0 0 16 0 0 0 0 0 0 0 7 15 0 0
0 5 11 2 0 7 13 0 8 0 4 14 0 12 16 0
0 0 1 0 8 15 2 11 3 5 9 0 0 6 14 10
16 9 0 0 0 5 3 15 12 0 0 8 0 0 6 11
0 0 0 13 0 2 0 0 10 9 16 6 5 0 0 15
8 15 12 0 6 11 0 0 2 3 5 1 9 10 0 0
2 0 0 0 0 9 16 10 7 0 14 0 4 8 12 1
10 0 6 0 5 12 0 0 0 2 8 0 0 4 1 0
5 3 2 0 10 0 1 16 9 6 15 4 12 0 7 0
0 14 0 8 0 0 15 4 1 0 10 0 11 5 9 0
0 1 0 12 0 8 6 13 0 0 0 3 15 14 0 0
