0 2 12 0 8 10 4 9 0 0 0 14 0 6 0 0
9 13 3 14 7 0 0 0 8 6 0 15 12 0 10 0
1 0 7 6 14 3 5 0 0 0 12 0 0 15 8 4
11 0 0 8 15 13 12 6 0 10 7 5 14 3 9 0
10 0 16 9 0 0 0 15 14 7 0 0 8 13 0 12
0 7 2 4 12 8 9 0 6 15 5 0 1 10 0 0
0 0 5 0 10 7 3 16 0 0 1 12 9 0 0 0
0 8 0 1 0 5 11 4 10 9 0 0 6 7 0 15
8 0 0 7 0 4 14 0 15 0 16 9 0 0 12 0
2 0 0 0 0 6 0 0 0 0 0 0 0 1 0 0
16 0 10 5 0 2 15 0 12 1 8 0 0 14 3 0
3 0 15 0 16 11 10 7 2 14 0 0 0 0 4 0
0 9 13 0 6 0 16 3 5 11 15 1 4 0 0 10
0 15 11 3 5 9 0 8 0 4 6 10 2 12 0 1
0 0 0 0 11 15 0 1 7 12 0 0 3 16 0 0
6 12 0 0 4 0 7 10 0 2 9 8 15 5 13 11
