12 9 15 11 4 5 6 7 2 0 3 0 14 0 10 0
0 0 0 7 0 0 0 13 15 0 8 10 12 9 2 4
0 0 13 4 9 2 8 0 5 6 11 0 16 0 3 0
0 3 2 1 0 15 16 0 9 0 0 4 6 5 0 11
7 2 0 0 0 0 0 0 11 12 13 0 10 16 8 0
11 12 1 9 13 8 0 0 0 5 0 14 3 0 7 0
0 0 10 5 3 9 11 2 6 15 0 0 0 12 0 0
15 4 0 6 12 14 7 0 10 3 0 0 11 13 0 9
0 0 0 13 7 10 12 5 3 0 0 15 1 14 4 16
10 1 12 0 0 6 4 0 0 13 0 5 8 0 9 7
0 15 14 16 11 13 0 9 0 0 0 0 5 0 12 3
0 5 0 0 0 1 14 0 0 0 12 0 13 0 15 10
16 7 0 0 0 0 13 0 1 0 0 0 0 4 0 12
0 0 6 8 2 12 0 0 0 14 9 0 7 10 16 5
2 13 0 0 1 16 0 0 0 0 10 0 15 3 14 0
0 0 4 0 6 7 9 10 12 8 5 0 0 1 11 0
