0 8 0 0 0 0 0 2 3 0 12 0 16 7 0 0
0 5 0 9 0 16 4 15 0 0 7 6 2 14 0 0
3 16 2 0 0 0 9 0 0 11 15 1 12 10 0 6
7 0 15 1 0 3 14 6 2 13 0 16 0 0 8 11
0 0 10 0 4 1 12 7 6 14 5 13 8 0 3 0
13 0 12 5 14 11 0 16 0 0 9 2 15 4 0 0
0 0 0 14 2 8 5 9 0 0 0 7 13 0 0 12
8 0 9 11 13 15 0 10 0 12 0 4 5 0 14 2
0 13 1 10 16 7 0 0 0 0 6 0 3 8 5 14
0 0 0 0 0 13 2 14 0 1 16 3 4 0 11 7
0 0 7 0 3 4 1 5 9 15 0 0 6 0 10 0
14 4 0 3 6 9 8 0 0 7 10 12 1 16 0 15
0 0 4 7 0 14 0 3 12 16 0 9 0 13 6 5
0 9 3 0 0 12 16 0 11 0 2 0 7 15 0 0
5 12 11 13 0 6 0 1 0 0 0 0 14 0 0 16
0 0 16 15 0 2 7 4 1 0 0 10 11 0 0 0
