7 15 0 4 0 5 3 0 16 14 0 9 0 8 6 0
14 12 3 6 0 4 1 2 8 0 0 13 0 9 0 15
16 10 0 8 9 6 0 12 0 11 0 4 0 0 14 0
9 1 0 0 14 8 7 10 3 0 15 12 4 2 0 13
12 4 7 0 1 0 0 0 10 2 0 0 9 15 3 5
2 0 0 0 10 15 8 5 0 12 0 3 6 0 13 0
6 0 8 1 12 0 9 0 0 0 13 0 14 0 0 0
0 5 15 10 4 2 6 0 0 0 0 7 0 0 8 0
5 13 0 0 0 0 14 6 0 0 11 2 0 0 4 8
8 0 6 15 0 0 0 0 0 5 4 14 0 3 0 9
0 7 0 2 0 0 12 8 1 0 3 10 13 0 0 0
0 0 0 3 2 13 16 0 12 8 0 15 0 0 7 0
10 0 5 14 0 0 0 1 7 4 12 8 15 11 9 0
15 0 0 7 0 12 5 14 6 0 10 0 0 13 0 2
3 0 0 9 8 11 4 0 0 13 0 1 7 14 10 12
1 0 12 13 7 10 2 9 0 0 14 11 16 0 5 0
