8 0 0 15 5 3 0 10 11 0 13 0 0 0 16 6
4 0 14 10 0 12 0 2 0 9 3 0 0 5 11 8
0 1 0 16 9 4 6 0 0 0 2 0 0 14 0 0
13 0 0 0 16 8 0 0 6 15 4 12 0 0 9 1
9 16 7 3 4 11 8 1 0 6 0 13 0 0 0 14
2 0 1 0 0 0 0 0 16 7 0 15 6 0 0 3
0 15 6 0 13 0 0 3 1 0 0 0 11 9 4 7
5 11 8 14 6 0 0 12 0 2 0 3 1 10 13 0
14 4 15 6 0 16 5 7 0 0 1 9 3 0 0 2
16 5 0 0 2 1 10 0 0 3 6 0 14 0 0 13
0 0 2 7 0 13 0 6 15 10 16 0 9 1 8 4
1 0 10 13 8 0 0 9 2 0 14 0 0 6 0 0
0 14 0 0 3 10 0 16 0 12 7 6 8 13 0 0
12 8 16 0 14 5 13 11 3 0 10 0 0 0 6 9
0 0 13 11 7 9 0 0 14 16 0 1 5 3 2 0
0 7 0 0 0 0 12 15 0 13 0 11 4 0 14 10
