11 0 10 6 7 0 14 16 0 3 12 4 0 15 9 0
0 16 7 12 0 2 15 0 0 9 8 13 6 4 11 0
0 0 0 8 0 0 0 0 0 15 0 0 5 7 3 2
3 1 0 2 9 4 0 8 5 0 0 7 14 13 0 16
12 3 11 0 0 8 1 15 0 0 6 0 0 10 0 14
16 0 8 7 0 0 0 11 3 10 0 0 2 12 0 0
4 0 5 1 0 10 13 2 16 0 0 0 7 0 0 0
0 10 0 0 0 6 0 3 0 12 11 15 8 16 0 1
0 0 14 16 0 7 5 0 12 1 4 9 0 6 0 0
6 12 1 0 0 16 4 14 15 5 3 10 13 11 8 7
5 7 0 0 0 15 11 9 8 13 0 16 4 14 1 0
8 0 13 0 10 1 3 0 11 0 0 14 15 5 0 0
0 0 6 0 11 3 0 7 0 8 0 0 16 1 0 0
7 13 0 15 14 0 8 0 0 0 1 11 0 0 0 5
1 8 0 11 13 5 10 6 0 0 15 0 0 0 0 4
0 0 12 3 15 9 16 1 0 0 0 5 0 8 7 6
