0 0 0 13 0 10 0 1 9 12 0 15 0 8 0 14
0 10 7 0 5 14 4 8 2 0 0 16 0 9 0 15
0 15 0 12 6 0 16 0 0 0 4 7 0 0 0 0
9 1 0 0 0 15 7 0 11 0 0 10 0 0 16 6
15 6 0 2 10 0 0 16 4 9 0 1 0 5 8 13
0 11 0 4 0 0 12 0 10 0 2 14 6 3 0 9
0 14 0 7 2 1 0 4 6 8 0 3 0 0 0 12
0 3 0 9 0 0 8 14 0 0 0 12 0 1 4 2
0 5 13 0 0 9 11 15 1 10 0 2 0 16 14 4
10 12 4 0 0 0 0 2 14 7 9 0 8 6 0 5
0 2 11 14 0 7 6 5 12 0 8 4 9 0 0 10
6 0 0 15 4 12 0 0 0 3 16 13 0 0 0 0
0 13 0 0 1 16 0 11 7 14 10 9 4 15 2 8
11 0 0 1 9 4 10 6 3 0 12 0 0 14 0 16
0 0 0 10 14 0 13 7 0 1 15 0 3 0 0 11
14 16 0 5 3 0 15 12 13 4 11 6 0 0 9 1
