15 0 10 5 9 12 0 0 16 13 0 0 2 0 3 0
0 12 0 0 1 5 11 15 2 0 6 0 0 16 0 0
0 14 4 2 13 0 3 0 0 0 15 0 0 10 7 12
13 0 11 9 7 10 2 6 0 14 3 0 15 8 4 5
0 2 15 13 6 0 0 0 3 12 14 0 0 7 0 0
9 0 0 3 0 14 8 0 10 0 4 0 12 15 0 1
0 8 1 6 0 0 0 12 0 15 13 0 3 0 16 14
14 0 0 4 3 15 0 10 7 0 9 16 8 0 0 2
12 0 0 0 0 0 16 4 13 8 10 0 0 5 0 7
0 9 0 0 15 7 0 0 6 2 5 1 0 0 10 0
6 1 2 10 14 0 5 0 12 7 0 0 4 11 15 9
0 5 13 0 10 0 9 1 0 0 0 0 0 0 0 8
16 3 7 14 12 0 6 0 0 0 0 13 0 0 8 10
11 10 0 0 8 0 15 2 4 16 0 0 7 3 0 6
0 13 6 1 0 0 14 3 9 0 0 0 5 12 2 15
2 4 0 15 5 11 10 0 8 3 0 6 14 13 0 16
