0 8 0 2 0 0 4 15 0 0 16 12 5 0 0 0
0 4 10 15 9 5 1 13 0 3 7 0 0 6 0 8
0 5 0 9 6 0 0 14 4 13 10 0 3 1 11 0
11 0 3 14 0 10 16 2 8 6 5 1 9 0 0 4
5 0 11 16 8 4 0 9 12 2 15 0 0 0 10 0
9 0 0 10 0 15 6 0 0 11 13 14 8 0 5 16
15 14 12 4 13 0 10 0 0 8 0 6 11 3 9 0
6 0 13 8 0 0 0 0 9 10 0 16 0 0 0 0
16 0 0 0 0 14 9 11 3 12 6 0 4 8 0 0
0 15 0 0 0 0 0 10 16 0 0 13 6 0 2 0
0 6 9 0 1 16 3 4 15 5 0 8 0 12 0 14
14 0 0 0 2 0 0 6 11 1 9 0 0 16 3 0
3 12 14 13 4 1 7 8 10 15 11 0 16 5 6 0
8 16 0 0 0 0 11 0 13 0 0 0 2 0 0 0
2 11 4 1 0 13 15 0 0 16 3 9 0 14 8 0
0 9 15 0 0 6 2 12 1 14 0 0 0 11 0 3
