12 1 0 3 0 6 13 7 0 0 14 2 4 0 9 16
0 16 0 0 0 0 12 0 1 0 0 9 14 0 8 0
10 6 15 0 1 11 14 0 0 0 16 5 0 0 12 13
14 4 2 8 0 16 9 10 7 13 6 0 3 0 0 5
0 3 8 6 0 0 11 16 0 0 9 7 5 0 2 12
2 11 9 0 14 0 0 13 10 0 0 0 0 16 0 8
1 0 13 0 12 0 0 8 16 0 2 15 0 9 3 0
0 12 0 10 2 3 1 0 13 0 5 8 11 0 14 7
8 0 0 7 0 0 2 0 12 0 0 0 16 0 5 9
0 9 0 0 3 13 0 0 0 14 0 0 12 7 0 0
5 0 0 2 0 0 0 0 0 16 7 6 15 4 10 0
0 14 0 0 4 0 0 12 9 0 0 0 2 0 0 0
7 2 11 0 16 0 3 6 5 0 0 14 13 12 4 0
9 10 0 0 11 14 0 5 15 7 1 13 8 0 16 2
0 5 0 16 13 0 0 1 8 2 12 4 0 11 0 10
4 8 1 13 7 12 10 0 6 3 11 16 9 5 15 0
