0 0 0 0 0 9 14 10 0 0 0 12 0 8 6 3
0 7 0 0 0 6 0 12 0 0 4 8 0 0 11 13
3 8 0 15 0 11 16 0 14 6 2 5 10 1 9 4
0 0 0 0 0 8 4 2 3 0 13 0 0 15 14 0
1 14 13 0 8 3 6 11 16 0 5 7 0 10 0 0
0 5 15 10 0 0 2 16 9 8 0 0 3 7 1 0
11 0 0 2 0 10 0 9 4 0 12 0 6 5 13 8
4 0 6 8 7 0 0 1 13 2 10 11 0 0 15 16
13 15 0 3 10 16 0 0 6 0 0 9 0 2 7 0
6 12 0 1 0 0 8 13 7 4 0 0 0 11 0 0
8 10 0 0 0 0 0 5 2 0 14 15 1 12 4 0
7 0 14 4 0 15 0 0 1 5 11 3 8 13 16 0
14 0 16 0 0 1 10 8 0 0 3 4 0 6 0 15
0 6 4 0 0 12 0 15 0 0 9 0 16 3 5 1
15 0 8 0 6 2 7 3 0 16 0 13 0 4 0 0
2 0 3 0 0 0 5 14 10 11 15 6 13 9 0 0
