0 13 0 2 14 12 0 10 3 0 11 6 0 15 1 8
15 0 0 0 0 13 5 0 8 14 4 0 6 16 12 10
0 0 0 0 1 8 0 0 0 2 5 15 0 7 0 3
0 0 0 8 0 3 0 15 0 12 10 0 2 11 13 5
9 0 0 16 4 0 0 11 0 3 14 0 1 0 8 15
14 5 11 1 15 16 3 0 0 4 13 9 7 12 0 2
3 0 10 7 0 2 12 0 0 0 8 5 13 0 0 0
0 0 0 0 13 0 7 0 12 1 16 11 10 4 3 0
11 15 9 0 10 1 4 0 0 13 0 0 3 8 2 6
0 0 0 0 16 5 0 0 0 7 1 0 12 9 15 4
0 0 0 13 0 0 0 6 0 0 15 0 5 10 7 1
0 0 0 0 0 15 0 0 9 5 0 10 16 13 14 0
13 2 14 0 0 4 15 16 1 10 0 12 8 0 5 7
8 10 3 0 5 11 1 0 0 15 7 0 9 2 16 0
7 0 0 0 12 10 8 0 0 16 0 0 15 6 4 0
4 16 0 12 0 0 13 9 5 8 0 0 11 1 0 14
