2 3 6 0 0 16 7 0 0 0 0 13 9 0 1 0
0 9 1 14 0 8 3 0 11 0 7 6 12 4 0 10
0 0 0 13 0 0 15 0 9 0 0 8 0 14 0 0
7 0 0 0 0 6 1 14 16 12 2 4 0 0 0 0
0 0 5 0 0 1 14 9 7 0 0 0 0 0 15 0
0 7 0 0 0 11 13 5 6 14 9 2 8 1 0 12
11 1 9 2 15 3 0 0 0 16 13 12 10 7 5 14
0 0 13 16 7 10 2 8 15 5 1 3 11 6 0 0
0 13 0 7 0 2 12 0 10 8 0 15 3 9 0 5
3 0 8 6 5 0 0 0 0 7 16 14 1 0 0 2
1 0 0 12 14 0 8 0 0 13 0 0 4 0 7 0
9 4 14 0 6 0 11 0 0 2 12 1 0 16 8 13
13 0 3 0 8 4 6 15 2 0 14 7 0 0 10 1
6 2 0 0 3 12 10 0 13 0 8 0 0 5 9 0
15 0 16 0 0 9 0 2 0 6 0 10 0 8 11 0
12 8 0 0 11 0 16 7 1 3 15 0 0 2 6 4
