0 8 6 5 0 15 3 14 0 0 9 1 13 16 0 0
11 9 0 3 13 10 1 16 8 7 15 0 4 0 5 12
0 14 7 0 5 0 0 6 4 16 0 10 0 0 9 3
0 0 0 0 9 0 0 0 0 12 5 3 0 1 14 0
0 12 15 11 16 6 13 0 1 2 0 0 0 5 8 9
2 1 5 9 14 4 11 8 15 0 6 13 0 0 16 0
0 0 8 14 0 12 0 0 0 0 0 7 0 0 0 4
16 6 4 13 0 7 0 9 0 8 14 12 0 15 3 2
5 0 0 0 0 9 0 10 0 0 0 16 7 2 15 0
0 0 16 0 0 13 15 1 9 5 7 6 0 0 0 0
4 15 0 0 2 3 7 0 11 0 0 8 10 14 12 16
0 7 0 0 0 14 16 0 0 0 0 15 0 0 0 13
3 0 12 8 10 1 2 15 0 14 0 11 9 0 0 6
9 16 14 10 3 5 4 0 13 6 0 2 1 7 11 15
15 0 13 0 6 0 14 11 0 0 4 0 8 0 10 0
6 11 0 4 0 8 9 0 0 0 0 5 0 3 2 0
