0 4 9 0 10 0 0 13 0 11 0 12 2 5 0 8
7 10 0 2 0 1 5 4 8 15 0 9 16 13 12 11
1 0 0 0 8 11 9 0 0 4 3 14 0 6 10 7
15 8 12 11 2 0 14 16 10 0 5 7 0 3 9 1
5 0 11 4 13 0 6 15 0 1 14 0 8 10 0 0
0 14 0 0 0 5 8 7 3 0 13 11 0 1 16 9
9 7 0 16 0 2 0 0 0 8 0 0 12 0 4 13
0 0 0 13 11 0 0 10 6 0 0 0 0 14 2 15
2 0 4 0 6 0 12 5 16 0 0 13 11 8 0 10
13 0 16 0 0 0 0 2 11 3 15 6 14 0 0 0
0 0 0 0 0 0 0 0 14 5 0 0 13 12 6 0
0 0 10 0 7 13 3 0 4 0 0 8 9 15 0 0
14 13 2 15 0 0 0 0 0 6 12 3 7 0 8 0
12 0 8 10 0 3 0 0 0 16 4 15 1 2 0 0
0 0 5 9 15 14 0 0 0 0 0 1 3 4 13 12
4 3 0 0 12 16 13 0 5 14 11 2 0 9 15 6
