0 0 4 2 8 3 12 1 10 9 0 5 11 15 0 7
10 12 0 14 9 15 4 6 0 0 1 0 0 0 3 5
5 8 7 15 0 0 10 0 12 0 6 11 0 14 0 4
0 0 9 3 11 0 0 0 0 4 16 0 13 12 10 0
4 3 0 16 6 0 0 0 0 14 15 0 0 0 0 11
0 10 6 9 0 8 13 15 0 5 11 0 16 0 0 0
0 5 8 0 14 4 0 10 0 7 12 0 15 6 2 9
14 7 15 12 0 0 0 9 2 0 8 0 0 4 0 13
0 0 0 6 0 1 0 13 11 0 0 0 0 0 4 0
3 13 0 5 4 7 6 0 14 15 0 0 9 11 0 12
8 2 16 0 3 12 11 14 5 1 0 9 0 0 0 0
0 0 0 1 15 0 0 0 6 13 0 12 2 0 16 0
16 0 2 0 10 9 15 0 0 0 3 6 0 0 0 1
1 6 5 0 7 13 8 0 16 12 9 0 4 2 11 0
12 15 3 8 5 6 2 4 7 11 13 1 10 0 0 0
0 4 0 0 1 14 0 0 0 10 5 0 0 3 12 8
