3 6 4 2 0 0 0 15 0 11 0 5 0 0 9 0
15 16 0 1 0 12 13 2 10 3 14 9 0 5 6 0
0 5 7 0 0 1 11 0 2 15 16 0 8 12 3 4
12 11 0 0 0 0 0 0 6 0 0 8 2 10 16 0
0 0 0 0 3 0 5 0 0 0 0 0 1 6 0 10
4 2 0 5 0 0 0 13 1 9 3 12 0 15 7 0
16 3 6 0 9 4 0 1 0 10 2 0 5 0 13 0
0 1 10 0 0 15 2 0 0 5 0 6 4 3 14 0
11 0 0 0 2 5 0 10 0 7 13 0 0 0 0 6
13 14 0 4 0 0 9 0 11 0 5 0 0 0 0 2
0 0 3 0 15 13 0 6 4 0 8 0 11 7 0 14
10 7 5 6 16 0 4 0 3 12 0 2 15 1 8 13
0 0 0 3 11 0 15 5 0 0 10 4 14 8 1 0
0 0 16 8 10 0 3 4 12 0 6 1 9 0 0 0
6 4 0 0 1 7 14 8 5 16 15 11 12 2 10 0
1 10 0 11 0 0 16 12 8 0 7 3 6 4 15 0
