0 1 0 0 0 0 5 12 13 0 0 0 0 4 0 0
2 0 0 0 16 11 8 4 0 0 12 7 0 0 10 13
0 3 0 12 0 13 2 10 0 5 0 4 0 7 8 0
13 4 0 7 14 0 15 9 0 10 0 0 12 0 5 16
7 11 0 0 0 5 0 14 2 0 13 12 0 0 6 0
8 10 0 0 0 4 11 0 5 0 0 15 0 13 0 2
5 13 6 1 0 2 0 0 11 4 8 10 7 0 14 0
12 14 0 0 10 0 0 13 7 16 9 6 1 5 4 11
1 0 0 13 0 6 16 0 0 8 7 11 0 10 9 0
6 16 7 0 0 14 0 0 9 0 0 3 11 8 0 1
4 0 0 2 0 9 7 0 6 0 5 0 0 14 3 0
0 0 3 8 12 0 0 5 14 0 0 13 6 16 0 4
10 5 0 16 0 12 0 1 8 6 2 14 9 11 15 7
3 7 12 11 8 16 14 2 15 13 4 0 0 6 1 5
0 8 0 9 0 0 6 11 12 0 0 0 0 0 0 14
0 2 13 6 0 15 0 7 10 0 3 1 4 0 0 8
