0 9 12 14 0 11 0 3 4 0 0 2 6 10 15 0
16 3 15 0 8 0 0 12 13 0 6 5 7 1 0 14
10 1 7 8 5 13 2 6 0 9 0 15 3 0 11 0
11 4 0 6 0 0 0 9 0 7 0 10 12 0 0 8
6 13 14 10 0 0 0 15 0 0 2 0 8 11 0 0
0 7 0 0 11 0 10 14 0 13 0 8 2 3 0 0
0 15 2 1 0 16 7 8 6 12 5 11 13 9 0 10
5 11 8 16 0 3 0 0 0 4 0 0 1 0 0 15
15 14 0 0 0 0 0 4 1 3 8 16 10 0 2 7
4 16 6 7 10 0 0 0 5 2 0 0 9 14 1 3
0 10 1 13 16 9 3 7 11 6 4 14 0 15 8 12
0 0 0 12 0 0 0 0 7 0 9 0 16 0 4 0
0 6 13 0 3 15 12 0 9 5 0 1 0 0 0 2
0 2 0 5 14 4 0 10 0 16 0 6 0 0 3 13
0 0 16 0 2 0 0 0 0 14 13 0 0 0 6 0
0 8 0 0 13 6 9 5 0 15 0 4 0 16 12 0
