0 11 1 10 13 2 4 0 0 0 3 0 12 0 0 7
2 13 0 3 0 0 5 0 12 10 11 9 0 14 0 4
0 14 5 0 12 11 3 10 7 15 2 1 8 16 0 6
8 0 0 0 16 1 15 0 13 5 4 14 3 10 0 2
0 9 2 8 14 0 13 4 6 12 1 5 0 0 0 0
0 5 0 15 3 0 10 1 8 2 7 13 11 6 14 0
0 0 14 0 0 0 0 12 0 0 9 10 0 1 0 5
10 0 12 0 2 5 8 0 0 0 16 15 13 0 7 0
0 1 3 0 6 0 7 0 0 9 0 11 4 0 10 0
6 16 0 4 9 3 1 8 14 0 12 0 0 11 0 15
0 15 0 0 0 0 0 5 1 3 6 0 14 0 0 13
9 0 13 0 11 0 12 0 4 0 0 7 0 2 0 3
1 10 0 14 4 0 0 0 2 0 5 16 9 13 12 11
12 0 9 0 0 0 0 0 15 6 8 0 5 0 0 14
5 0 15 11 0 0 14 0 0 1 13 12 16 3 0 0
3 2 7 0 0 12 0 13 10 0 14 0 15 0 0 1
