10 0 0 11 8 0 3 0 0 0 7 12 2 16 0 0
7 0 12 16 5 2 0 0 8 14 0 13 10 1 9 3
2 8 3 13 0 0 9 15 0 0 16 11 7 0 0 0
4 1 9 5 13 0 0 0 6 2 3 0 8 0 0 12
14 2 5 8 0 6 4 0 0 0 1 10 13 0 0 0
12 0 0 0 0 0 0 0 11 0 0 0 0 0 14 0
11 10 1 7 15 3 5 0 4 9 6 14 0 2 0 0
3 0 0 0 0 16 14 0 0 12 0 5 0 7 0 1
8 12 0 10 9 14 13 4 16 0 0 0 3 6 7 0
0 0 13 14 1 0 8 0 5 7 12 6 16 4 2 0
6 11 0 0 16 0 12 0 14 10 2 8 15 0 0 0
5 16 0 0 10 15 0 0 0 3 9 4 14 11 0 8
16 3 14 2 6 13 0 0 12 0 0 0 9 0 0 15
0 5 10 12 2 8 0 0 1 6 11 0 4 0 16 0
0 0 8 4 3 9 16 12 15 13 0 2 11 0 6 0
0 0 11 15 0 0 10 0 3 8 0 16 1 12 0 2
