0 15 0 4 0 13 7 0 0 11 12 0 6 0 0 0
13 0 0 16 0 0 9 5 0 2 0 0 7 8 3 0
0 0 9 5 12 0 3 0 16 0 0 0 14 15 13 4
0 6 0 0 2 14 15 4 0 0 3 8 16 0 0 10
0 4 5 2 0 7 0 16 11 9 13 3 0 12 0 0
1 0 0 0 8 5 14 12 0 15 0 2 11 3 0 9
12 7 11 9 0 0 2 3 0 0 14 16 13 10 5 6
0 0 8 3 0 9 1 11 0 0 5 12 2 16 0 0
5 9 12 0 1 0 4 7 14 10 0 6 0 0 0 8
4 0 0 10 14 2 8 9 0 0 15 0 5 6 11 0
3 11 2 15 0 0 12 0 8 16 0 4 9 14 7 0
7 0 6 0 15 16 11 13 0 0 2 9 3 4 10 0
0 0 0 7 0 0 0 14 0 12 8 10 0 11 0 0
0 13 1 0 0 8 10 0 0 0 0 5 12 7 6 16
0 3 10 14 0 12 0 0 2 6 9 11 0 13 0 0
8 2 4 12 11 0 13 0 3 1 16 0 10 0 0 0
