3 11 0 0 0 0 10 5 1 16 2 4 15 14 7 6
0 12 0 2 1 0 16 6 10 0 15 0 0 5 0 0
0 6 5 1 15 2 4 3 0 0 8 11 0 12 0 10
9 10 16 0 7 0 14 13 5 12 6 3 4 8 1 0
6 8 0 5 0 1 0 0 11 3 0 16 12 9 0 13
0 7 14 0 0 3 12 16 9 0 13 8 0 15 6 4
0 9 1 0 0 0 0 14 0 10 0 0 0 16 3 11
0 4 0 0 0 5 0 0 0 15 1 6 0 0 0 8
15 1 3 0 0 0 8 2 14 6 0 0 13 4 12 0
0 0 2 6 3 0 9 12 0 0 5 15 10 11 14 0
8 5 0 12 6 0 0 0 0 13 0 7 2 0 15 0
0 14 9 0 16 0 11 0 0 2 0 10 8 0 5 1
12 13 0 4 0 10 0 0 6 0 0 0 0 0 0 15
0 0 0 0 11 16 5 0 15 0 0 13 6 2 0 0
5 2 0 16 13 0 3 8 12 4 7 1 9 10 11 14
0 0 7 0 4 12 6 1 16 0 0 2 0 0 0 5
