7 0 16 0 1 12 8 0 11 0 14 0 4 6 9 0
4 1 8 0 5 0 16 9 13 3 0 0 0 0 0 2
15 11 0 9 0 0 2 0 16 0 6 0 0 5 1 12
0 2 13 5 0 0 14 15 0 7 0 1 8 0 0 3
6 0 1 0 0 0 12 14 0 0 0 0 10 8 4 13
3 0 0 0 11 0 0 6 12 1 0 13 0 16 7 9
0 0 0 13 0 2 7 1 0 15 10 0 0 3 11 0
5 7 10 14 0 16 13 0 6 0 4 11 12 0 2 0
0 12 9 1 15 0 4 0 0 0 0 6 0 14 5 0
0 0 0 0 10 3 9 8 15 14 0 0 0 4 12 0
10 0 3 0 2 6 5 0 0 4 8 0 16 7 13 0
11 5 0 4 14 7 1 16 0 12 13 3 9 0 15 8
14 6 5 3 0 8 0 0 9 11 0 0 2 0 0 7
0 10 0 8 0 14 0 5 7 0 0 4 0 1 6 16
13 0 15 7 0 0 6 2 5 0 12 0 11 0 3 14
1 0 2 0 0 9 0 10 0 6 3 0 5 13 8 4
