0 13 11 4 9 12 5 0 0 7 3 0 0 6 0 1
0 0 16 10 0 0 0 0 0 9 0 5 13 2 0 7
12 0 6 2 16 0 0 8 13 0 1 10 14 5 0 0
5 0 0 7 3 2 0 6 0 0 15 14 16 0 12 10
0 0 5 13 1 14 16 4 0 15 2 0 11 12 7 8
0 0 0 0 0 0 0 11 4 1 0 0 2 0 15 6
0 0 4 15 5 0 6 0 7 0 14 0 0 0 10 16
0 14 0 8 7 15 0 2 12 0 10 6 0 1 0 0
7 0 8 0 13 0 10 15 1 0 6 16 0 9 0 4
0 4 0 1 14 5 0 9 15 0 0 0 0 16 2 13
2 15 0 6 0 1 0 0 9 10 0 3 8 7 0 11
13 0 9 12 0 0 8 7 5 14 11 4 0 10 1 15
16 12 13 5 15 0 0 3 11 6 0 0 1 8 9 0
8 0 0 0 0 0 7 1 0 5 9 0 10 13 0 0
10 1 0 0 11 16 14 0 0 13 8 0 0 0 6 0
0 6 0 14 8 9 12 0 10 3 0 1 5 15 0 2
