0 1 0 2 0 16 0 9 13 0 0 0 14 7 0 5
0 0 14 15 11 0 0 6 0 16 10 3 9 0 2 0
11 8 13 0 12 0 15 10 14 2 0 6 4 0 0 0
0 6 7 0 2 14 0 0 0 9 12 0 11 0 0 0
9 5 0 6 3 11 1 0 7 0 8 10 13 4 0 2
0 0 15 12 7 9 16 0 11 5 2 13 0 0 3 6
4 11 2 7 13 6 8 5 0 1 9 0 16 10 12 0
0 0 1 3 0 15 12 0 16 14 6 0 5 9 0 11
1 0 0 11 0 0 0 0 0 0 4 0 8 3 0 0
0 14 0 0 0 3 2 1 0 7 11 9 0 13 0 0
15 12 0 4 0 10 5 11 2 0 13 8 7 1 14 0
0 9 3 0 0 8 14 12 5 6 0 1 0 0 11 0
12 0 0 0 0 4 10 8 9 13 0 2 15 6 0 7
0 7 9 1 5 12 11 15 0 10 0 16 0 0 13 0
13 0 4 0 0 2 9 0 0 8 0 7 0 0 0 1
2 15 0 10 14 0 13 16 6 0 0 0 3 0 9 0
