0 0 3 16 0 10 8 9 6 7 15 0 1 12 0 0
9 15 5 0 0 13 2 14 10 0 0 0 6 8 0 7
10 7 0 0 16 0 12 5 0 13 8 0 0 0 0 11
0 0 0 0 15 0 0 0 0 0 16 9 0 10 0 14
5 3 4 15 0 8 0 2 0 0 13 6 7 16 1 0
0 13 14 9 0 0 16 15 0 1 0 0 0 0 10 0
0 0 7 0 0 0 6 13 0 16 11 0 14 9 5 0
16 8 0 11 0 0 7 1 2 10 0 3 4 6 13 15
14 0 15 0 13 0 0 0 16 4 3 7 0 11 6 0
13 12 0 10 0 7 0 0 11 8 2 1 3 14 9 0
11 0 8 4 0 0 3 10 14 5 9 15 0 1 0 2
0 1 0 7 2 11 14 0 0 6 0 0 8 5 15 16
8 0 2 13 14 0 10 3 0 11 7 16 15 4 12 0
15 9 11 0 7 2 13 6 0 0 4 0 16 3 14 0
0 0 0 3 0 0 5 0 0 0 14 0 10 0 11 6
0 0 10 14 0 16 4 0 0 15 6 13 0 7 8 0
