0 0 3 15 0 6 1 0 13 9 16 4 8 0 0 10
5 1 0 7 16 4 0 0 8 11 2 0 9 12 3 6
10 8 0 0 7 0 9 0 0 12 5 6 0 0 11 14
16 11 9 6 8 5 0 14 0 15 0 3 4 0 0 0
0 15 0 8 10 14 6 0 9 0 0 2 0 0 7 13
0 3 5 14 0 0 11 7 0 0 8 0 6 0 0 4
0 0 6 10 3 8 4 2 0 14 0 0 0 0 0 11
1 4 7 0 15 13 5 0 0 0 0 10 0 8 2 9
0 0 0 3 0 0 8 0 5 16 0 13 0 6 15 0
0 0 0 16 12 0 14 4 3 7 6 11 0 9 10 5
0 0 15 0 5 16 0 3 12 10 4 1 11 2 0 8
0 5 0 11 0 0 0 9 15 0 14 0 1 4 16 3
0 0 11 5 0 0 3 8 0 0 15 0 2 0 4 0
6 7 0 13 0 0 16 15 2 0 0 0 3 11 8 0
3 16 0 0 13 10 2 6 0 8 11 12 0 0 9 0
0 9 8 0 1 11 0 5 0 0 0 16 10 14 6 12
