9 15 3 0 10 0 0 0 6 0 0 14 0 0 12 0
0 4 5 0 11 9 13 0 0 0 0 12 0 0 10 0
16 0 10 2 0 0 12 14 0 0 0 0 15 5 3 4
0 11 0 0 5 0 3 2 0 0 0 10 7 14 9 16
4 0 15 0 9 3 0 13 0 1 6 2 5 0 11 7
10 0 1 0 0 4 0 11 13 7 0 5 0 2 8 6
0 7 2 11 8 6 10 0 14 4 9 3 13 16 0 0
3 0 0 0 2 0 7 5 8 11 0 15 12 9 0 0
15 0 0 12 4 14 6 10 2 13 0 1 11 8 5 0
6 3 14 5 13 0 0 1 0 0 0 0 2 15 7 9
1 8 11 10 0 0 2 0 5 0 15 0 4 12 14 13
2 0 7 4 3 5 0 15 0 12 0 8 0 0 16 10
7 0 4 3 0 10 5 6 15 14 8 0 16 11 13 0
0 5 13 0 0 2 0 0 0 0 12 0 0 0 0 8
0 0 9 15 0 0 4 0 1 2 5 16 0 0 0 12
0 0 8 0 14 11 0 16 3 0 0 0 0 7 2 5
