15 0 11 6 10 0 9 0 8 14 16 13 0 7 2 0
0 0 12 0 16 0 13 0 5 10 2 6 0 4 0 0
0 1 2 13 5 15 6 0 3 11 0 0 10 0 12 0
10 16 0 7 8 11 0 14 1 12 0 0 13 9 6 3
0 0 9 15 0 0 10 13 16 0 1 0 0 14 11 0
16 10 0 0 0 0 5 12 0 4 14 0 8 15 0 0
13 0 8 1 15 0 14 11 10 0 12 3 6 0 5 7
0 11 0 0 0 9 8 16 0 7 0 5 0 0 1 2
0 6 4 14 0 0 0 0 13 0 0 10 7 2 16 0
0 7 0 8 0 10 4 0 2 0 6 11 0 13 15 0
0 15 1 0 13 16 0 5 14 8 0 0 0 0 10 12
5 0 16 0 14 2 0 6 12 0 15 9 0 11 0 8
0 8 0 16 0 14 0 15 9 0 0 0 0 3 13 0
3 0 13 5 0 0 0 10 4 0 0 0 14 12 0 0
6 0 0 0 3 13 1 2 7 15 8 14 16 5 0 0
0 14 15 4 9 5 0 8 6 0 3 16 11 0 7 10
