6 1 12 11 0 2 9 5 10 0 3 15 14 16 0 0
15 0 0 2 0 0 0 11 9 12 0 0 7 6 0 0
4 16 8 0 15 12 13 10 5 7 14 0 0 0 2 11
10 14 7 0 6 0 0 3 2 0 0 0 13 15 5 12
11 0 6 10 14 0 0 4 12 3 7 0 5 0 16 2
0 12 14 0 5 10 0 7 16 0 0 0 0 11 6 4
0 5 0 7 12 0 16 6 0 10 15 0 0 9 13 0
16 15 0 8 3 13 0 9 6 0 5 14 10 0 0 1
1 4 9 0 8 14 12 15 3 0 2 10 16 0 11 7
0 0 0 14 0 0 0 16 1 0 6 9 0 4 10 0
7 0 0 0 0 0 0 0 0 0 16 12 8 2 0 3
5 3 16 12 13 9 0 2 7 0 4 8 1 14 0 6
0 0 0 0 10 11 0 0 8 4 12 7 0 0 1 9
9 0 3 4 0 0 0 14 0 16 13 0 0 10 0 0
12 0 11 0 0 6 3 8 0 9 10 0 0 5 0 0
13 0 0 0 0 0 4 0 0 6 0 3 11 0 8 16
