0 4 11 7 14 16 0 2 3 15 9 13 12 8 6 0
0 6 12 0 13 7 0 0 16 0 4 2 0 0 3 9
0 0 3 0 0 10 0 15 0 6 8 7 14 0 1 2
8 15 9 0 0 6 1 3 12 14 10 5 13 11 0 0
0 12 0 0 0 11 14 0 9 0 0 16 4 6 15 1
0 13 0 0 0 0 8 0 0 2 0 0 3 7 10 14
0 2 7 15 0 13 0 0 0 12 14 0 8 9 5 0
9 11 0 14 5 0 0 0 6 8 15 10 0 0 13 0
0 0 14 0 11 0 16 0 10 4 2 6 9 13 12 7
0 7 6 0 8 0 10 13 1 3 12 9 16 5 14 15
16 0 10 13 9 0 0 14 0 0 7 15 0 1 2 0
12 0 0 0 0 15 0 4 13 5 16 14 0 0 11 0
11 0 0 0 7 0 4 6 0 10 5 0 1 14 16 0
0 10 0 0 1 0 15 0 0 0 3 0 0 0 8 6
2 14 8 6 10 5 0 0 0 16 0 1 0 12 0 3
0 0 0 0 3 14 2 0 15 13 0 0 11 0 9 0
