9 0 0 0 13 10 3 0 7 0 0 15 2 0 4 0
11 0 2 4 0 1 7 5 0 0 0 8 3 0 10 0
0 0 7 0 0 2 11 0 0 9 0 3 16 15 12 5
0 0 0 1 0 12 0 15 0 2 10 14 9 6 7 11
5 7 0 8 16 4 0 3 9 6 14 0 11 10 0 0
0 0 1 15 6 11 5 0 3 0 2 4 0 0 0 7
2 11 0 14 7 0 0 0 5 10 16 1 6 3 8 0
4 6 3 10 14 9 0 0 11 0 0 13 12 5 1 16
14 3 0 7 0 0 0 4 1 0 0 0 0 2 9 0
0 0 11 0 3 0 0 0 2 12 0 0 7 0 0 10
6 12 10 9 0 14 2 7 0 3 0 0 4 11 0 13
16 0 0 5 12 0 0 9 0 14 0 7 8 0 3 0
7 0 0 0 15 0 0 11 0 1 3 16 13 4 0 8
0 4 0 3 0 7 0 16 8 0 13 2 0 12 11 0
8 9 16 12 0 3 13 1 14 0 15 11 10 0 6 0
0 5 0 11 2 8 4 12 0 0 0 6 1 14 0 0
