13 5 1 10 9 0 2 0 0 11 0 7 6 4 16 15
4 0 2 0 0 11 14 5 6 1 0 0 8 3 0 0
3 0 0 0 0 4 16 0 0 10 0 0 0 0 0 11
11 0 0 16 6 15 0 0 3 2 0 0 9 0 14 7
0 16 4 0 0 6 0 0 10 0 0 12 0 2 9 14
0 0 0 1 0 16 0 0 11 9 0 2 15 0 3 4
0 0 0 0 2 12 0 0 0 5 4 8 0 13 0 0
0 3 9 13 11 7 4 10 16 15 0 0 1 12 0 5
8 12 0 0 15 0 1 0 9 0 2 0 16 0 0 0
10 1 0 0 4 2 12 0 15 8 0 16 0 0 5 9
14 0 16 6 0 0 0 11 7 12 1 13 3 0 2 8
9 11 15 0 7 0 8 16 0 14 6 3 4 10 1 12
6 2 8 4 3 9 15 13 12 0 10 14 5 0 0 0
1 7 10 0 14 0 6 12 2 0 5 11 0 0 4 0
5 13 11 9 16 0 7 0 0 0 8 0 0 14 6 0
0 14 3 0 10 5 11 0 0 6 0 1 0 8 15 0
