1 2 11 13 16 0 0 6 14 0 4 7 0 15 5 0
0 0 14 8 4 0 2 1 11 6 0 12 7 10 3 16
16 0 7 0 0 5 9 0 2 0 15 0 0 0 4 0
0 0 3 4 7 0 13 10 0 9 0 0 2 0 12 11
4 5 0 3 10 0 0 2 6 12 14 13 1 0 8 15
12 0 13 0 0 4 0 3 0 0 8 10 5 9 0 6
2 7 0 14 0 13 15 0 0 1 5 0 11 0 0 0
8 1 0 16 0 9 0 0 0 0 3 4 12 2 13 0
0 0 15 0 2 1 10 0 13 3 0 0 0 4 16 12
3 16 0 0 14 11 4 15 12 0 0 6 0 13 7 1
11 12 0 1 13 0 8 16 0 0 0 14 3 5 15 9
0 13 4 0 0 12 0 0 0 0 0 1 0 0 6 2
13 0 0 0 15 0 7 4 1 14 12 8 16 6 0 0
9 4 0 0 5 0 1 11 0 16 6 15 13 8 0 10
10 0 0 0 12 2 0 13 0 0 0 0 15 7 0 14
0 0 0 0 9 16 6 8 10 0 7 2 0 0 11 0
