0 10 4 12 2 5 0 0 0 6 0 0 16 0 1 0
1 0 15 2 10 16 0 14 4 12 0 3 6 5 11 7
0 9 7 14 0 0 0 0 0 1 13 5 0 15 0 0
0 3 16 0 1 7 6 0 11 10 0 0 12 14 9 4
16 14 0 8 0 0 13 2 0 11 0 0 0 10 12 0
12 11 0 0 5 4 7 0 2 15 0 6 3 0 0 0
15 7 13 9 0 0 1 0 10 0 0 0 0 0 0 11
2 4 0 0 0 0 10 0 0 13 12 0 7 1 14 5
0 0 0 0 7 9 0 12 13 3 5 0 15 0 0 6
0 0 8 6 14 11 3 1 15 0 0 0 13 16 7 0
7 2 14 13 0 0 0 5 6 0 16 0 1 0 3 0
3 12 9 15 0 13 16 6 7 4 1 2 10 11 5 14
13 8 3 7 0 0 15 4 9 14 0 1 5 12 10 16
0 0 10 0 0 3 14 0 0 0 6 0 0 7 13 1
0 16 0 0 0 0 0 0 5 7 0 13 14 6 15 3
14 0 12 11 0 0 5 7 0 16 0 0 0 4 0 8
