4 0 2 16 5 3 12 15 0 9 8 0 0 6 0 0
9 15 0 13 0 14 10 16 0 0 7 0 12 4 1 5
10 6 0 0 4 7 2 11 13 12 0 16 8 0 0 15
11 0 5 7 0 0 13 0 4 15 6 0 16 0 3 2
0 1 13 15 14 12 6 0 0 3 10 9 11 5 0 16
0 5 10 0 13 11 0 0 15 6 16 1 0 0 12 0
0 0 6 0 16 0 0 1 5 0 14 11 10 0 0 8
0 11 16 8 10 0 15 0 7 0 13 0 1 0 0 0
0 2 0 11 7 0 0 5 0 8 3 0 0 0 14 0
0 0 12 10 0 0 14 0 11 5 0 0 4 7 0 6
0 4 0 1 12 15 0 0 14 13 9 0 0 0 0 3
5 9 3 0 0 4 0 8 0 0 12 0 15 1 16 13
15 10 14 6 8 2 4 13 9 0 11 7 3 16 0 12
0 0 9 2 0 16 0 12 0 14 15 0 6 8 10 4
8 3 0 12 15 10 0 14 6 0 4 0 0 9 0 0
0 0 4 0 3 0 0 0 12 0 0 0 14 15 0 0
