0 0 2 6 0 0 4 10 0 8 5 0 0 13 11 0
0 0 0 4 6 11 8 0 0 1 0 0 5 9 0 0
11 0 8 1 13 0 0 5 10 14 0 9 0 0 12 2
0 15 5 14 0 12 16 9 0 13 0 6 0 1 0 8
0 8 11 7 15 0 10 0 0 16 3 1 13 0 9 12
9 0 0 0 14 13 12 4 2 15 7 8 0 5 0 0
0 1 0 13 9 5 3 8 0 0 10 11 0 16 7 4
5 2 0 3 0 16 11 0 13 0 9 0 8 0 0 0
16 0 9 0 0 4 5 7 0 2 0 14 12 6 10 0
0 0 4 11 0 8 1 16 7 10 0 0 15 2 14 9
1 0 0 0 10 9 14 0 0 0 0 0 16 0 8 0
8 14 0 10 12 2 13 6 0 0 16 0 3 4 0 1
0 0 0 5 16 0 15 11 8 0 13 0 0 7 2 10
13 11 15 9 0 0 0 3 0 0 1 10 4 0 0 0
2 7 1 0 0 10 9 12 6 0 14 3 11 15 13 16
0 4 0 0 0 0 0 13 0 9 0 2 14 8 1 0
