4 0 0 1 9 0 12 14 6 16 11 0 0 2 0 15
11 0 13 10 4 3 15 0 2 9 1 12 16 14 5 7
0 0 0 7 16 0 0 1 5 0 4 0 0 3 0 0
9 0 0 0 0 0 11 10 8 0 3 14 13 6 4 1
15 12 0 0 0 14 10 0 13 2 0 0 0 0 6 5
10 1 0 6 12 9 5 3 0 0 8 7 2 0 14 0
5 0 16 3 0 6 13 2 11 14 0 1 7 12 8 0
7 0 14 2 0 0 0 4 12 6 0 0 15 10 11 0
1 0 0 4 7 0 0 6 0 11 12 0 5 0 9 0
12 10 0 9 13 16 0 5 0 3 7 8 0 0 2 14
14 0 15 0 8 0 0 0 0 5 0 16 0 0 0 0
16 5 7 13 14 0 0 11 0 0 0 2 12 4 1 0
0 0 9 14 10 5 7 0 0 0 2 0 1 8 13 3
0 0 0 12 6 0 0 0 7 1 0 5 14 9 16 0
8 7 2 0 3 1 9 16 10 13 0 0 4 0 0 0
13 0 0 16 2 11 0 12 0 8 0 0 6 0 7 0
