0 10 0 0 7 11 1 0 0 0 12 13 14 2 16 0
9 13 7 0 5 14 0 6 0 0 0 11 12 3 8 4
0 16 6 12 0 8 0 3 2 7 14 1 0 11 10 13
0 0 0 0 13 0 16 0 8 5 0 0 0 7 0 0
0 3 0 5 14 2 13 0 0 0 1 7 16 4 12 6
8 0 2 11 0 3 4 5 12 0 13 15 10 14 9 0
7 0 10 6 12 15 0 0 0 8 16 9 0 0 0 2
0 4 12 16 10 7 6 9 0 14 0 0 1 8 0 0
10 2 3 7 0 9 14 11 15 13 5 16 8 1 4 12
0 0 1 13 0 0 7 0 10 12 0 6 0 0 0 0
0 0 5 15 0 0 3 0 7 0 0 4 0 13 0 0
0 0 16 4 0 5 8 13 0 11 0 14 7 15 0 10
0 5 0 0 0 0 15 2 13 16 7 10 4 0 14 0
0 6 0 3 0 13 0 0 0 1 0 0 0 0 7 15
4 0 0 10 8 0 0 14 9 0 6 2 13 12 11 1
0 11 13 2 3 0 0 0 0 0 0 0 9 16 5 8
