0 15 3 0 0 12 14 0 16 2 5 10 0 7 11 0
0 0 16 14 0 0 0 1 0 0 0 7 12 6 0 0
8 12 2 1 0 4 7 0 3 11 0 0 10 14 13 0
5 0 0 7 11 2 16 8 1 13 12 0 0 9 15 3
0 8 11 16 0 0 9 0 6 14 0 0 0 4 12 0
1 5 0 3 4 16 0 0 0 7 10 12 2 11 0 0
2 4 0 0 8 14 12 3 0 1 0 5 0 15 6 9
0 9 15 0 0 7 0 10 13 0 3 4 5 16 1 14
0 2 8 5 3 6 15 0 0 9 1 0 13 10 4 12
10 1 0 0 12 0 2 14 4 0 8 15 0 0 0 0
0 0 9 0 10 13 1 0 0 0 0 16 14 0 0 0
16 11 0 15 0 0 0 0 14 10 0 13 9 0 2 1
3 0 1 8 0 11 13 0 0 0 7 0 16 2 10 4
15 0 0 11 0 10 5 0 0 0 13 3 8 0 14 7
13 7 5 12 0 0 0 2 0 0 0 0 6 1 9 11
9 6 10 2 0 8 0 0 0 0 11 1 0 0 3 0
