0 0 2 0 4 13 6 5 10 0 8 0 1 14 16 0
5 16 0 13 2 0 1 10 0 0 0 0 4 15 0 8
8 15 0 14 11 0 0 16 5 0 13 0 0 10 6 9
0 0 10 0 8 0 0 14 16 0 11 4 13 2 5 0
0 0 0 11 3 0 0 8 0 0 15 0 7 12 13 5
7 4 0 0 12 2 0 15 0 16 0 0 0 0 0 0
0 1 5 0 14 6 0 9 2 10 0 12 8 11 0 16
13 9 14 12 10 0 16 7 4 0 1 5 6 3 15 0
11 14 1 16 9 3 0 4 7 15 0 2 0 6 12 0
0 0 9 2 0 16 11 0 8 1 14 6 15 0 10 3
6 12 3 15 5 10 7 0 0 9 0 13 0 0 1 0
0 0 0 8 0 0 15 6 3 0 0 0 0 0 2 4
14 0 0 0 0 0 2 13 12 4 5 3 0 0 0 0
0 0 15 10 0 5 12 11 1 0 16 0 9 0 14 6
16 8 0 4 6 9 0 1 0 11 2 0 0 0 7 0
1 11 0 5 16 4 10 0 6 0 0 0 2 0 0 15
