5 14 0 8 10 15 0 11 6 1 4 2 7 13 9 16
13 6 11 10 14 7 2 0 0 0 8 16 0 4 0 0
0 0 4 15 16 0 0 0 14 5 13 0 11 10 0 6
1 3 0 0 0 6 0 4 11 7 10 15 2 14 0 5
15 0 3 5 0 8 11 9 0 0 0 6 10 12 2 14
0 0 0 0 2 14 0 12 7 0 0 0 15 0 0 0
4 9 14 0 0 1 0 16 0 8 15 0 0 0 11 0
0 1 0 0 0 0 6 13 4 2 14 11 0 0 5 9
6 8 0 9 3 11 0 14 12 10 0 0 0 2 0 0
0 0 1 0 9 0 0 8 2 0 0 0 14 0 16 0
0 5 0 13 6 4 0 10 0 15 11 0 3 9 7 12
11 0 16 0 7 13 1 2 3 0 0 0 8 15 0 0
12 13 8 3 11 0 0 6 15 0 7 0 4 16 0 2
0 16 5 0 1 0 8 7 13 6 2 4 12 0 3 15
0 0 7 0 12 2 9 0 8 16 0 14 5 0 0 0
2 0 0 1 0 0 0 3 0 11 12 0 9 0 14 0
