13 0 8 0 0 6 2 0 10 0 0 3 0 7 0 4
9 7 10 0 5 0 8 0 15 0 4 6 0 11 12 2
5 6 4 11 0 0 14 3 12 0 8 7 0 0 0 13
14 0 0 16 12 10 7 4 11 1 0 5 8 0 6 3
0 8 15 0 6 14 16 0 9 0 0 13 11 12 0 0
0 5 0 0 0 0 10 7 0 0 0 1 0 0 8 0
11 0 1 0 4 3 0 0 14 16 12 0 0 15 9 0
0 3 13 0 8 0 12 2 0 0 11 10 0 0 4 0
10 14 0 0 1 13 15 0 0 12 6 11 5 4 0 9
6 9 11 0 0 2 0 0 7 0 10 14 0 13 0 1
15 13 3 0 10 12 0 0 16 8 5 2 0 0 7 0
2 0 16 5 0 0 11 6 1 0 0 4 0 0 3 0
8 16 6 0 2 11 0 12 4 0 0 0 0 0 15 10
0 4 5 10 7 8 0 14 13 3 0 0 9 6 11 0
0 11 14 7 0 5 0 15 0 10 1 12 4 2 13 0
0 0 9 15 13 4 6 0 0 0 7 0 3 5 14 0
