8 0 9 7 14 13 5 6 11 0 16 12 0 0 3 0
5 0 2 0 10 0 15 7 0 0 3 14 16 0 0 0
0 6 0 14 0 0 1 0 5 0 0 8 0 7 12 15
0 0 0 4 8 16 9 12 6 0 7 10 1 0 0 13
0 8 10 0 1 15 0 2 7 3 14 0 12 0 6 5
4 0 3 0 12 10 8 0 15 0 0 2 13 16 7 1
6 12 7 15 13 14 11 16 0 8 1 0 0 0 0 10
13 2 1 11 0 7 3 0 10 0 12 9 0 8 0 0
11 0 6 2 3 9 0 14 16 0 15 1 0 0 13 0
0 9 15 13 16 0 0 0 8 5 2 7 0 0 1 0
3 0 0 0 5 0 13 15 14 0 9 11 0 6 16 2
1 0 0 16 7 0 0 8 0 0 4 0 0 15 11 0
12 15 0 3 4 0 0 0 9 1 8 16 0 14 0 0
0 0 0 0 15 5 0 13 0 0 11 6 0 0 0 3
0 11 0 1 0 0 14 3 12 7 5 0 0 0 0 16
0 5 14 6 11 8 16 0 3 13 0 0 0 12 15 7
