2 4 9 0 10 1 5 7 0 0 0 12 8 0 3 0
0 5 0 10 6 16 9 0 0 0 3 15 4 0 0 14
0 7 0 8 12 2 15 0 0 0 13 0 5 0 0 10
15 0 0 0 14 0 0 8 5 10 7 0 1 16 0 2
0 0 4 2 13 0 12 10 14 0 15 8 3 0 0 0
0 13 0 0 15 14 7 1 12 5 11 0 2 0 4 0
8 0 0 15 5 4 3 0 7 16 2 0 0 11 0 0
0 11 14 7 0 8 2 6 10 0 0 0 12 13 0 9
11 10 0 0 0 0 6 0 4 0 9 2 15 0 1 0
9 1 0 6 7 12 11 0 0 0 0 10 0 0 16 0
4 0 2 0 1 10 16 15 11 7 6 5 0 3 0 12
0 0 0 0 9 0 13 0 16 0 0 1 6 0 0 0
13 15 0 0 0 7 0 0 0 2 10 0 16 0 9 0
6 9 8 14 0 15 10 5 13 1 0 16 7 0 0 3
0 16 3 4 2 0 14 0 9 0 12 7 11 5 0 0
12 2 0 1 4 9 8 16 3 6 5 11 10 14 13 0
