4 0 0 6 0 0 16 0 5 0 15 12 3 8 0 0
13 3 0 10 0 0 1 8 14 11 0 6 12 2 16 5
0 0 0 0 5 4 0 6 0 0 0 0 0 0 13 0
0 0 5 0 10 0 3 11 0 8 13 0 0 0 14 0
0 8 0 13 0 6 0 3 0 1 9 10 11 14 15 16
0 12 6 11 4 1 9 15 0 14 5 0 0 10 8 0
0 7 16 0 8 11 0 5 0 13 0 0 4 0 1 9
3 1 0 15 0 0 13 16 6 4 0 8 5 0 0 12
0 0 11 0 0 3 10 12 2 0 6 0 16 5 0 0
0 9 0 0 15 16 8 4 10 5 0 13 1 11 0 14
0 6 13 5 2 0 0 14 0 12 8 1 10 3 7 0
0 14 10 1 0 0 5 0 9 3 16 11 2 12 4 0
0 16 0 4 12 5 7 9 11 0 0 0 14 13 3 0
0 5 0 0 3 0 6 1 0 7 10 4 0 16 0 0
0 13 0 7 0 14 15 0 0 6 12 9 0 1 5 4
0 10 1 0 0 13 4 2 8 16 14 0 0 0 12 0
