14 7 0 0 15 5 0 2 11 9 0 12 0 6 0 0
0 0 8 0 14 0 4 0 0 1 16 0 0 0 0 0
0 11 3 12 0 16 8 1 6 0 15 10 0 5 0 4
5 0 1 13 11 0 0 3 0 0 2 14 0 10 8 16
0 12 9 0 3 13 0 0 7 0 14 0 0 1 2 10
1 8 0 5 0 0 2 0 0 0 0 0 13 11 0 0
0 0 0 2 7 8 11 4 1 3 0 0 5 16 0 0
16 0 0 0 6 1 0 0 0 0 11 8 12 4 0 14
11 13 16 0 4 0 0 5 0 0 10 15 14 7 6 1
0 0 12 0 16 3 14 10 13 0 7 0 11 9 0 15
15 10 0 14 1 0 0 0 12 0 0 0 16 0 13 2
0 0 0 0 2 0 13 0 0 14 6 0 0 0 10 0
13 16 2 3 5 0 15 6 0 11 1 0 10 12 4 8
7 5 11 0 10 4 3 12 8 0 13 2 15 0 16 9
0 9 10 6 0 0 7 16 15 0 3 4 1 2 11 5
12 4 14 15 8 2 1 0 0 16 5 0 6 0 3 0
