2 1 0 0 12 5 4 0 15 3 0 0 16 8 0 7
0 11 0 0 9 16 15 0 10 0 5 0 14 13 0 6
0 4 9 14 13 1 2 3 0 8 0 6 12 0 0 10
10 0 16 0 6 14 11 7 12 0 0 0 4 3 0 0
0 12 0 2 0 13 7 0 0 11 4 0 0 0 8 0
0 0 0 15 8 10 0 12 14 16 0 1 11 0 0 0
0 0 1 5 3 11 16 0 6 12 0 0 0 10 0 4
0 8 0 16 1 4 0 0 5 2 0 0 0 9 14 12
16 15 8 11 0 6 5 0 0 7 1 12 2 14 10 3
14 0 13 1 2 0 0 16 11 10 8 3 5 0 0 0
4 2 3 6 0 9 10 1 0 5 16 0 8 0 12 11
0 0 12 10 11 3 8 14 0 15 6 0 7 0 16 0
0 0 2 7 0 0 13 4 0 6 15 5 9 11 1 14
8 10 0 4 0 0 1 0 0 0 0 16 0 0 0 0
11 0 15 12 16 0 0 0 1 0 3 9 0 2 0 0
1 0 5 9 15 0 3 0 0 0 12 10 13 16 0 0
