2 0 0 0 0 0 0 8 7 0 15 0 10 0 0 5
14 9 13 0 0 12 0 0 2 0 0 0 16 0 6 15
10 0 0 15 1 0 0 5 12 0 11 0 0 0 7 0
0 11 3 7 0 6 0 0 9 0 16 0 0 0 12 0
0 0 1 13 0 11 14 6 15 10 2 0 3 4 5 9
0 14 11 0 0 2 0 0 0 0 5 0 1 6 16 8
5 0 10 3 9 0 7 16 13 6 0 1 2 12 14 0
6 8 16 2 0 0 0 3 0 0 0 11 0 15 0 7
4 0 0 8 2 0 11 0 0 12 0 5 15 0 3 0
13 0 6 14 15 3 12 1 16 0 0 9 0 11 2 10
0 0 2 16 7 8 6 0 11 13 0 15 5 14 4 0
0 0 0 1 5 0 16 4 0 2 0 10 6 0 0 13
0 1 15 10 0 7 8 11 0 0 9 0 0 0 13 0
16 2 5 4 0 10 9 13 0 0 0 0 0 7 15 14
3 7 0 6 12 0 1 15 8 0 0 2 11 0 9 0
8 13 0 11 16 4 2 14 10 15 6 7 12 5 1 3
