0 12 0 4 0 0 0 5 16 0 13 1 11 10 0 7
15 0 6 10 0 9 0 2 4 0 8 7 0 12 0 0
0 0 11 7 16 1 0 10 9 0 12 0 15 4 6 14
5 16 0 0 0 0 11 0 6 0 2 0 8 0 3 0
0 5 0 9 4 10 14 13 12 16 3 8 2 0 11 0
0 14 3 11 7 16 0 15 13 4 10 0 0 1 0 0
0 0 0 0 0 11 5 6 0 7 0 0 10 3 13 12
0 0 13 0 0 0 12 1 0 2 0 0 0 16 7 4
0 3 0 12 15 5 0 0 7 0 4 11 0 0 14 2
14 0 0 2 0 0 0 9 0 0 1 5 0 8 0 0
13 0 10 16 3 0 0 8 15 0 0 0 7 5 4 0
0 7 5 1 2 4 6 11 14 8 0 0 3 0 0 0
16 10 12 3 0 2 8 0 5 0 0 14 4 11 15 13
0 13 4 6 0 15 16 0 0 10 7 12 9 0 0 0
1 0 0 14 0 6 9 12 3 0 11 0 16 7 8 5
0 0 7 0 0 13 4 3 2 0 15 16 12 14 10 6
