7 0 6 16 13 4 1 2 0 0 8 9 12 0 0 0
0 0 0 0 0 0 14 0 0 0 2 16 4 9 10 0
4 0 14 2 9 8 0 3 6 0 0 10 16 13 0 15
15 3 9 0 10 0 11 16 0 12 1 13 8 6 0 14
0 0 0 0 7 5 3 9 8 10 14 11 15 2 0 4
11 9 0 7 0 2 4 12 1 16 0 5 0 0 0 8
8 4 5 15 0 14 10 13 0 9 12 2 0 3 16 0
2 0 0 0 0 0 0 11 13 0 15 0 5 0 0 9
16 15 8 9 2 12 0 0 11 5 10 1 14 4 13 0
0 7 0 0 0 0 13 5 0 0 0 0 0 0 15 0
5 11 0 4 0 3 16 0 2 8 0 15 0 0 0 12
12 6 0 0 4 15 9 0 3 7 0 0 0 16 0 2
9 2 4 13 0 0 0 10 0 0 11 0 0 0 8 0
3 0 7 0 8 13 0 0 12 1 16 0 0 15 14 0
6 0 12 8 0 9 15 1 10 0 4 3 0 0 11 13
10 1 15 14 0 11 0 6 9 13 0 0 0 0 4 16
