0 0 12 0 14 0 0 0 0 0 0 0 0 11 6 4
0 10 9 1 7 11 4 6 0 3 8 12 13 0 0 16
13 14 0 0 0 16 0 9 10 0 0 11 3 7 0 8
0 0 0 11 0 0 3 15 0 0 0 0 9 5 0 10
14 7 8 10 0 1 6 0 5 2 11 15 0 3 13 12
0 0 0 0 10 0 16 0 8 12 0 3 0 6 15 14
0 15 0 16 0 3 11 0 1 9 4 14 7 0 0 5
0 4 13 12 15 0 0 0 0 10 7 0 2 9 0 11
0 0 0 0 0 6 13 16 0 8 14 0 0 2 11 0
0 0 11 13 0 4 0 3 12 7 2 5 15 0 16 6
16 6 2 14 12 15 0 7 0 11 10 13 0 0 0 0
4 5 0 0 11 9 0 10 15 0 6 1 0 14 3 13
0 13 0 0 0 5 7 0 4 0 0 8 0 10 9 3
11 8 16 9 6 0 10 1 14 0 0 0 5 12 4 0
0 0 0 7 4 12 9 14 16 6 15 10 11 13 8 0
0 0 0 0 0 13 15 8 0 5 9 0 14 16 0 1
