1 3 0 0 5 0 7 0 0 10 0 12 14 0 4 16
10 0 8 0 0 14 4 16 0 1 3 9 2 6 15 7
0 0 0 14 0 0 3 2 0 0 15 8 0 13 11 0
0 0 0 9 8 6 11 0 0 0 2 0 1 0 5 0
0 9 16 6 12 5 13 3 15 0 0 11 0 7 1 4
15 14 7 13 16 10 0 6 3 8 0 0 5 0 2 0
0 1 2 0 11 9 0 14 0 0 10 0 0 3 8 6
3 11 0 5 0 0 8 7 13 6 9 1 15 0 16 0
6 0 14 1 15 0 0 0 2 12 0 3 9 5 0 10
2 7 0 0 0 0 0 1 6 0 8 5 0 0 0 15
11 0 9 0 6 0 5 0 10 14 7 15 16 1 12 2
0 16 4 15 7 12 0 0 0 9 11 13 0 14 0 8
0 0 0 7 0 16 0 0 12 11 1 0 0 2 9 0
13 10 11 0 0 0 0 15 9 3 5 14 0 0 6 0
0 6 0 0 0 13 9 0 0 0 0 0 4 0 0 0
9 2 5 16 1 7 6 0 8 0 13 10 3 0 14 12
