0 8 1 16 0 11 7 12 4 0 5 6 0 10 15 2
13 0 15 0 0 0 14 0 1 2 16 10 6 7 0 5
0 0 6 3 15 0 8 2 9 0 0 0 0 1 4 11
2 7 0 4 1 6 0 16 14 0 11 8 0 0 3 0
0 9 0 7 14 0 2 8 0 0 13 15 4 3 6 1
0 0 0 0 3 0 11 7 5 1 0 14 0 0 12 10
10 0 0 1 0 16 12 0 0 4 9 7 0 0 2 0
0 14 0 0 0 15 0 0 3 6 0 12 0 0 9 16
7 6 0 8 12 3 15 0 0 0 0 0 10 4 16 9
16 0 0 10 7 0 13 4 0 9 0 3 11 12 5 15
15 0 4 0 0 1 6 0 11 7 0 0 3 0 0 0
0 5 13 11 16 0 9 14 12 0 15 4 1 6 0 8
0 0 0 15 11 14 0 9 2 8 6 0 0 16 0 0
0 0 0 0 0 7 16 0 0 0 0 1 15 8 13 0
0 0 7 14 8 13 4 1 15 16 3 11 5 9 10 6
0 0 8 6 10 0 0 15 7 0 0 9 0 0 0 3
