14 12 0 0 16 8 2 10 4 1 9 7 13 0 0 3
3 0 0 0 0 0 0 5 2 8 0 13 0 10 0 12
2 1 9 0 6 11 0 13 10 14 3 12 4 7 8 0
7 0 8 0 12 0 0 0 0 0 6 5 2 16 14 9
8 4 0 15 0 13 0 12 7 9 10 16 14 5 0 0
6 0 7 0 11 1 0 8 14 13 0 4 0 12 0 0
0 0 0 14 15 4 0 16 0 0 0 11 9 2 7 0
12 13 16 10 0 5 7 0 0 2 15 0 0 0 0 11
0 5 0 0 3 0 1 0 6 10 4 8 7 11 16 2
0 0 1 4 13 6 5 0 16 3 0 0 0 0 12 15
10 0 0 0 8 0 11 0 5 12 0 14 6 1 13 4
16 0 6 0 0 2 12 4 13 0 0 15 0 0 5 14
5 0 13 8 1 0 0 3 9 0 0 2 11 0 0 16
15 7 0 0 4 9 16 2 3 5 0 0 12 0 0 0
0 0 0 12 7 15 0 11 8 0 0 1 0 0 0 6
9 16 0 11 0 0 8 0 0 4 13 0 1 0 0 7
