0 0 3 15 11 12 14 0 4 0 1 5 8 0 0 2
14 0 9 0 4 0 3 0 2 10 6 0 0 7 0 0
0 7 10 1 6 0 16 2 14 0 12 8 11 0 0 3
16 0 0 5 10 0 9 0 3 0 11 0 14 6 0 4
0 11 0 0 1 14 4 13 6 15 0 10 0 0 12 0
0 14 0 12 0 10 0 16 0 5 0 4 0 11 0 0
3 4 6 13 0 0 5 0 16 7 2 0 9 0 10 8
15 5 0 0 0 7 6 0 12 0 8 0 4 3 0 0
0 3 0 14 0 2 1 0 10 8 5 9 0 0 0 13
8 2 7 4 0 0 10 6 15 0 13 3 0 9 11 14
10 0 5 16 0 8 12 0 0 1 14 0 0 15 0 7
0 9 0 6 0 0 0 0 0 2 0 16 10 5 0 0
0 16 0 0 0 9 7 0 1 0 10 2 13 0 0 0
0 0 4 0 16 0 2 1 9 14 7 13 5 0 3 10
6 10 14 2 12 5 0 0 0 4 0 11 16 1 0 9
9 1 13 7 8 4 0 0 5 3 16 0 15 2 14 0
