0 0 1 0 0 16 12 0 15 11 7 6 10 3 13 9
0 0 0 0 7 3 0 10 1 0 8 14 0 11 6 15
12 0 0 10 8 0 1 0 9 0 2 16 0 0 4 0
3 0 15 0 6 0 2 0 13 0 4 0 1 0 16 12
7 3 11 12 0 4 10 13 0 6 14 2 0 16 15 0
0 9 14 0 1 8 0 0 5 13 12 0 0 4 7 0
13 0 0 6 14 15 0 0 0 0 3 9 12 0 10 0
15 0 0 1 0 0 0 0 10 0 16 7 13 14 3 5
1 0 13 0 12 9 0 4 3 8 15 5 0 0 11 0
0 15 3 0 0 1 5 0 14 10 0 0 4 0 0 6
14 0 0 7 11 6 0 8 12 0 0 4 0 0 2 3
9 0 12 11 16 0 0 0 0 0 0 1 5 0 0 0
8 1 2 0 15 0 6 0 16 7 0 0 3 9 5 4
0 14 0 0 13 5 0 9 6 0 1 3 16 0 0 2
6 0 7 3 0 0 16 1 4 9 5 8 11 15 0 13
5 16 0 15 3 0 4 12 2 0 0 11 8 6 0 0
