9 0 14 2 0 3 4 0 8 0 0 0 6 10 0 13
8 5 3 12 1 0 11 0 10 16 9 13 0 0 14 4
4 0 7 0 8 0 10 15 12 14 0 0 0 0 0 0
6 15 0 10 0 9 16 14 11 0 4 0 0 12 5 8
7 0 15 3 11 0 0 0 0 10 12 14 0 9 0 5
13 12 0 0 14 0 1 16 9 15 11 0 10 0 8 0
0 0 10 9 0 0 3 0 5 6 0 7 12 0 1 14
0 0 6 14 10 0 9 0 1 0 0 4 16 0 3 15
0 14 16 5 9 0 0 1 3 0 0 10 0 8 0 12
1 0 0 13 7 4 0 11 0 0 0 0 0 14 9 10
11 0 8 6 3 0 0 0 14 12 5 9 13 0 0 1
10 2 9 7 0 14 8 0 0 0 0 11 4 0 6 0
0 0 0 0 15 0 12 13 4 0 3 1 0 7 10 0
12 7 5 0 6 11 14 3 0 0 0 0 1 4 15 9
0 0 0 0 4 10 5 0 0 9 15 8 3 16 0 0
3 10 0 15 16 0 7 0 0 11 0 12 8 5 13 2
