7 1 8 0 9 12 2 10 0 3 5 13 0 0 0 0
9 10 4 12 11 3 0 8 0 16 0 14 0 0 0 1
0 0 13 0 1 14 0 0 9 0 0 0 11 0 0 3
0 5 0 11 4 13 0 15 0 0 6 1 0 12 0 9
4 0 16 0 0 0 0 0 0 0 0 7 15 3 1 0
0 3 12 10 16 15 11 0 2 6 9 0 4 8 13 0
15 8 7 0 0 0 10 1 3 0 0 4 9 6 11 0
6 11 0 5 13 4 3 0 0 1 12 0 10 2 0 16
0 13 10 4 0 6 14 11 1 2 0 3 5 0 0 0
5 0 0 0 7 2 15 4 0 0 0 0 14 0 0 0
0 14 9 2 0 10 1 0 4 7 8 11 0 15 12 6
12 0 15 1 0 16 0 13 0 0 0 10 0 11 0 0
10 4 0 14 15 7 8 2 12 0 0 6 1 16 0 11
11 15 0 16 0 9 13 0 14 0 7 0 6 0 3 8
0 0 6 7 3 11 0 0 0 9 1 0 0 0 14 0
3 0 2 8 14 1 4 6 5 0 0 16 12 7 0 13
