0 10 0 0 4 13 8 9 16 6 3 14 0 0 1 0
9 7 8 0 0 3 0 1 0 12 15 10 4 0 5 6
13 0 0 0 11 10 2 0 0 0 5 1 0 0 0 0
3 14 16 1 6 0 5 7 0 0 0 2 0 0 0 0
6 11 2 5 0 14 0 0 0 0 10 9 16 7 0 4
8 1 10 0 0 0 0 4 0 5 0 0 3 9 11 15
0 4 13 12 0 5 7 0 0 3 14 16 1 6 8 2
0 3 7 0 1 0 6 0 0 0 8 15 5 0 0 12
11 5 4 16 0 7 14 15 1 10 13 6 0 0 9 3
1 0 9 6 5 2 0 0 15 4 0 0 0 16 7 0
0 13 15 7 0 0 0 11 5 0 16 3 10 8 6 0
2 0 3 0 16 0 13 0 0 0 0 8 15 0 4 5
0 16 14 8 0 12 11 0 0 15 6 5 7 1 0 9
5 6 12 3 0 0 0 16 10 0 0 4 13 0 2 11
0 0 1 0 2 0 3 0 0 0 0 13 0 0 10 16
10 0 0 0 0 0 0 14 3 16 1 12 6 5 15 0
