2 11 10 0 0 0 16 5 7 9 8 15 0 0 1 12
4 0 0 3 1 15 0 14 13 12 0 10 2 7 0 6
0 0 6 7 0 10 3 13 16 0 0 1 0 0 4 0
0 15 0 0 0 12 0 2 3 5 0 0 0 13 16 0
0 9 0 16 15 13 4 0 0 1 2 0 12 6 11 7
0 10 1 15 0 0 14 0 0 0 0 0 0 9 0 0
14 0 7 11 0 1 5 16 0 6 9 13 0 15 3 4
12 0 0 6 0 0 11 8 10 3 15 7 14 0 0 16
0 0 0 5 13 9 0 0 2 14 7 0 0 10 0 3
15 0 0 0 14 0 12 3 1 0 0 5 16 0 0 0
7 0 9 0 8 16 0 0 0 0 10 3 0 4 15 1
0 8 3 0 0 0 10 0 9 15 0 0 0 0 14 13
10 0 15 0 0 14 6 11 12 4 0 9 7 0 13 2
13 16 0 0 0 5 1 9 0 7 3 2 4 0 6 11
11 0 0 4 2 3 0 12 6 10 1 8 15 0 9 14
0 3 2 9 0 0 0 15 14 0 0 16 1 12 10 5
