12 15 9 6 0 0 0 0 0 0 5 7 0 1 0 2
0 14 1 7 4 11 5 0 6 12 0 16 0 3 0 0
2 0 0 16 12 7 1 9 0 8 14 13 0 0 0 6
0 5 8 4 15 0 6 2 0 9 10 3 0 0 7 0
0 12 6 0 13 4 2 0 5 0 0 11 0 10 0 3
8 0 15 13 14 5 12 6 0 0 0 10 0 0 0 7
0 0 5 3 10 8 0 15 12 7 4 0 0 6 9 11
4 7 16 10 0 9 11 3 0 0 8 0 5 0 0 15
0 9 0 0 3 2 0 0 0 10 13 6 16 7 14 12
6 10 4 0 7 12 14 1 0 0 0 5 3 15 11 13
7 0 14 0 0 0 13 0 3 11 12 15 6 8 4 0
0 0 12 15 0 6 8 16 14 1 0 0 2 0 10 0
0 8 0 0 5 15 9 0 4 16 0 1 0 0 0 14
15 0 7 5 0 1 0 11 0 14 3 0 0 16 13 0
0 1 2 9 6 0 7 0 0 13 11 0 0 0 3 4
0 0 0 0 0 0 10 0 0 0 15 0 1 11 6 8
