16 3 5 10 7 15 2 0 14 6 11 8 1 4 9 0
0 0 0 12 0 8 16 0 0 4 1 9 10 0 0 0
0 6 7 0 9 0 14 0 0 0 3 0 11 0 5 8
0 9 0 0 0 3 11 12 0 15 7 5 0 0 6 16
2 0 13 0 0 6 5 0 1 12 8 0 0 3 0 4
0 0 12 0 2 0 0 14 5 0 15 11 0 0 0 0
8 10 15 5 12 9 3 0 16 14 6 0 13 2 0 11
0 1 4 3 0 0 10 16 9 13 0 0 15 12 14 0
0 14 0 2 4 10 6 0 0 5 0 0 8 1 11 15
0 16 10 1 13 5 0 0 11 9 14 3 4 6 12 0
13 5 8 0 16 12 0 0 0 0 4 0 14 9 10 0
0 4 0 9 11 0 0 15 8 10 0 0 16 0 0 3
10 0 11 0 3 0 0 5 2 8 9 0 12 0 4 0
0 0 0 0 10 0 9 0 15 0 13 0 0 0 0 6
14 0 1 0 6 7 13 4 0 11 10 12 0 16 8 0
0 8 9 0 0 2 0 0 4 16 0 1 7 10 15 13
