0 4 15 6 0 1 12 0 0 0 10 9 2 16 0 7
0 2 12 14 5 3 16 6 0 0 0 11 15 10 0 4
1 0 0 0 4 15 2 7 12 8 0 0 0 13 5 6
0 0 13 16 8 0 10 11 0 0 0 0 0 14 1 3
15 16 10 0 0 14 5 8 0 11 0 2 4 0 0 0
3 11 0 4 0 2 7 12 1 0 13 10 0 15 9 14
0 0 9 1 0 13 4 0 0 15 8 3 5 7 12 11
0 6 5 7 3 11 0 0 9 0 0 4 16 8 10 0
0 0 0 0 10 0 0 0 2 1 0 13 0 5 0 0
0 12 0 15 1 6 0 9 11 10 5 0 7 2 4 0
0 13 0 10 0 0 11 0 14 9 0 8 0 12 0 0
11 0 2 5 0 16 14 0 3 6 0 7 0 0 15 0
0 0 0 8 0 12 9 16 0 13 0 5 1 11 2 0
10 9 0 13 11 0 1 2 6 14 0 12 0 4 7 15
0 15 0 2 14 8 6 0 0 0 11 0 13 0 3 0
5 1 4 0 0 0 13 3 0 0 9 15 0 0 16 0
