15 11 3 5 12 0 0 4 8 14 9 0 6 2 7 0
0 13 16 7 2 0 0 6 3 0 0 12 0 14 10 0
0 0 1 2 0 14 5 13 16 0 10 0 9 0 15 0
14 9 10 0 0 3 7 16 2 6 1 0 12 0 13 0
4 16 14 15 0 13 0 0 1 0 0 0 0 12 9 8
0 0 0 0 3 11 14 2 0 9 0 0 13 10 1 15
6 2 0 0 9 16 0 7 0 10 15 8 5 11 3 14
0 10 0 9 15 8 0 0 13 0 7 0 0 4 2 0
5 7 0 0 6 0 16 9 14 12 3 0 0 0 4 10
11 12 4 0 0 0 0 0 9 1 16 10 0 0 6 0
0 0 6 0 13 10 12 14 4 15 2 7 11 5 16 0
10 3 15 0 0 0 11 1 5 0 0 6 2 0 0 12
1 0 5 0 0 6 0 11 0 4 8 9 14 0 0 2
13 4 0 3 0 0 0 0 11 0 14 5 0 0 0 0
2 8 0 6 14 0 0 0 0 13 12 0 4 16 0 1
16 0 12 11 7 0 0 8 10 0 0 0 3 15 0 0
