0 4 15 16 11 0 0 12 10 0 0 0 0 0 0 9
7 10 0 0 8 3 1 2 0 0 6 15 13 0 0 12
0 0 0 2 0 0 4 13 0 0 8 16 10 0 0 7
12 0 6 13 0 16 15 10 4 0 0 7 3 0 0 5
0 12 8 0 4 2 0 0 13 1 7 0 0 10 6 15
1 2 16 0 10 12 5 8 15 4 14 9 0 13 3 0
0 0 5 10 0 0 6 7 3 0 0 11 0 8 9 0
13 11 0 7 16 0 0 9 8 2 10 0 14 0 0 1
2 16 14 12 5 11 7 4 0 0 0 0 9 0 10 0
10 5 3 8 0 14 0 16 0 0 15 4 11 0 0 0
0 6 11 0 0 10 13 0 0 8 5 0 4 7 16 0
4 0 7 0 2 0 8 6 16 11 9 10 0 0 0 0
6 7 0 5 3 0 0 11 0 15 0 0 0 0 0 10
16 0 13 11 7 6 2 0 0 0 0 0 15 4 14 3
8 0 10 0 13 9 0 15 5 16 3 2 0 11 0 0
15 9 0 3 14 4 0 1 7 0 11 0 8 5 2 0
