6 2 5 0 14 12 0 0 4 8 10 7 0 0 0 15
9 1 8 12 7 10 0 0 0 2 16 0 5 3 14 6
14 0 4 0 16 8 0 0 1 0 0 5 0 0 10 2
0 16 10 13 5 11 0 2 0 9 3 15 0 0 1 8
0 0 0 4 0 0 8 0 0 11 1 2 10 9 7 12
0 12 14 2 3 9 16 7 0 0 0 10 0 1 0 0
0 15 0 7 6 2 4 0 0 12 13 0 0 0 3 0
8 0 13 5 0 15 0 12 3 14 7 16 0 4 0 11
15 13 7 0 12 0 2 0 0 1 0 0 0 16 0 5
12 4 0 14 8 0 0 0 0 16 9 3 0 10 15 1
2 11 16 3 0 0 0 10 6 0 15 0 12 0 4 7
1 0 0 8 15 4 11 0 7 10 2 0 0 6 0 0
0 7 2 16 0 0 0 13 10 3 11 6 0 0 12 0
0 8 11 1 0 0 10 3 12 15 0 14 7 2 16 0
3 14 15 6 0 0 0 8 0 13 0 0 0 0 0 0
4 0 0 0 11 0 0 15 0 0 8 1 13 14 6 3
