0 4 10 5 15 9 0 3 8 6 14 2 0 0 11 0
0 12 7 2 14 0 13 0 0 9 0 0 10 0 6 3
0 8 0 1 11 10 4 6 0 0 12 0 16 2 5 0
0 14 13 0 7 0 0 0 0 0 16 5 15 0 0 9
13 9 12 4 8 0 7 0 0 0 6 1 0 0 10 5
8 0 0 7 16 0 0 0 0 0 13 11 14 1 4 2
0 2 16 0 0 0 15 13 5 3 4 0 0 9 0 8
1 0 15 10 3 0 14 4 7 0 0 9 6 0 13 0
0 13 11 14 0 0 3 16 0 0 9 4 1 0 0 0
0 0 1 8 4 13 0 0 0 0 0 14 0 12 2 0
7 16 0 0 0 15 8 1 0 13 5 6 0 3 14 11
9 0 0 6 2 14 0 12 3 0 8 7 4 16 0 0
5 11 0 0 9 3 0 8 0 4 0 13 0 0 12 0
0 0 2 15 6 0 5 0 0 0 10 16 8 13 9 0
10 7 0 9 13 4 16 14 6 2 0 12 0 0 3 1
4 0 14 13 12 0 2 0 9 5 3 0 7 0 0 6
