8 0 12 0 0 14 6 4 0 10 16 0 13 0 0 0
0 0 0 0 15 2 0 0 8 0 0 0 4 6 12 3
2 9 13 15 16 0 1 0 6 11 5 0 7 0 10 14
4 6 10 14 8 0 5 11 0 0 12 0 1 9 16 0
7 2 14 0 9 0 0 1 3 16 0 12 11 0 5 0
10 13 5 9 14 15 0 16 11 8 0 0 2 0 0 6
0 12 15 0 0 0 0 0 13 9 0 10 16 0 1 0
0 0 8 0 0 7 11 0 5 0 14 0 9 15 3 0
0 0 16 8 3 9 12 5 4 13 6 7 10 0 15 2
0 0 6 12 4 1 10 2 15 5 3 9 14 0 0 16
0 5 3 0 0 6 8 0 0 2 11 16 12 7 0 0
9 1 2 0 0 0 0 0 12 0 10 0 0 0 0 0
0 14 0 0 0 12 0 9 16 0 8 6 15 5 2 0
0 8 4 7 2 11 13 15 0 0 1 0 0 0 0 12
0 0 11 0 5 8 16 6 0 15 9 0 3 0 14 1
6 0 9 5 1 0 14 3 0 0 0 0 0 16 13 7
