0 0 12 2 0 0 0 0 3 16 5 14 0 9 0 6
0 13 15 0 1 0 0 0 0 0 8 10 4 12 7 2
3 0 11 6 7 0 0 5 12 0 0 13 10 1 16 8
9 0 4 10 12 0 0 13 0 0 0 7 0 0 3 15
4 10 16 0 6 3 15 9 2 1 0 8 12 0 5 0
0 9 3 15 13 0 12 0 16 0 6 5 8 0 4 0
12 1 0 0 11 5 0 2 0 0 0 0 0 10 0 0
13 6 5 0 4 10 8 14 0 12 7 9 3 16 0 0
10 11 13 0 0 2 6 16 4 7 0 0 0 8 14 5
0 0 14 8 9 0 0 0 5 0 10 3 0 4 0 11
15 5 0 9 14 11 10 4 0 0 2 0 13 6 12 3
6 3 1 4 0 0 5 0 11 0 14 12 0 0 0 0
0 0 9 0 2 4 0 11 8 5 0 0 0 15 10 16
11 16 0 0 5 0 0 3 14 0 15 2 0 0 8 0
0 15 2 0 16 1 0 10 0 9 12 0 14 0 11 0
0 4 6 0 8 12 9 0 0 0 16 11 0 5 1 0
