0 0 10 3 0 5 0 6 16 11 12 0 0 0 2 0
1 4 5 12 0 2 14 11 10 13 0 8 6 0 15 0
0 11 8 0 1 0 12 16 0 4 3 0 0 0 0 0
6 2 16 7 13 0 9 8 14 15 1 0 12 3 4 0
2 0 1 16 0 0 3 0 5 9 8 6 7 15 13 4
0 0 9 11 0 6 0 7 4 0 10 0 14 2 1 0
3 0 15 0 0 1 2 0 13 0 0 12 0 6 11 0
5 14 7 0 12 0 0 15 11 1 2 0 9 8 3 0
0 0 0 0 7 0 0 2 0 0 0 13 3 14 12 8
8 9 0 0 0 15 11 12 0 0 5 0 0 0 6 16
16 7 11 13 6 0 1 0 12 10 15 0 0 4 0 2
4 5 12 0 0 0 0 0 8 2 0 1 15 11 0 0
10 0 4 8 0 12 0 0 3 0 13 14 11 9 16 15
12 0 0 5 0 11 0 0 2 6 0 0 13 1 0 0
0 0 2 0 14 3 8 13 0 0 9 11 4 10 0 6
0 0 13 9 15 16 6 0 0 8 0 0 2 0 7 0
