0 0 0 10 3 0 2 0 11 0 15 13 7 8 6 0
8 15 4 0 9 11 10 13 0 6 12 0 1 0 0 0
14 11 0 0 6 15 5 1 0 3 0 0 0 0 4 0
6 0 2 3 8 16 0 0 0 0 1 0 0 11 0 0
7 0 8 0 13 0 11 0 2 4 10 0 0 0 15 14
2 0 9 0 0 6 8 0 14 5 11 0 0 3 0 0
13 16 0 14 0 2 3 5 0 8 0 1 9 12 11 4
1 4 5 0 14 12 0 15 0 13 0 3 6 0 8 2
15 0 0 4 1 7 0 0 0 2 0 14 0 0 9 8
0 6 10 2 16 0 14 0 7 11 0 0 0 0 0 12
11 13 16 0 0 0 9 0 0 0 0 6 4 0 2 7
12 7 14 8 0 5 0 11 1 15 4 0 3 0 10 0
16 8 6 0 12 13 0 0 0 7 0 4 0 9 0 0
0 12 1 9 7 8 15 14 13 10 6 11 2 0 16 0
0 0 0 13 5 9 4 6 8 0 3 0 0 0 12 15
4 14 7 15 11 3 16 0 0 9 2 5 0 1 0 0
