0 4 0 10 1 15 14 2 0 0 0 16 0 5 0 3
1 6 9 2 0 0 16 3 15 0 14 7 10 11 12 13
0 0 3 0 6 13 5 0 1 0 0 0 0 15 14 0
11 14 15 5 12 0 0 0 0 0 0 13 0 0 2 16
3 13 8 0 11 10 12 1 0 4 16 0 14 9 5 6
10 0 0 0 9 14 0 16 6 12 0 0 13 2 0 11
0 5 0 12 0 0 0 0 10 11 9 0 0 0 16 0
0 9 0 16 5 0 8 6 0 0 3 0 0 7 0 0
0 10 14 3 7 0 0 0 5 0 15 11 0 0 1 0
0 12 4 0 0 3 0 9 0 14 0 0 0 6 11 5
0 0 5 1 10 16 11 0 2 0 7 6 0 0 0 4
16 8 6 11 2 0 13 14 0 1 4 12 15 3 7 0
5 3 0 14 16 9 2 13 11 8 6 15 0 10 4 0
15 0 10 13 8 1 0 0 4 7 0 0 11 0 9 14
4 0 0 0 14 0 10 15 0 2 0 0 0 13 6 0
8 0 16 6 3 11 0 4 14 0 0 9 5 0 15 0
