12 10 5 0 2 0 14 0 3 0 9 0 7 16 11 13
6 0 2 1 10 4 3 7 0 16 8 14 0 9 12 5
0 0 16 15 12 0 0 11 5 2 4 0 3 8 0 14
3 0 13 14 0 0 5 16 0 0 12 0 4 6 0 2
11 0 3 0 6 13 1 0 9 0 7 8 12 0 4 10
8 13 0 7 15 0 12 3 0 0 16 0 0 2 14 0
0 14 12 6 0 7 9 0 11 10 0 0 0 1 0 0
15 4 0 9 0 0 11 0 12 0 14 0 16 3 7 6
14 15 0 0 11 2 10 0 0 0 1 0 5 4 9 7
0 0 9 0 0 0 0 1 0 7 0 12 0 0 3 11
0 5 7 0 0 12 0 8 6 9 15 0 14 0 2 1
0 3 0 2 7 0 0 5 10 14 0 0 0 12 8 0
2 12 15 0 14 0 4 0 0 3 10 9 0 13 0 0
0 7 11 10 1 16 2 12 8 5 6 13 0 14 0 0
0 6 0 0 0 15 0 0 0 12 0 16 2 7 0 0
0 1 8 13 0 3 0 0 14 4 2 0 0 0 0 12
