4 5 12 10 0 13 6 0 0 0 16 14 7 0 8 3
1 9 0 6 0 16 0 8 0 4 0 5 0 13 0 0
0 0 16 0 10 0 0 12 13 0 8 15 4 1 6 0
8 0 13 0 0 9 11 2 0 1 6 0 14 0 16 5
0 14 1 0 11 0 0 4 15 0 13 0 0 8 7 0
11 0 7 13 3 1 0 0 0 0 9 0 0 16 14 2
0 0 0 5 6 0 8 14 0 16 12 0 11 4 9 13
0 0 4 2 13 7 0 16 8 14 5 0 1 3 0 0
0 11 2 8 9 0 16 10 0 5 0 4 0 15 3 0
0 0 3 1 7 0 0 0 0 15 2 9 6 0 5 8
16 12 6 4 0 0 0 13 0 7 10 3 0 9 1 11
0 7 0 9 0 6 1 3 0 8 11 0 16 14 4 10
5 16 0 0 0 0 0 7 9 2 0 0 10 6 15 1
0 0 9 11 0 0 0 6 0 13 0 16 0 7 12 0
0 15 8 0 16 3 0 1 5 10 0 0 0 0 11 4
0 0 10 7 8 15 0 0 0 0 0 1 3 5 13 16
