1 6 0 7 0 16 11 0 15 0 13 0 5 9 0 0
15 16 10 9 5 8 0 0 4 11 3 14 1 6 2 0
2 4 0 13 0 0 10 0 0 7 5 0 16 0 14 0
12 0 11 14 0 3 1 6 16 0 2 8 10 0 0 0
4 0 6 0 14 0 3 0 9 16 1 0 0 11 12 15
11 15 14 5 0 0 0 0 0 0 0 13 3 16 0 0
3 7 0 0 0 10 0 4 8 0 11 0 14 5 0 2
9 12 0 8 11 5 2 15 0 4 0 3 6 1 13 7
0 0 0 10 0 0 0 5 11 0 15 0 0 0 6 0
6 0 9 3 7 0 14 8 13 10 0 12 15 4 11 5
14 0 12 11 9 13 0 0 5 6 0 2 0 0 0 0
0 13 5 15 6 11 0 0 0 0 0 9 0 0 1 0
0 11 0 0 13 15 7 3 2 0 6 4 9 0 0 14
10 14 2 16 0 0 0 0 0 0 0 15 4 0 5 6
0 0 0 6 10 4 5 0 14 8 0 0 0 0 0 1
5 9 15 4 16 0 6 1 12 13 10 0 2 7 0 8
