4 0 13 0 11 2 12 9 1 14 16 5 7 8 3 10
0 3 9 0 0 5 16 0 8 2 0 0 1 14 6 15
8 0 1 0 15 0 3 10 0 4 9 0 0 0 0 0
0 5 7 0 1 0 0 0 12 0 0 15 13 16 0 9
6 0 14 7 5 0 0 2 3 0 0 4 0 15 8 0
1 11 0 0 0 7 0 0 2 15 0 0 0 0 0 0
0 0 12 13 3 16 6 1 9 8 7 0 5 0 0 0
5 0 4 3 8 0 0 0 6 16 11 0 2 0 7 0
9 0 0 0 0 0 2 5 15 12 0 3 14 7 1 4
14 15 2 5 12 4 10 3 11 0 8 1 0 13 9 0
13 12 0 0 6 15 0 0 4 9 0 16 0 2 5 8
7 0 6 4 0 9 0 0 13 5 2 10 3 0 15 12
0 7 11 9 0 0 0 0 14 3 0 0 8 6 0 5
3 0 0 0 0 0 0 0 0 0 12 9 0 10 2 0
0 0 15 0 16 3 9 13 5 6 1 0 0 12 0 0
12 1 8 0 0 11 5 6 10 0 15 7 4 0 16 3
