12 0 1 0 0 0 0 5 4 0 15 6 16 9 0 0
0 14 0 3 0 15 0 7 2 13 0 1 4 0 0 10
7 4 0 0 0 9 0 0 14 5 8 12 0 1 3 0
16 0 0 15 0 13 0 1 0 7 9 11 0 0 0 0
1 2 5 0 7 6 0 4 16 8 10 0 11 3 14 0
11 3 6 4 14 0 12 15 1 2 5 13 0 10 16 0
0 15 14 0 0 11 1 0 0 4 7 3 0 5 13 6
0 7 13 12 5 0 0 0 0 11 14 9 0 0 0 0
0 16 15 11 13 12 0 6 10 1 0 0 2 0 0 0
3 9 0 8 0 7 16 0 0 15 0 0 10 14 0 13
0 6 12 0 0 4 8 11 0 16 2 7 0 15 0 3
2 13 0 1 0 0 5 14 0 6 3 8 0 0 4 0
4 0 9 0 0 0 14 8 0 0 6 2 3 0 7 1
0 10 3 2 0 1 0 0 7 9 11 16 0 0 0 0
15 12 0 14 0 0 0 13 5 3 1 4 9 16 10 0
0 1 0 0 11 5 0 3 8 14 0 10 15 12 0 4
