0 16 13 0 7 0 0 9 8 15 3 0 1 6 14 0
7 0 0 0 6 0 0 0 0 4 11 0 16 0 5 3
0 0 12 0 5 1 15 16 0 0 14 9 11 13 10 7
0 14 6 5 11 13 10 3 12 7 1 0 8 15 0 9
15 0 0 6 4 0 1 12 0 11 8 14 0 16 3 0
14 0 11 0 10 0 6 8 0 1 13 0 0 7 2 4
0 3 2 0 0 14 7 0 4 16 0 15 13 0 8 10
0 10 0 8 0 3 0 0 0 0 0 0 14 1 15 0
13 6 4 0 2 0 9 0 0 14 0 0 3 5 0 0
0 0 0 0 0 5 16 7 1 10 2 4 6 0 9 13
0 1 16 0 15 0 12 13 6 0 0 0 10 4 7 2
0 2 0 3 0 6 11 4 5 13 16 7 0 12 0 8
16 0 0 0 13 0 0 10 0 5 0 1 0 0 0 0
10 0 5 0 0 7 0 6 0 12 15 2 4 0 13 0
0 0 14 0 1 16 3 2 11 0 4 6 0 10 12 15
6 0 0 0 12 11 5 15 0 8 0 0 7 0 16 14
