0 0 14 2 0 7 9 0 8 4 5 11 0 6 0 1
12 6 8 0 2 3 14 11 0 13 0 0 0 0 4 16
0 0 9 1 5 0 6 0 3 0 0 10 11 14 0 12
0 0 0 0 0 0 0 4 14 9 12 6 3 8 0 5
5 0 13 7 0 0 1 16 11 0 0 0 15 0 8 10
9 0 11 12 0 14 0 7 0 8 0 13 2 4 5 6
0 2 10 8 0 11 0 0 12 1 0 15 9 7 3 0
6 14 4 0 3 12 8 2 0 0 9 5 1 0 16 0
8 0 16 0 0 10 0 13 0 0 0 0 7 3 0 15
4 0 0 3 6 0 0 1 0 14 2 16 12 13 0 0
15 13 0 9 0 4 3 5 0 10 7 0 0 0 14 0
0 0 2 14 0 0 12 15 0 3 8 1 6 5 11 4
10 0 3 13 0 5 0 12 0 0 0 0 0 2 0 0
14 0 12 4 16 1 13 3 0 11 6 0 0 10 0 7
2 5 0 11 0 6 10 0 4 0 13 14 16 1 12 3
1 9 0 16 0 0 0 14 5 0 10 0 0 0 13 0
