5 7 6 0 0 3 8 12 0 0 1 0 10 14 0 0
0 0 0 1 0 0 0 2 11 0 0 7 0 8 12 0
0 0 0 14 16 11 6 0 8 5 13 0 1 0 0 7
2 8 3 11 1 0 0 14 0 0 0 0 0 15 0 13
1 16 5 0 0 8 0 6 0 0 4 12 0 0 0 0
0 0 15 9 0 2 0 3 10 6 0 8 0 0 1 0
3 0 11 0 9 0 4 0 0 0 0 5 15 10 0 0
14 10 7 0 0 1 16 5 0 0 11 9 4 6 8 0
11 5 12 0 0 15 13 16 9 0 0 14 0 3 2 10
7 9 13 0 3 4 5 10 12 2 0 15 8 0 0 14
10 2 0 3 11 0 0 8 13 7 0 4 16 0 5 15
8 15 0 16 0 12 2 1 5 11 3 10 0 0 7 0
16 11 8 7 0 9 10 4 6 0 12 13 2 5 15 0
0 3 0 0 2 6 12 11 14 0 5 1 9 7 0 0
12 0 9 0 0 7 0 0 0 4 15 0 14 0 6 0
6 0 2 5 8 16 1 0 0 9 10 11 0 13 0 0
