0 0 1 4 12 0 0 6 0 13 10 0 5 3 2 15
8 15 0 10 1 0 0 4 14 0 2 0 0 12 11 13
0 0 9 0 0 2 0 13 16 12 15 0 6 4 0 0
0 0 0 0 3 0 0 0 1 5 4 6 7 14 0 0
0 0 5 7 14 1 0 0 12 11 13 16 0 2 0 4
0 4 0 16 5 13 11 0 10 8 3 0 9 0 0 12
10 8 13 11 0 4 0 2 0 15 0 0 3 16 14 7
1 0 12 3 16 8 15 0 0 4 9 0 0 13 0 6
0 0 0 0 15 6 8 16 0 0 12 5 14 9 4 0
0 0 0 14 0 3 0 9 0 1 0 0 0 0 0 2
2 12 0 15 7 14 1 0 0 0 6 10 8 0 0 0
9 0 3 0 13 12 2 0 0 16 0 0 0 0 15 0
4 10 8 0 0 7 3 14 2 0 0 13 15 1 12 5
12 0 7 0 2 0 16 1 9 10 11 4 13 8 3 14
13 0 16 2 0 5 0 0 15 0 0 12 0 11 7 10
0 11 0 1 4 0 13 12 0 14 0 0 2 6 16 9
