12 11 7 6 1 9 0 0 13 0 10 0 0 0 4 14
0 0 10 0 4 12 0 0 1 0 3 0 9 0 0 7
8 0 1 0 0 0 15 0 0 0 0 9 0 11 12 0
0 0 0 15 6 0 2 0 11 4 0 8 0 13 1 0
0 14 0 1 0 11 7 8 2 0 4 13 12 5 0 0
7 12 13 4 3 15 5 0 16 11 6 10 0 0 8 0
11 0 6 8 13 16 14 4 9 1 5 12 0 0 15 2
2 5 0 9 0 0 1 0 15 7 8 14 0 0 16 13
0 2 0 3 16 0 0 0 0 0 13 0 10 9 5 1
9 0 11 0 0 4 0 1 10 8 2 16 6 15 13 0
10 1 0 13 0 2 6 12 3 5 9 4 0 14 0 8
0 0 0 16 14 0 9 10 12 15 11 1 0 7 3 0
0 0 0 11 2 7 4 5 6 10 0 0 13 0 0 15
0 0 4 12 11 6 13 0 8 9 16 7 0 0 2 0
13 0 0 0 0 0 0 16 4 0 0 0 0 6 14 5
3 6 0 0 0 1 0 0 5 0 0 2 4 16 7 0
