15 10 0 0 0 0 2 9 12 0 0 4 14 8 16 0
2 4 0 8 0 13 7 0 0 0 14 0 6 15 11 0
0 5 9 7 0 14 1 8 6 16 11 0 0 10 3 12
0 0 0 14 4 11 0 0 0 0 15 7 2 0 0 13
0 0 0 2 1 6 9 4 7 12 13 14 3 0 10 0
0 9 7 6 0 12 13 0 16 0 0 0 11 5 4 15
0 3 14 12 0 10 11 7 5 4 0 15 1 0 0 0
8 1 4 13 0 0 16 0 0 0 0 0 0 12 14 6
0 11 0 0 0 2 8 0 14 15 1 3 16 6 13 0
14 2 0 0 0 4 5 0 0 0 0 0 12 3 15 0
12 0 3 0 14 0 6 0 13 9 8 10 0 0 7 2
7 13 6 0 11 0 10 0 2 0 4 12 0 0 0 0
0 12 0 0 0 0 0 0 9 2 10 0 0 4 5 0
0 0 13 0 0 9 0 2 4 14 12 5 0 0 6 11
5 0 11 9 0 0 4 16 15 0 7 13 10 0 1 3
4 7 2 10 0 1 15 6 0 11 0 16 13 9 12 14
