4 0 0 10 16 7 8 0 11 9 5 3 1 15 14 0
15 0 0 3 0 13 14 11 6 0 10 0 12 0 0 0
0 11 0 7 15 0 0 6 0 0 16 4 13 10 9 3
0 16 0 8 3 0 9 5 13 0 1 12 11 4 0 7
10 2 3 0 0 0 0 0 0 16 15 14 8 0 6 0
0 8 4 13 14 0 3 16 0 0 0 0 15 5 1 0
1 0 0 14 0 6 7 10 8 2 13 11 0 3 4 0
0 9 0 6 8 0 15 0 0 1 0 5 0 0 0 14
8 3 0 0 13 0 12 7 0 6 0 0 5 0 11 4
0 15 16 0 1 0 0 14 2 0 11 0 6 0 0 8
9 13 14 0 6 4 0 8 16 0 0 0 10 2 15 0
6 0 0 1 11 0 0 3 12 0 8 0 0 0 16 13
0 7 1 15 0 14 13 0 4 11 0 16 0 0 8 0
0 0 0 4 0 3 16 15 0 0 2 0 0 14 12 0
13 14 2 16 5 8 6 0 1 10 3 0 0 11 7 15
0 10 12 0 7 0 0 4 0 14 6 8 2 16 0 5
