0 14 11 5 0 8 0 0 0 3 0 0 12 15 0 0
6 0 10 0 0 1 15 11 0 14 8 0 7 5 0 0
0 16 1 0 7 14 2 0 0 5 4 9 10 0 11 0
0 0 0 7 13 0 6 0 0 16 10 15 14 0 1 0
3 2 15 0 10 13 7 6 8 4 0 1 5 11 0 16
4 0 0 0 1 9 16 2 0 15 6 0 0 0 0 12
0 12 6 11 14 4 0 8 10 2 16 0 9 0 0 0
0 1 0 8 12 11 3 0 5 0 0 0 2 4 0 6
0 10 0 3 9 0 0 0 16 7 0 2 6 0 0 0
11 13 2 0 0 0 0 3 4 0 9 10 16 0 7 0
12 6 4 16 2 0 0 10 1 0 0 13 0 9 3 5
0 7 9 0 0 16 0 13 6 12 3 5 0 0 2 0
7 15 14 2 0 3 8 5 9 1 0 16 13 12 0 10
1 9 5 0 0 0 0 16 0 10 0 14 15 3 8 4
0 0 13 4 15 12 9 14 3 6 0 8 0 0 0 0
16 0 3 0 0 0 0 7 15 13 0 4 11 0 9 0
