0 12 6 0 0 0 9 13 16 0 4 1 0 0 0 0
0 11 4 16 0 15 0 6 9 0 0 0 0 0 3 0
0 9 0 0 4 0 3 1 8 11 0 5 0 0 16 12
0 2 1 5 12 16 7 8 3 15 0 0 0 11 13 9
0 7 16 0 3 0 0 15 11 10 0 14 0 0 0 1
0 0 9 3 16 0 0 10 15 7 0 8 13 5 14 11
10 15 5 11 0 0 1 14 0 6 9 12 3 16 4 2
1 8 0 12 11 13 5 9 0 16 3 2 0 0 6 10
12 6 10 0 0 2 8 5 1 3 0 0 11 13 0 15
0 0 0 1 0 14 11 12 0 2 10 7 0 0 9 16
0 0 0 15 0 1 16 0 12 5 0 9 0 8 10 0
16 5 0 9 10 4 0 3 0 0 0 0 1 0 0 6
0 0 0 8 0 3 12 11 0 4 0 0 0 9 1 7
0 14 2 13 0 0 10 0 0 9 0 0 12 6 0 3
7 1 0 0 8 9 0 0 5 0 12 0 0 0 11 14
0 0 12 0 14 0 0 16 2 1 11 3 8 4 5 13
