0 0 0 15 6 0 5 0 16 0 14 8 9 0 0 0
1 0 16 10 0 9 12 8 15 0 0 11 3 0 0 2
0 2 0 11 16 0 15 0 0 0 1 5 13 8 12 6
0 13 8 0 14 1 0 0 12 7 4 2 0 0 0 5
0 0 5 0 3 16 2 13 0 0 9 10 12 0 6 1
10 15 3 0 0 0 1 0 11 12 0 6 4 9 13 0
7 1 0 14 0 0 9 6 2 0 8 0 5 16 10 0
6 12 9 0 15 0 0 0 0 5 7 0 2 0 0 14
5 0 2 12 11 6 0 1 0 0 3 9 14 13 0 0
13 10 0 0 0 0 8 0 0 11 0 14 6 0 1 16
11 3 0 9 13 4 16 15 5 1 6 0 8 12 2 10
0 0 6 0 5 0 0 12 13 16 0 15 0 0 3 9
0 4 0 0 0 0 11 9 0 14 15 12 0 6 8 3
0 9 0 0 0 0 13 0 0 4 0 1 10 15 14 12
0 14 7 5 0 12 6 0 0 2 10 3 11 4 9 0
12 6 10 3 0 0 4 0 9 0 0 0 1 2 0 0
