11 4 15 1 0 10 0 2 0 16 7 6 0 0 0 0
0 16 0 10 15 8 9 1 0 0 5 12 13 6 4 7
0 5 0 0 0 4 3 12 0 8 13 0 16 15 0 2
2 0 0 12 14 0 7 0 0 15 4 0 11 5 0 10
14 0 1 6 0 5 4 9 0 12 11 0 0 0 15 13
5 10 0 7 0 15 11 0 0 0 0 0 9 0 12 4
0 12 4 16 6 0 0 10 0 9 0 0 0 0 11 0
13 0 0 8 0 0 0 14 3 10 0 4 5 2 7 6
8 0 0 14 1 0 6 0 11 5 12 0 0 0 0 0
7 0 0 0 10 0 12 0 0 3 16 9 0 0 0 8
16 15 6 0 7 9 8 11 13 0 2 0 0 3 10 14
12 1 3 4 0 16 15 5 14 7 10 8 0 0 13 11
0 7 16 0 0 0 14 15 12 2 0 11 8 0 0 0
0 14 12 0 4 11 0 7 0 0 8 0 1 0 3 15
1 8 0 15 9 13 0 6 4 14 3 0 2 0 16 12
10 0 0 0 12 2 0 8 15 13 1 5 0 0 0 0
