0 0 0 7 1 0 0 8 3 5 13 2 9 0 0 16
0 10 1 13 0 7 0 3 4 8 0 9 2 5 15 12
0 8 0 5 6 9 0 0 0 0 12 0 13 0 0 3
2 0 6 0 12 0 11 0 0 1 0 0 10 4 14 8
5 12 9 0 0 1 14 10 8 0 0 0 0 15 16 4
1 2 10 15 0 0 0 6 11 3 0 5 8 14 12 9
3 7 11 4 0 0 8 0 10 9 14 12 6 13 0 0
16 0 8 0 9 2 0 11 0 0 1 6 0 3 10 7
0 0 0 1 8 6 0 0 12 2 5 0 3 16 13 0
0 0 12 16 0 0 9 1 0 0 4 3 7 0 5 2
0 0 0 0 11 16 5 7 0 0 0 15 14 0 4 0
0 0 0 0 2 0 0 0 16 7 8 14 0 9 6 0
7 0 5 11 16 8 0 0 0 12 10 13 0 1 3 0
6 1 0 0 10 0 3 0 5 15 0 0 0 0 7 14
10 0 3 12 13 14 0 9 0 16 7 0 0 0 0 0
8 16 0 2 7 0 1 5 6 14 3 4 0 10 9 0
