6 14 3 0 0 11 10 4 0 0 8 0 0 1 12 2
12 9 0 0 16 8 15 6 14 2 3 0 0 5 0 11
15 16 2 4 3 0 5 0 13 0 0 1 0 6 8 14
13 11 0 0 0 0 0 0 6 0 12 0 16 3 0 0
14 15 0 9 0 6 0 0 7 4 16 13 1 0 11 0
0 2 0 0 14 0 13 0 12 8 6 9 0 0 16 15
16 0 7 12 1 5 0 0 11 3 14 10 13 0 9 8
8 0 11 0 9 0 0 16 2 0 15 0 14 0 7 6
9 1 13 2 0 0 8 7 5 15 11 0 0 0 0 16
3 0 0 11 5 16 0 13 9 12 4 2 0 0 0 1
0 4 0 14 0 1 6 9 10 16 13 0 8 0 0 5
0 10 0 16 11 3 0 0 8 7 0 0 0 13 0 12
4 3 0 0 0 0 11 0 0 0 7 16 2 0 5 0
2 5 14 0 0 13 0 3 0 6 9 12 11 0 0 7
10 12 0 13 7 2 0 0 0 0 5 11 0 15 6 4
0 7 9 6 0 15 1 0 0 0 0 0 0 0 14 13
