11 3 0 1 13 0 10 8 15 12 6 0 7 0 0 5
0 0 10 9 6 16 5 7 0 0 0 8 11 14 0 3
0 0 16 0 3 0 4 9 0 7 14 0 0 8 15 10
8 7 5 4 14 12 1 0 0 0 0 10 13 6 9 2
9 4 13 0 12 0 0 0 2 6 0 0 8 5 11 1
16 0 0 5 0 0 8 0 0 14 15 4 0 2 0 9
0 0 8 0 0 0 16 0 0 1 9 0 0 12 0 13
0 1 0 0 4 5 0 2 12 8 13 11 14 3 16 15
7 10 0 16 0 14 0 0 0 0 0 0 0 9 12 0
4 5 9 0 7 10 12 3 0 11 16 2 0 1 8 6
0 6 0 8 9 1 0 16 7 15 3 13 0 10 0 0
0 0 0 15 0 8 0 4 0 10 0 6 16 0 14 7
5 8 15 0 10 4 0 12 13 0 0 14 9 7 0 16
0 0 7 10 8 13 3 1 0 0 4 0 0 15 0 0
0 0 0 0 2 0 15 5 6 0 8 3 1 11 10 0
0 0 0 12 0 0 14 11 0 5 7 0 0 0 13 8
