0 11 12 0 13 9 16 14 1 4 7 8 10 0 15 6
10 0 6 8 0 0 0 0 0 13 0 15 2 0 4 0
7 1 0 0 0 0 6 0 0 10 0 0 0 0 8 3
4 16 0 15 0 0 12 8 0 0 2 0 14 0 1 13
0 5 8 10 0 0 0 11 15 2 4 12 13 1 3 14
2 0 0 7 10 0 0 3 8 14 0 0 15 11 12 9
0 15 3 1 12 14 0 2 11 9 13 6 5 0 0 4
14 0 9 11 4 0 0 0 7 0 10 0 16 6 0 0
0 2 1 0 6 3 4 12 0 7 0 13 8 15 0 0
8 0 16 0 1 13 0 0 0 0 6 2 12 4 11 0
0 6 10 5 9 0 0 0 0 0 14 11 0 3 13 0
0 0 14 13 16 7 0 0 3 12 8 10 6 0 9 1
1 8 15 4 0 0 10 0 13 0 9 0 3 12 5 11
9 0 11 0 0 12 13 0 2 3 5 1 4 0 10 0
0 10 7 6 0 11 3 0 0 0 15 0 1 0 16 0
5 0 2 12 0 0 1 0 0 16 0 14 0 0 0 0
