5 16 6 12 0 15 0 1 13 0 7 0 0 4 2 0
0 0 0 8 0 14 0 2 12 16 5 0 15 0 0 0
3 14 2 0 10 5 0 7 0 6 0 15 0 0 12 9
15 0 7 13 3 4 8 0 11 10 1 0 0 0 5 14
0 7 16 0 0 11 0 0 8 12 6 14 4 1 9 0
0 13 0 0 0 0 0 0 0 1 4 0 16 2 11 0
0 0 8 9 0 0 4 3 5 0 10 16 12 13 0 0
2 0 0 0 16 12 0 9 15 0 3 13 7 8 10 0
14 6 0 7 4 13 5 10 16 15 0 0 0 0 0 0
0 3 1 16 12 6 2 0 14 7 11 4 9 5 13 10
0 2 0 11 0 3 0 8 0 5 0 12 0 0 7 0
12 10 0 0 0 16 14 0 6 3 0 0 0 15 0 2
7 0 0 0 14 9 10 13 0 8 0 6 0 12 0 0
0 12 0 10 11 8 3 0 0 13 0 0 2 9 0 7
0 8 0 2 15 1 0 0 7 9 14 11 0 10 16 4
9 15 11 6 5 0 7 16 0 0 12 10 1 0 0 13
