4 6 5 7 1 13 0 0 8 0 0 0 0 15 0 16
13 0 8 1 0 0 12 6 2 16 4 0 14 0 5 0
0 0 0 0 5 8 4 0 6 10 0 0 11 0 0 0
0 0 10 11 14 0 7 0 0 15 5 1 4 0 2 0
0 0 0 12 3 0 0 5 0 0 16 6 7 2 0 9
14 0 6 9 11 0 0 16 4 7 10 8 3 0 0 12
0 0 11 2 7 15 6 0 3 12 0 0 16 0 0 0
3 15 7 16 12 0 9 0 14 0 0 5 0 0 11 0
1 8 16 5 6 0 0 12 0 3 13 0 0 0 7 15
0 2 0 4 10 11 15 8 5 0 0 12 13 16 0 0
7 11 0 0 13 4 16 1 9 2 8 0 12 0 14 5
15 10 12 13 2 3 5 7 11 1 0 0 8 0 6 0
0 0 0 0 0 5 10 15 7 0 0 14 1 0 0 11
6 7 0 10 8 0 3 0 16 4 0 13 0 14 9 2
5 16 0 0 0 7 1 0 0 9 0 0 6 3 8 10
11 12 4 8 0 0 0 0 1 5 3 0 0 0 16 7
