0 12 3 0 16 10 14 7 6 0 0 4 0 5 0 0
0 0 2 0 0 13 3 6 0 15 8 12 10 11 0 9
0 10 0 9 0 0 0 12 13 5 0 14 0 6 1 7
4 7 0 0 0 0 0 9 16 2 0 11 0 0 12 0
0 0 7 6 12 9 0 0 3 0 0 13 11 0 14 16
15 4 5 13 8 0 2 0 9 16 12 1 0 10 0 6
11 1 14 3 13 7 0 15 0 0 6 8 0 12 4 0
0 9 12 0 6 0 0 3 0 0 0 7 0 0 0 13
0 16 11 7 15 8 0 10 0 12 14 9 13 2 0 0
2 8 0 5 14 0 4 13 11 0 0 3 0 15 9 12
6 0 15 12 0 3 0 2 10 8 0 0 7 0 0 0
14 0 0 4 7 12 0 1 0 0 0 0 8 16 6 0
3 15 13 0 5 0 9 0 0 0 16 10 0 7 8 1
9 0 0 2 10 15 13 0 8 7 4 0 0 3 5 14
7 0 4 10 11 1 0 0 0 0 0 0 16 9 13 15
12 5 16 8 0 2 7 14 0 0 0 0 6 0 10 0
