0 0 1 15 11 0 0 6 0 7 0 12 5 13 10 0
0 0 0 11 0 15 9 0 4 3 0 0 0 0 0 1
13 0 0 5 7 14 1 8 15 10 16 0 11 6 0 12
0 6 8 7 0 2 0 5 0 13 9 11 4 16 0 3
0 15 0 9 10 0 0 0 12 11 8 14 6 0 1 13
0 10 0 0 0 0 0 12 0 6 15 0 0 0 7 0
1 0 12 0 3 8 0 0 10 9 0 13 2 15 0 0
0 7 13 0 14 1 0 11 16 0 4 5 10 0 0 9
0 0 6 13 0 16 3 1 0 8 0 7 12 10 0 0
8 0 0 0 5 12 0 0 13 0 1 10 0 0 6 0
10 0 5 0 0 13 0 0 9 0 3 4 15 7 0 0
7 14 15 12 0 10 0 9 0 5 0 0 3 1 0 11
3 13 7 16 0 9 12 15 11 4 0 0 1 14 5 10
0 8 0 0 0 11 16 10 5 1 0 3 9 2 4 7
12 4 9 10 1 0 7 3 2 0 13 0 8 11 16 0
5 0 11 0 8 0 14 0 0 0 10 9 13 0 0 15
