0 3 7 0 0 0 0 4 10 6 14 0 16 0 9 0
13 0 1 0 0 0 10 9 8 7 11 16 0 0 0 0
4 9 0 0 7 14 11 0 0 13 0 15 5 10 6 0
10 6 14 15 0 0 3 0 0 0 0 5 8 11 12 7
0 0 0 9 8 7 14 0 1 16 6 11 0 4 13 10
15 10 0 0 9 6 12 11 14 0 4 0 0 7 16 3
0 7 8 0 13 0 4 15 0 9 0 2 1 5 0 0
3 16 0 0 5 10 2 1 0 12 15 7 14 9 8 6
0 8 0 0 10 9 6 0 5 1 2 0 0 16 15 11
0 0 0 0 2 4 0 13 0 0 0 0 0 0 0 14
0 0 4 0 3 0 0 12 16 14 7 13 0 8 10 0
6 14 0 12 0 0 16 0 15 0 0 10 0 0 2 5
11 0 2 8 0 3 1 0 6 0 0 0 13 0 0 15
12 13 0 14 0 0 9 16 7 2 5 1 0 3 0 8
5 0 10 0 0 2 13 0 11 8 12 3 9 14 1 0
9 1 0 3 12 0 7 10 4 15 0 0 11 0 0 0
