0 4 0 8 14 12 10 1 0 3 7 0 2 0 0 5
16 0 2 15 0 7 0 8 4 0 11 0 6 0 0 9
0 0 7 0 11 0 0 2 0 12 14 16 0 1 0 15
11 0 12 6 16 5 15 0 13 8 0 0 7 0 3 0
0 9 0 13 10 14 0 12 3 0 4 7 5 0 15 0
0 0 15 5 7 3 0 6 2 0 0 0 9 10 0 4
3 0 10 4 9 0 16 5 0 0 0 11 0 0 13 6
2 12 16 1 15 8 0 4 6 0 0 5 0 11 7 3
5 0 0 0 2 0 7 3 0 6 0 0 0 0 0 1
0 0 1 0 6 10 0 13 7 11 5 15 0 14 9 8
13 0 0 0 4 1 8 15 14 16 0 12 10 0 0 2
15 0 0 7 0 0 9 0 1 10 2 0 0 13 6 0
12 16 0 11 0 13 2 10 0 4 9 14 15 0 0 7
8 0 0 0 0 0 0 0 10 0 0 0 4 9 2 0
0 3 9 2 0 4 0 0 16 15 8 13 12 6 10 14
0 0 4 10 12 0 0 0 11 2 6 3 8 0 16 13
