15 5 0 0 8 9 13 0 12 16 10 0 1 11 2 0
0 0 0 0 0 1 0 0 5 3 0 15 0 0 0 0
14 0 0 13 0 11 0 3 0 0 8 0 9 0 15 4
12 0 8 0 14 15 5 2 13 9 11 4 0 10 0 3
4 0 15 8 13 7 0 9 0 1 0 0 10 3 11 16
5 0 0 16 0 2 8 0 0 13 0 10 7 4 6 0
2 6 1 0 4 5 10 0 3 0 0 12 0 0 0 13
0 0 13 0 6 16 3 0 8 14 4 0 0 2 1 5
11 14 6 3 5 4 0 13 7 15 0 0 12 0 10 9
1 0 9 15 10 8 0 14 16 0 0 3 0 7 4 2
0 10 0 5 0 6 15 7 4 12 13 14 11 0 3 8
0 7 0 4 1 3 16 11 10 5 2 9 13 15 14 6
0 0 11 0 0 0 0 0 0 4 0 5 16 0 0 0
10 0 0 14 3 0 1 0 9 6 0 2 0 0 8 11
0 0 0 0 2 10 0 0 0 0 0 13 3 9 5 15
3 0 5 9 0 0 0 0 0 10 15 16 0 14 0 0
