12 7 1 15 4 14 6 8 9 13 3 2 5 0 16 11
3 0 4 16 0 13 7 0 0 0 14 0 0 0 8 0
0 11 5 2 12 1 0 0 16 0 4 6 14 13 0 9
0 0 0 0 15 9 16 11 8 0 0 0 0 0 0 0
9 5 12 14 11 8 0 0 4 16 0 15 0 7 10 2
0 3 16 7 0 2 0 10 0 8 0 1 13 11 6 0
15 0 8 1 0 5 14 7 2 11 10 3 0 4 9 16
0 0 10 11 3 0 0 0 6 0 7 9 15 8 5 1
16 4 14 10 8 11 0 0 1 6 0 0 0 12 2 0
0 0 0 0 0 6 13 1 0 0 11 14 0 9 0 0
6 0 0 12 14 10 0 16 13 0 0 0 0 0 11 0
13 0 11 9 7 0 0 15 10 3 2 16 0 6 14 4
0 16 0 5 0 7 0 12 0 0 6 4 2 14 0 15
1 0 0 6 0 3 9 0 0 2 16 0 11 5 0 7
0 0 0 0 0 0 2 13 0 5 1 11 9 0 12 8
0 0 2 8 0 0 0 0 7 12 0 0 10 1 0 0
