3 0 0 15 7 11 0 14 0 13 0 9 12 16 4 0
13 0 5 0 3 0 6 0 15 12 0 2 11 1 0 9
12 0 0 6 13 2 10 9 0 16 8 0 3 14 5 15
0 16 4 7 0 15 8 12 14 3 5 0 6 0 0 0
0 8 12 1 0 6 4 0 3 11 0 0 0 2 0 7
15 0 0 16 2 12 14 0 0 0 0 0 0 3 0 0
0 0 0 0 8 0 0 0 0 0 1 16 13 6 0 4
4 0 6 14 11 0 0 7 0 8 0 0 16 0 12 1
14 0 0 11 12 13 15 10 0 4 16 3 0 8 1 0
16 0 0 10 9 0 2 0 13 15 7 14 0 0 6 0
2 4 0 0 6 14 1 0 0 5 9 10 7 0 13 0
0 15 3 13 5 4 7 11 0 0 12 8 14 0 0 16
0 6 10 9 0 5 12 0 0 2 3 0 0 0 11 0
0 13 15 0 0 3 0 2 9 0 0 0 0 12 0 14
11 0 14 3 15 7 0 0 8 10 13 1 0 0 16 2
7 0 16 4 0 1 11 0 5 0 15 0 8 9 3 6
