0 15 0 8 7 0 0 14 11 0 1 0 5 0 0 9
0 1 12 7 15 13 0 16 5 2 0 9 0 0 10 0
13 0 4 9 1 12 0 5 0 0 3 16 0 0 7 0
0 0 0 5 4 9 8 2 13 7 0 15 11 0 3 12
2 12 5 11 8 0 0 13 0 14 0 3 6 7 4 15
4 13 9 15 16 7 6 0 0 0 11 1 8 0 5 14
1 3 10 0 0 0 0 4 7 15 0 13 9 12 0 0
0 16 8 0 11 0 0 12 4 0 0 6 13 0 0 3
10 0 13 0 0 0 0 0 3 16 6 0 0 0 0 7
0 0 7 16 6 3 0 0 0 0 15 0 0 14 0 4
6 11 15 0 0 4 14 1 2 10 0 8 3 16 9 5
0 8 0 0 10 2 16 0 12 11 0 4 15 0 0 0
0 0 0 4 14 0 0 10 0 6 0 0 0 0 0 8
8 0 16 0 3 1 7 0 14 9 0 0 12 5 2 10
14 0 3 2 12 0 0 9 15 0 13 0 16 4 0 11
15 5 0 0 0 16 4 6 0 0 12 7 1 9 14 13
