0 0 10 2 15 7 6 5 0 13 0 0 0 8 9 4
0 0 13 0 16 4 0 9 0 0 0 1 2 0 0 0
7 0 0 9 12 14 11 8 2 16 0 4 0 1 0 5
4 12 0 14 0 0 0 3 8 0 15 5 0 7 6 16
8 0 14 3 5 12 0 11 0 0 6 15 9 0 10 7
0 0 0 12 4 13 9 2 10 0 1 0 3 0 0 0
11 6 0 0 3 8 0 7 0 0 0 0 0 0 0 0
0 4 7 0 0 6 0 0 3 2 8 11 13 15 5 12
2 0 12 0 0 0 4 13 1 3 11 8 0 9 0 14
3 0 4 0 7 15 0 10 0 0 0 16 0 11 0 0
0 7 1 5 0 0 2 16 15 10 0 0 6 3 8 13
13 0 16 11 14 3 0 1 0 6 2 0 4 0 15 0
0 11 3 16 9 10 7 0 0 8 13 0 0 4 14 0
0 0 9 13 2 1 5 4 7 0 16 6 0 0 3 0
0 0 5 0 0 11 14 12 4 1 3 10 0 13 2 9
0 0 0 0 13 16 3 15 0 14 5 0 1 12 0 6
