15 0 2 0 0 0 10 3 1 14 5 0 7 8 0 6
12 0 0 0 0 6 5 8 16 11 0 7 13 0 2 15
9 0 6 0 0 14 0 11 3 0 2 0 10 1 16 4
0 0 0 16 9 1 15 2 6 13 8 4 0 5 0 0
10 0 0 0 6 0 0 7 11 1 14 0 0 3 4 9
8 0 16 2 14 15 0 13 10 0 7 5 1 12 6 0
14 7 0 0 0 0 3 0 2 0 0 0 0 16 15 0
0 0 9 6 5 0 0 16 15 4 13 12 2 7 14 10
0 6 0 0 0 0 0 14 0 0 9 11 0 4 8 5
5 10 0 7 0 2 0 15 14 0 0 3 9 6 0 1
0 0 0 0 3 0 0 6 0 7 1 2 14 0 10 12
11 0 8 9 0 5 1 12 13 10 0 0 15 2 0 7
6 9 7 11 8 13 16 0 0 5 3 14 0 15 0 0
3 0 0 0 2 11 0 0 0 6 15 0 0 0 5 8
0 12 0 8 15 3 14 0 9 0 11 1 0 10 0 0
0 0 15 0 0 7 0 5 8 0 12 10 11 13 0 0
