0 0 0 0 14 6 0 0 0 10 15 16 8 0 0 0
11 0 15 4 0 5 12 10 0 0 3 1 6 16 14 9
0 3 8 0 15 13 0 11 5 0 14 0 2 0 0 7
6 14 0 0 0 0 2 7 0 4 0 0 12 15 13 0
0 11 5 15 13 9 7 0 10 0 12 0 4 6 2 0
2 0 4 8 0 14 0 6 0 11 7 0 5 0 15 0
0 10 16 6 0 1 0 8 0 13 2 0 14 7 0 0
3 9 7 13 0 0 5 0 4 1 0 14 16 0 8 0
0 6 11 0 0 0 9 4 0 15 0 0 1 10 12 0
0 8 9 0 0 0 14 3 0 16 1 7 13 5 4 6
0 13 14 3 5 0 15 12 0 6 4 10 0 9 0 2
4 2 0 0 1 0 6 13 0 14 0 0 15 8 0 0
0 0 0 9 11 2 13 5 14 0 8 0 0 12 0 16
8 0 2 1 7 0 3 0 6 0 0 0 11 0 5 0
0 0 13 11 9 0 16 0 1 0 0 2 0 4 6 8
10 16 0 14 0 0 8 1 0 5 11 13 9 2 7 15
