2 0 0 8 7 3 0 14 4 0 5 0 0 1 0 0
4 7 0 0 0 5 13 8 16 0 1 0 0 0 0 14
0 10 13 9 1 0 2 4 14 0 11 3 7 8 0 6
14 0 0 16 10 12 11 6 0 0 9 7 4 0 0 0
10 9 4 14 12 0 7 5 0 1 15 16 2 0 13 3
0 0 2 3 0 0 16 10 0 0 12 0 9 7 0 4
1 0 16 0 0 2 0 0 3 4 13 0 0 0 10 0
0 8 12 13 0 1 3 15 0 10 0 2 0 0 0 16
0 0 6 1 5 0 0 0 7 0 14 11 3 10 0 0
16 0 3 5 0 14 0 7 1 9 0 8 0 15 0 13
0 0 7 0 8 4 1 3 12 16 6 15 5 9 2 0
8 0 0 15 0 6 0 11 10 3 0 0 1 16 14 7
0 1 5 0 16 7 14 2 6 0 10 4 13 3 0 0
3 6 0 4 15 0 8 12 0 14 0 1 11 2 0 5
0 13 8 2 6 0 0 1 15 0 3 9 0 14 0 0
0 0 0 11 0 0 0 0 2 7 0 12 15 0 0 0
