10 0 13 4 0 3 6 7 2 16 0 0 15 0 9 12
0 0 0 9 0 0 8 11 10 13 6 7 5 1 0 0
7 0 6 0 4 9 5 0 14 0 11 1 2 13 0 0
0 11 5 0 1 13 10 2 0 9 12 15 6 0 7 14
9 0 4 11 0 0 13 0 0 10 2 0 0 14 3 1
0 0 3 0 5 0 7 4 13 1 8 0 0 9 15 0
1 13 0 10 0 0 2 12 6 0 0 0 0 4 8 5
0 0 0 5 15 0 3 0 0 4 14 0 10 2 0 7
0 0 0 0 2 6 0 10 12 14 7 3 0 16 0 11
0 9 0 7 11 8 4 14 0 0 10 13 0 12 0 0
14 3 0 2 0 0 16 0 9 11 1 4 0 0 6 0
0 6 11 12 13 0 9 3 8 0 15 0 0 0 5 0
0 10 0 8 16 0 12 6 0 0 13 14 4 5 0 3
0 0 7 6 10 0 0 13 3 12 9 2 1 0 0 16
16 2 14 13 0 0 0 15 0 0 0 6 0 10 0 0
12 0 0 3 8 2 11 0 0 5 0 0 13 6 14 15
