0 6 9 4 0 0 3 0 1 0 0 8 0 0 0 0
0 1 12 11 6 10 0 13 0 0 16 0 14 8 0 0
0 8 15 0 0 0 5 2 11 13 10 6 16 0 7 12
7 13 2 10 12 0 0 0 0 3 5 9 0 11 1 6
1 15 4 8 0 3 0 5 13 7 2 10 6 12 0 0
13 10 3 7 8 0 0 12 6 5 9 0 0 15 2 16
11 14 5 9 0 4 2 0 0 0 0 0 0 0 0 8
0 0 0 12 0 7 0 0 8 0 4 1 5 14 0 0
4 7 0 0 5 0 9 0 0 12 0 15 0 2 14 0
2 12 0 15 3 0 8 0 5 9 11 7 13 10 0 4
3 0 8 0 16 0 0 4 0 0 14 0 0 0 15 0
10 9 13 0 15 2 7 11 0 1 8 4 3 6 12 5
0 3 0 6 10 0 0 1 9 8 7 0 2 13 0 14
9 4 0 0 0 14 11 0 0 6 0 5 12 3 8 10
15 5 0 2 7 0 13 9 14 0 0 12 11 0 0 1
0 16 0 1 0 0 0 0 0 0 0 11 0 7 0 15
