15 9 6 0 1 5 0 0 14 0 16 4 0 11 8 3
2 13 7 8 12 0 11 0 0 5 10 0 0 1 0 4
10 0 0 16 7 0 15 4 13 0 0 1 0 0 9 14
0 14 0 1 9 0 13 0 0 3 0 11 2 15 10 7
7 0 0 0 0 10 6 0 0 0 0 14 15 0 2 0
0 8 12 0 0 7 14 5 0 9 15 16 0 10 3 0
14 1 16 10 0 3 0 11 0 8 13 2 0 9 7 6
3 11 0 15 0 1 0 9 5 6 7 0 14 0 12 13
0 0 0 0 0 0 0 12 7 0 0 8 3 0 0 16
8 0 1 3 11 6 5 0 16 0 0 12 0 4 0 9
12 2 0 7 0 0 16 0 10 0 11 3 8 0 1 0
0 16 0 0 8 4 0 7 0 15 1 5 10 0 11 12
0 0 10 2 0 0 9 14 0 1 4 0 16 3 0 8
4 12 3 0 0 11 0 16 0 0 8 13 0 14 15 0
0 7 0 13 0 15 8 0 3 16 5 0 11 0 6 2
0 0 8 5 0 0 0 1 12 11 0 0 9 7 4 10
