6 7 0 9 1 14 0 10 0 5 11 12 4 0 16 13
0 0 0 16 0 0 13 8 0 0 6 0 5 0 0 0
0 12 3 0 7 4 0 2 16 9 14 10 0 1 15 8
0 4 0 10 0 0 11 6 15 0 13 0 3 14 7 0
0 5 0 0 2 0 14 12 0 15 4 0 0 0 8 0
0 0 14 0 0 5 8 0 11 0 0 0 7 0 9 1
7 3 0 8 4 1 9 0 13 0 10 5 0 0 6 2
0 9 12 0 0 0 10 0 0 0 0 3 15 0 5 14
2 14 0 7 16 10 6 0 1 3 15 11 8 0 0 5
12 11 0 3 0 9 1 14 0 7 5 4 13 0 2 15
8 0 0 5 11 15 4 0 0 12 0 13 0 0 14 10
9 0 13 15 3 0 12 5 0 10 8 0 11 0 4 0
0 8 7 0 0 13 0 4 2 0 9 1 12 15 0 0
0 0 9 0 10 11 7 0 0 6 0 15 0 8 13 4
11 10 0 4 0 0 2 0 12 13 3 0 9 0 1 7
0 6 0 0 0 12 16 9 0 0 7 8 2 5 0 11
