8 5 11 0 0 0 6 2 0 13 14 0 0 4 16 1
10 14 0 3 0 0 1 8 0 16 0 5 0 11 9 6
0 0 0 0 11 4 3 0 15 0 0 10 14 2 0 5
7 0 1 0 5 0 14 16 0 4 0 0 0 0 0 0
3 0 13 0 2 6 15 0 11 14 4 0 0 0 10 9
4 8 0 6 16 1 0 9 0 7 0 15 12 13 0 0
2 7 10 12 3 11 0 14 9 5 13 16 1 0 15 4
0 15 16 11 4 0 13 10 0 3 0 8 0 5 0 2
16 0 15 0 0 8 2 0 0 9 12 0 5 7 6 0
11 10 12 4 6 0 0 0 8 2 0 13 16 0 0 0
5 0 6 1 15 0 9 0 14 0 0 0 0 8 0 0
0 9 0 0 0 0 0 4 5 0 16 1 2 0 12 0
0 0 0 0 0 2 10 15 13 1 0 4 6 14 11 8
0 0 8 0 0 14 12 5 16 11 7 2 4 0 13 3
15 4 2 14 0 13 16 0 6 12 0 3 10 0 5 7
13 11 0 0 0 3 4 0 0 0 8 0 0 12 0 16
