2 0 0 0 1 6 0 0 13 8 0 11 0 0 7 10
7 0 0 12 5 11 14 10 4 6 0 2 16 0 15 0
6 0 0 0 16 0 0 0 14 0 3 1 4 9 0 0
8 13 11 14 0 4 9 0 12 15 10 16 6 0 0 2
0 7 16 0 0 10 11 1 6 0 0 0 9 15 3 5
0 0 0 0 0 7 0 0 0 5 0 12 1 0 2 0
5 0 13 1 15 0 2 4 0 9 11 3 0 8 0 0
9 3 0 0 13 5 12 0 10 2 1 0 0 14 11 0
3 0 9 0 12 15 0 0 8 16 2 0 0 4 13 0
0 16 6 4 0 3 13 14 0 12 7 0 0 0 8 0
0 0 10 15 0 8 1 9 0 3 6 5 2 0 16 14
0 11 2 0 0 16 0 5 0 4 15 0 3 6 0 12
11 4 1 0 14 2 5 7 0 13 16 0 0 0 10 0
10 6 7 0 11 0 4 15 0 1 0 0 13 16 0 3
15 8 0 0 3 1 0 0 0 0 14 6 0 2 4 7
16 2 14 0 0 12 10 8 0 11 0 7 0 0 5 9
