16 12 7 0 5 1 0 3 11 13 0 8 0 0 0 0
8 15 10 2 12 0 7 0 3 1 0 4 9 11 0 0
0 0 5 13 0 11 0 4 10 15 0 14 0 0 3 16
4 3 11 9 0 0 6 10 0 5 16 12 0 1 2 8
7 0 2 12 3 0 0 5 9 14 4 0 16 13 0 0
13 5 1 15 0 0 4 9 0 0 8 0 2 10 0 3
14 16 4 0 8 0 12 2 15 0 13 11 0 5 9 6
0 6 9 8 11 16 0 15 5 2 0 0 0 0 0 0
1 0 12 5 0 2 0 6 0 16 0 9 8 3 15 11
3 0 6 0 0 4 0 0 0 0 0 15 10 9 0 0
0 9 0 11 0 3 10 0 2 6 12 7 5 0 0 13
2 10 13 0 0 0 0 0 4 0 0 3 6 7 0 12
11 2 0 4 10 12 0 7 16 0 0 0 0 8 0 14
9 0 16 6 0 0 11 14 0 0 7 0 0 2 0 0
5 14 15 0 16 0 2 1 0 4 11 0 0 0 12 0
12 0 8 1 6 0 0 0 14 0 15 2 11 0 0 9
