12 11 4 9 15 0 1 7 10 0 16 13 0 0 0 0
0 14 0 8 13 5 10 16 0 6 0 0 2 9 12 15
6 15 16 13 14 9 4 3 0 0 12 0 8 0 1 0
0 5 3 0 0 12 6 0 9 14 0 1 7 4 0 13
14 13 0 4 0 8 2 5 16 0 9 12 0 3 15 1
8 9 11 0 0 1 0 4 14 5 0 2 0 6 7 12
5 0 0 16 0 0 15 0 0 0 0 6 13 8 0 0
0 0 0 6 0 14 0 13 0 15 0 8 4 16 5 0
11 8 0 0 0 7 14 2 0 16 0 3 0 0 9 0
1 7 13 3 16 0 8 0 15 12 6 0 14 0 0 4
4 0 9 2 0 3 12 0 0 0 0 10 0 7 0 11
10 16 0 0 0 0 11 6 0 7 2 9 1 15 0 8
16 10 14 11 0 4 0 0 0 0 5 15 6 0 8 0
15 4 0 0 0 0 13 0 6 11 3 7 9 12 10 0
13 3 5 0 7 6 9 0 0 4 0 0 15 0 0 14
9 0 6 0 0 15 5 11 0 0 10 0 0 0 0 0
