0 3 0 13 6 14 2 10 0 8 16 5 0 0 1 0
1 0 0 7 8 3 5 0 13 6 0 4 16 0 15 0
4 2 9 8 12 0 16 0 1 15 0 10 5 0 3 0
16 5 6 0 1 7 0 15 0 2 0 0 0 0 0 0
12 15 13 6 11 0 0 14 5 16 2 3 10 1 8 9
0 1 11 0 2 0 12 8 15 0 0 0 0 16 6 0
7 0 0 4 0 0 0 5 0 9 0 0 2 13 0 15
9 16 0 0 13 0 15 0 0 0 12 0 0 0 7 3
0 7 14 0 9 2 0 0 3 1 5 0 13 11 0 10
0 0 0 0 3 1 13 6 0 10 9 16 14 0 0 12
10 0 3 1 0 16 11 7 8 12 4 0 15 0 9 0
8 0 0 2 0 5 0 4 0 0 0 6 0 7 0 0
14 6 16 3 5 12 1 0 9 11 15 7 0 4 10 13
0 0 0 0 0 15 0 0 0 0 6 0 0 0 0 7
15 0 7 0 0 0 0 11 16 5 8 1 6 3 14 2
13 4 1 11 7 8 6 3 2 0 0 0 9 15 0 16
