9 15 0 13 0 0 8 12 5 0 4 2 1 0 11 0
0 0 1 10 0 13 9 0 0 8 0 0 0 15 0 7
11 0 0 4 0 0 7 16 15 13 6 0 3 10 12 5
0 5 16 0 15 10 4 6 1 0 11 0 13 9 0 0
16 13 2 0 10 7 3 9 4 0 0 5 15 11 0 0
1 0 5 0 12 11 14 2 0 16 0 0 10 8 3 4
0 0 10 0 16 0 0 0 0 12 1 0 9 14 2 13
0 8 0 0 4 1 13 0 0 0 0 11 5 0 7 0
0 0 0 0 13 0 5 0 0 4 0 0 11 0 0 15
5 0 0 8 14 0 10 11 2 7 0 0 4 13 6 9
3 0 0 6 7 9 12 0 0 0 0 8 16 0 10 0
13 0 14 0 2 8 15 4 6 11 9 1 12 0 5 0
0 16 0 7 0 0 1 13 12 0 14 0 0 5 15 11
8 0 0 3 0 15 16 14 0 1 0 10 0 0 9 2
14 12 11 1 0 0 2 0 8 15 0 16 6 0 13 10
0 2 13 5 8 0 11 10 7 0 3 0 14 0 0 1
