10 9 7 0 0 0 12 2 14 0 0 1 13 16 0 11
14 0 5 16 10 11 0 0 0 8 7 2 1 6 9 0
0 1 13 0 0 8 0 6 0 0 3 0 0 15 5 2
2 4 6 8 0 9 0 0 11 5 13 0 14 0 3 10
4 6 1 10 9 2 8 7 15 0 12 3 5 14 11 0
8 0 0 0 3 16 0 14 0 13 10 0 0 2 0 4
0 11 0 2 5 0 0 0 0 7 1 8 0 3 0 16
3 0 0 15 0 12 0 0 0 4 5 14 0 0 0 1
7 0 3 1 0 6 0 8 0 14 2 5 10 0 12 9
0 5 0 0 2 1 0 9 8 11 4 0 0 0 0 6
0 8 4 0 0 10 0 0 0 0 16 0 11 1 2 15
6 2 10 11 16 13 4 12 7 1 9 15 8 5 14 0
16 0 15 0 0 3 0 0 1 0 0 7 2 0 4 8
1 0 0 7 15 0 2 0 0 12 11 0 6 9 0 0
0 10 0 0 0 7 0 0 3 2 0 0 0 12 16 0
0 14 0 0 13 4 6 10 5 15 8 0 0 0 1 0
