2 3 6 11 0 10 8 1 0 15 13 5 0 0 14 0
16 5 1 0 0 0 9 6 7 14 12 8 10 11 2 13
13 7 0 0 0 11 14 0 0 10 1 6 8 15 0 0
12 0 0 8 0 15 13 0 0 0 0 2 3 9 0 1
0 16 8 0 13 0 0 14 0 0 9 0 2 0 15 0
6 0 2 0 7 0 1 0 0 12 0 15 4 13 0 11
0 1 7 10 6 16 11 9 0 2 0 0 0 12 0 3
0 0 12 0 0 0 0 4 8 1 6 0 16 5 9 0
0 12 10 0 9 13 6 11 0 5 0 1 0 0 0 0
5 4 11 0 0 0 2 0 0 8 16 0 6 0 0 0
0 8 13 0 0 14 5 16 15 6 7 0 0 0 0 0
3 15 16 0 8 0 12 10 11 13 14 9 5 7 4 2
10 0 3 13 2 6 16 5 0 9 15 7 12 4 0 0
0 0 0 16 11 0 10 0 5 4 2 12 9 3 7 0
0 0 0 0 1 0 7 12 0 0 10 16 13 6 5 0
0 0 5 12 0 9 4 15 0 0 0 0 1 2 16 0
