13 7 0 0 8 0 2 6 12 5 15 0 0 0 0 0
11 0 14 4 0 0 1 0 16 7 0 8 12 2 0 0
0 1 3 0 10 13 9 14 11 0 6 4 15 16 7 8
15 0 8 0 7 12 4 0 3 0 1 14 5 13 11 0
0 16 1 0 9 7 14 0 4 11 0 10 0 0 0 0
14 15 5 9 4 0 0 0 0 13 16 0 0 0 1 0
0 13 2 11 0 8 0 5 1 6 12 0 4 14 0 0
10 12 4 6 1 15 0 0 8 14 0 2 16 3 5 0
0 0 0 3 2 0 0 11 14 8 4 6 1 7 16 15
0 14 0 0 0 1 7 8 5 0 0 16 10 0 0 3
0 4 0 1 14 16 15 9 10 12 0 7 0 0 2 0
16 0 6 0 12 4 0 0 15 1 0 13 14 9 8 0
0 0 7 14 0 2 12 1 0 0 10 5 9 0 15 16
0 0 16 0 13 0 0 10 0 0 0 0 11 5 0 14
1 0 12 0 15 0 5 7 0 16 0 11 0 4 0 0
0 8 0 5 11 0 0 0 0 0 14 12 7 0 3 1
