15 0 16 13 4 0 12 9 5 7 1 2 14 11 0 6
0 0 6 9 5 0 1 0 12 0 0 3 8 0 4 13
5 2 0 8 11 14 6 3 0 0 0 13 9 12 7 0
12 11 0 4 0 0 10 0 0 0 6 8 5 0 2 0
0 0 4 10 0 0 8 0 0 11 0 16 15 7 6 9
2 15 9 0 0 0 0 6 7 8 0 0 1 13 10 0
13 14 0 12 1 4 15 11 6 3 0 0 0 8 5 0
6 16 8 0 10 9 0 0 13 0 0 0 0 0 14 0
10 0 14 0 13 0 16 5 0 15 2 12 0 9 0 0
4 13 15 5 0 0 0 12 9 0 0 1 6 16 8 10
1 0 2 16 0 6 9 10 11 0 8 0 4 0 13 0
7 0 11 0 0 0 4 8 0 0 10 0 12 0 0 5
8 6 0 7 3 15 13 1 10 0 16 0 2 14 11 4
0 0 10 0 9 12 0 0 3 0 0 15 13 1 0 0
0 0 0 15 0 0 11 0 2 0 5 14 3 6 12 0
0 3 0 0 6 0 2 4 8 0 13 0 0 5 0 15
