2 0 0 16 10 11 9 13 1 12 3 5 0 8 15 0
7 0 0 9 0 14 0 0 15 4 13 16 0 12 0 0
0 15 0 0 7 12 0 1 0 0 10 9 16 0 13 11
12 1 14 13 16 0 3 15 8 6 7 0 0 9 0 10
10 0 7 1 0 16 11 5 0 3 2 0 0 0 0 12
3 0 13 2 0 8 10 14 12 5 11 7 0 0 6 1
9 16 12 0 1 13 0 2 0 10 4 0 0 14 7 3
0 0 6 15 4 7 0 0 9 0 0 0 0 0 2 0
0 0 10 4 3 0 0 0 0 11 12 1 0 15 0 13
15 0 16 0 2 9 0 0 0 0 0 10 1 6 0 5
1 0 9 7 13 5 8 0 4 0 6 14 12 0 16 0
0 0 8 6 0 15 1 0 0 2 9 0 14 0 0 7
0 9 3 11 0 0 0 16 0 0 0 4 0 0 12 15
0 0 2 10 0 0 0 9 13 0 15 0 5 1 14 16
16 0 15 8 0 0 4 12 3 7 0 2 6 11 0 0
5 7 1 0 15 0 13 6 0 9 0 12 8 2 0 0
