12 0 0 0 13 6 15 5 0 9 1 0 0 16 7 0
0 0 4 0 14 0 7 8 5 13 0 3 0 9 0 2
0 13 14 16 9 0 2 12 7 15 0 6 0 1 3 0
7 0 8 10 1 0 0 3 14 16 0 2 0 13 6 0
15 0 0 14 0 0 13 0 9 12 0 10 6 0 16 0
4 0 0 0 15 0 14 1 11 2 0 7 0 10 0 0
9 11 0 0 16 8 12 0 15 0 0 14 0 5 4 3
0 7 0 2 4 0 6 0 0 5 8 16 0 14 0 0
0 15 5 7 8 12 16 0 0 11 13 4 1 0 2 14
0 0 3 9 0 13 0 0 0 6 7 15 0 0 8 16
2 4 0 6 10 7 0 14 16 8 5 0 3 15 13 9
0 8 0 1 11 0 3 0 10 0 2 9 7 4 0 12
0 1 0 0 7 11 0 16 0 10 0 5 8 0 14 0
0 14 9 4 0 3 0 2 8 0 0 11 13 0 15 0
0 10 7 5 0 14 0 13 6 0 0 1 16 2 9 4
8 2 0 0 0 0 9 0 0 0 0 13 11 0 0 5
