7 0 2 0 9 1 11 10 3 12 5 0 16 4 0 0
0 1 0 0 7 3 2 13 0 0 0 14 9 0 0 0
15 0 0 9 0 8 5 12 0 4 13 0 0 7 0 6
10 0 0 3 15 4 0 0 7 1 0 0 13 2 14 11
0 13 0 10 3 9 7 15 0 0 0 12 2 0 8 0
6 2 0 16 5 0 1 11 8 0 7 9 0 0 12 15
0 15 14 0 2 6 12 0 0 11 0 0 5 16 0 0
0 7 0 0 0 0 0 0 0 10 0 5 6 9 0 4
1 12 0 0 6 11 8 0 4 0 10 0 0 14 13 0
16 4 9 14 0 0 0 2 6 0 12 7 11 0 0 0
0 8 10 0 4 7 0 9 0 3 14 15 12 6 1 0
0 0 0 0 0 14 0 5 9 8 11 0 4 0 16 7
8 0 1 7 0 2 0 6 0 0 15 11 0 12 4 5
0 6 0 0 13 12 0 1 10 5 8 3 7 0 0 16
0 9 5 0 8 16 0 14 0 7 1 4 10 3 0 13
3 10 13 0 11 5 0 7 14 2 0 0 0 15 9 1
