0 5 15 16 0 1 10 0 12 14 0 7 0 8 0 0
0 10 11 0 12 0 0 15 0 5 13 8 0 0 16 0
0 13 0 6 5 0 16 0 1 0 0 11 12 0 10 0
0 2 1 14 0 8 4 0 3 10 0 0 9 0 5 11
0 7 2 8 0 0 9 0 15 13 0 0 0 0 14 1
0 0 0 0 3 0 0 5 0 1 7 10 13 4 8 16
0 9 13 3 1 7 12 4 16 8 0 0 15 10 0 2
14 4 0 0 0 0 0 0 0 0 11 0 6 3 9 0
2 12 16 0 14 5 11 9 8 0 4 3 0 0 6 10
0 1 0 0 7 12 3 0 11 16 2 0 8 14 15 0
8 15 9 7 4 0 0 16 14 0 10 5 0 0 0 3
10 0 3 0 0 0 0 8 6 7 0 9 4 16 0 5
1 0 7 0 16 0 8 12 0 6 0 2 0 15 0 4
13 0 0 2 9 15 0 3 0 11 12 1 10 5 7 0
0 0 14 0 0 0 5 7 13 0 15 16 2 0 1 0
15 0 5 10 2 0 0 0 7 9 8 14 0 11 13 12
