0 11 0 14 16 4 0 0 0 6 3 5 10 13 7 0
16 0 7 0 13 0 0 11 15 2 8 10 0 1 3 0
0 13 2 0 1 9 0 0 14 4 16 12 0 8 0 0
1 6 0 0 12 0 3 0 0 0 0 9 14 0 2 16
0 0 16 6 4 0 0 10 3 0 13 2 0 0 11 9
0 2 4 0 0 12 16 3 0 0 7 6 0 0 0 10
0 0 13 0 14 8 2 6 9 0 12 4 16 0 15 7
7 12 3 0 0 13 5 0 0 14 10 8 6 2 0 4
0 0 12 2 10 0 6 16 0 0 1 3 0 15 0 0
13 0 1 0 0 14 12 0 0 8 0 0 2 5 16 0
0 0 5 0 2 3 15 8 0 13 0 14 0 7 10 6
0 3 10 0 5 0 13 0 0 16 4 0 12 0 9 14
0 0 6 0 7 0 10 0 4 3 0 0 15 0 14 11
4 0 15 0 0 5 0 1 0 10 0 13 3 6 12 2
0 9 0 0 3 15 4 0 6 12 0 16 7 10 13 8
0 10 14 0 6 0 11 13 8 9 15 0 4 0 0 1
