14 0 0 0 16 0 7 0 5 1 12 0 0 6 13 10
6 4 0 0 2 8 10 11 0 7 9 13 14 15 0 0
0 13 0 16 6 0 15 0 4 14 8 0 0 0 3 11
12 0 8 0 1 13 14 3 0 11 0 0 4 5 0 7
0 6 16 0 5 0 0 0 3 0 15 7 0 14 8 0
3 10 12 7 0 6 0 2 0 0 0 0 0 13 11 0
0 0 0 0 11 15 0 10 9 12 13 2 6 1 0 3
0 15 0 0 0 0 8 0 0 4 11 0 5 10 12 9
4 1 0 13 0 0 0 0 0 16 7 0 3 8 0 6
2 0 10 8 0 1 6 16 0 3 0 0 0 4 0 14
0 16 15 9 13 2 0 8 0 0 0 14 12 11 5 1
11 0 6 0 10 0 0 14 0 13 0 12 7 16 0 2
10 2 0 12 8 0 1 13 0 15 6 5 11 3 4 16
16 14 3 0 0 0 0 6 13 0 0 4 15 12 0 0
15 7 0 4 0 10 0 5 0 0 16 11 0 9 6 0
5 8 11 6 15 16 0 0 0 9 3 1 10 0 0 0
