12 0 3 6 16 15 0 8 2 1 11 14 7 5 0 0
0 0 5 9 0 0 1 0 4 12 13 3 0 0 14 8
2 13 1 8 0 14 0 0 6 16 7 15 0 11 3 0
7 11 4 14 2 0 13 0 9 0 10 8 0 12 15 0
0 0 13 16 8 4 11 5 0 7 14 1 0 6 0 9
14 15 9 0 3 16 6 10 12 13 2 4 0 0 0 11
0 4 0 0 0 2 15 0 8 0 0 0 0 7 12 14
0 8 0 1 0 9 0 12 0 0 5 11 13 16 0 15
0 0 0 0 6 0 0 0 14 0 0 10 5 13 0 3
13 0 0 11 0 7 0 9 0 0 0 0 0 10 6 2
0 0 15 10 4 0 0 14 0 0 0 9 0 0 0 16
4 1 0 3 0 13 10 2 7 8 0 5 0 14 0 12
16 3 0 0 1 0 14 13 11 4 0 0 2 0 8 5
1 6 10 0 0 8 2 3 5 14 9 13 0 4 0 0
0 5 0 4 0 0 12 11 16 10 0 0 14 0 1 13
0 2 0 13 0 5 4 0 0 3 0 0 12 15 0 6
