0 0 13 4 0 0 15 0 12 11 5 1 0 0 2 6
7 6 0 14 0 4 0 16 10 13 15 8 0 11 9 1
0 11 0 16 5 0 0 0 7 0 0 2 15 10 12 0
15 2 10 5 11 12 13 0 14 0 0 0 4 8 0 0
1 0 15 0 6 9 0 0 8 0 13 0 7 5 11 0
0 10 8 0 0 0 3 0 0 7 0 0 2 0 0 16
0 13 7 11 16 8 5 2 6 0 1 0 3 12 0 4
12 5 16 0 10 0 0 11 15 2 4 0 0 9 0 0
16 9 6 0 0 10 4 0 1 0 2 0 8 0 0 0
0 8 0 13 0 3 11 7 9 15 16 0 6 0 10 12
11 0 0 0 14 0 8 5 0 0 0 0 9 15 4 2
0 12 2 0 0 15 9 0 0 3 8 5 0 0 0 0
0 0 4 8 7 0 6 0 0 5 9 11 12 0 14 15
13 0 5 0 0 0 1 15 3 0 10 6 16 0 8 9
3 15 11 6 12 0 16 9 0 0 7 13 0 4 1 5
2 0 9 0 0 0 0 13 4 1 14 15 0 6 0 7
