0 3 10 13 11 0 0 4 9 0 0 6 14 1 0 7
14 4 0 5 1 0 2 3 16 0 0 7 13 15 0 12
0 0 15 0 0 0 10 0 0 3 0 1 0 0 11 9
1 0 2 0 6 0 15 9 0 0 0 5 3 4 0 16
0 10 0 0 0 1 9 0 0 0 7 0 0 6 4 3
5 9 7 0 0 0 4 0 1 13 0 11 0 12 0 0
4 0 13 0 10 0 0 0 0 0 3 16 5 0 9 8
6 12 8 11 3 0 14 0 10 0 9 15 1 16 2 0
8 0 11 0 14 4 3 0 0 0 16 12 10 0 1 5
13 16 0 0 0 0 12 1 0 0 8 0 7 0 3 11
0 14 3 4 7 0 0 0 5 0 1 2 16 0 12 6
10 0 12 0 0 0 0 0 3 6 11 13 0 14 0 2
2 8 0 12 0 3 16 0 11 7 5 9 6 0 13 1
0 13 0 0 0 2 0 5 6 0 12 10 9 11 7 0
11 0 1 0 12 10 0 6 0 16 2 4 8 3 5 14
7 5 0 10 9 13 11 0 15 1 0 3 0 2 0 0
