10 3 0 0 0 11 1 15 0 0 8 4 9 14 0 16
9 2 0 0 16 0 3 0 0 0 10 13 5 7 11 0
5 13 15 16 0 0 0 0 11 3 9 0 0 6 8 1
0 12 0 0 4 0 9 14 6 16 5 7 15 0 0 0
0 14 5 0 10 0 15 13 7 6 0 1 0 8 3 0
0 11 6 1 2 5 0 8 9 0 12 3 10 13 0 0
3 0 16 7 0 1 12 0 8 0 15 10 6 0 5 0
0 8 10 0 6 3 7 0 2 4 11 0 12 1 14 0
0 6 8 0 0 16 0 0 5 0 0 15 0 0 9 11
0 7 3 15 13 10 5 4 14 0 2 12 0 16 6 0
0 16 0 0 9 0 0 12 3 0 1 11 7 4 10 0
0 1 0 13 0 7 0 0 0 10 0 0 0 5 15 0
1 5 13 0 0 4 16 9 10 0 14 6 8 0 0 2
6 0 12 0 0 14 13 1 15 0 0 0 0 3 7 10
0 15 4 0 3 6 0 0 13 12 7 9 14 0 1 0
0 10 11 14 15 0 8 0 0 0 0 0 0 0 4 0
