16 0 8 0 12 10 9 14 1 2 4 15 0 13 0 5
1 0 15 11 13 0 2 8 12 0 6 0 0 0 16 0
0 10 6 12 15 0 0 0 16 0 13 0 0 1 14 0
5 14 0 0 16 6 3 1 10 7 9 0 0 8 4 15
0 11 14 6 0 16 4 0 5 0 0 0 0 0 9 7
7 12 4 0 0 0 0 0 3 13 0 0 2 0 8 0
0 5 10 3 2 1 7 0 15 4 8 0 14 11 0 16
9 1 0 0 0 13 0 0 0 0 12 0 0 5 3 4
14 6 0 0 5 0 0 0 4 0 1 16 3 0 12 9
0 7 0 8 10 14 0 0 0 6 0 0 4 0 15 0
3 0 0 0 0 7 0 0 11 12 0 2 1 0 0 6
15 16 1 0 6 12 11 9 0 10 14 0 5 2 0 0
12 8 9 0 11 3 0 6 0 15 7 5 16 0 0 0
6 15 7 0 1 8 0 4 13 0 10 12 0 9 2 0
0 0 16 1 14 15 13 5 8 0 0 4 10 6 0 0
10 4 3 13 7 0 0 0 6 0 0 1 8 0 5 14
