0 7 3 4 0 8 0 0 0 0 12 10 0 1 9 14
14 16 5 12 0 0 1 15 0 8 3 0 2 11 4 13
0 0 15 0 0 2 0 0 5 1 0 13 0 0 16 7
1 0 9 13 6 7 3 0 0 0 14 4 5 10 0 8
6 0 4 7 0 0 12 0 10 14 1 5 0 0 0 16
0 0 12 5 0 6 2 0 13 9 8 15 7 3 10 0
3 0 11 8 10 0 0 0 0 0 2 16 0 0 0 0
0 0 0 2 0 0 0 14 7 0 11 12 0 0 6 5
0 1 0 9 2 0 8 0 0 13 5 0 10 0 14 0
0 3 0 10 5 15 0 0 14 0 0 0 1 0 0 11
13 0 14 11 0 12 0 16 0 10 15 0 4 7 0 3
4 6 8 15 14 3 7 0 1 11 16 2 12 5 13 0
15 12 7 1 13 0 10 8 0 4 6 14 11 0 3 0
8 0 0 14 0 0 4 0 9 5 0 11 0 0 0 15
0 9 6 16 0 14 0 0 3 12 0 1 8 0 5 10
5 4 0 3 12 16 11 0 0 0 0 8 14 6 0 1
