1 15 2 0 0 0 0 11 16 14 9 0 3 5 0 6
7 0 0 13 0 8 2 0 0 3 11 5 15 12 0 10
5 8 0 0 0 16 15 0 6 4 0 12 0 14 0 0
14 0 0 0 0 6 0 10 0 13 0 0 4 0 9 0
10 11 0 0 14 4 0 12 0 5 15 7 6 13 0 16
0 12 0 16 7 13 9 2 0 1 3 0 0 0 10 15
4 2 7 0 11 5 0 6 10 12 13 16 14 0 3 1
13 9 5 0 15 1 10 16 4 0 14 0 0 11 12 7
11 4 0 0 0 2 0 0 0 6 8 9 1 16 0 3
2 1 15 0 0 14 12 0 5 0 0 3 7 0 13 0
16 3 0 7 0 0 0 0 0 0 4 1 0 8 0 12
8 0 0 5 1 9 16 3 7 10 0 2 0 15 6 4
0 7 16 1 13 0 11 8 2 9 5 4 12 0 15 0
15 10 0 14 2 0 4 0 0 0 6 0 9 7 1 0
0 13 0 0 0 15 0 0 0 0 10 0 16 2 0 5
9 0 0 2 0 12 0 0 0 0 1 0 0 3 4 0
