0 0 0 0 0 14 5 12 0 0 1 6 16 11 0 8
2 12 0 13 9 1 8 0 10 5 4 0 0 0 0 15
14 8 0 0 0 6 0 13 0 9 2 12 0 0 5 3
5 0 1 6 2 0 11 4 0 14 7 15 13 0 10 12
0 13 0 0 7 0 0 0 0 4 3 2 0 16 8 5
0 4 14 3 0 2 15 5 0 0 0 0 0 6 13 1
0 0 0 1 0 12 13 16 0 0 14 0 0 0 0 10
0 2 0 9 0 4 3 1 0 0 5 0 11 0 7 0
10 0 2 16 3 0 0 6 0 7 12 0 0 0 0 13
12 0 15 11 14 0 2 0 0 13 16 3 5 0 9 7
3 9 13 14 0 7 4 15 5 1 11 10 8 2 12 0
4 0 0 7 12 13 0 0 2 6 15 9 3 10 14 16
6 0 3 0 1 8 0 10 0 2 0 4 7 14 16 9
13 0 9 0 0 0 0 7 3 11 6 14 0 0 0 2
0 14 0 2 0 0 6 0 0 12 8 0 0 13 0 11
1 0 12 0 13 0 14 2 7 10 9 5 0 0 0 0
