12 0 14 0 0 1 0 6 0 3 4 0 2 0 11 0
4 10 9 2 11 0 3 8 14 16 1 5 6 0 0 7
0 11 0 0 0 12 0 0 0 0 8 0 4 3 5 0
3 13 6 15 0 0 0 10 2 0 0 0 1 14 0 0
6 3 0 9 0 5 10 0 4 14 7 1 8 13 2 11
0 15 0 0 9 14 13 2 12 8 3 0 0 6 0 0
10 0 2 0 1 0 16 7 13 15 9 11 12 0 3 14
13 0 7 12 0 0 0 0 0 2 6 10 16 0 15 1
15 6 0 0 8 2 14 5 11 9 0 0 3 7 0 13
0 7 0 0 10 13 0 1 0 0 14 8 9 11 12 0
0 0 5 14 16 4 12 0 0 7 13 0 10 2 1 0
0 0 0 0 7 0 6 0 1 4 10 2 5 0 14 8
14 4 0 0 12 11 1 16 7 0 0 0 0 0 6 2
5 1 0 6 4 9 0 3 0 0 0 0 0 0 7 12
7 0 8 0 14 10 0 15 3 0 0 6 11 5 9 4
0 0 0 10 0 0 5 0 8 0 0 4 0 1 0 0
