0 0 0 12 0 10 0 0 0 13 3 11 6 14 0 0
16 13 4 10 9 6 0 14 7 2 0 0 0 5 0 0
0 0 14 0 0 0 0 0 0 10 1 4 8 0 0 7
0 0 8 3 0 2 7 4 0 6 12 14 0 11 9 13
15 0 0 6 0 16 0 2 11 0 0 10 0 9 0 3
0 0 10 2 1 12 15 0 0 14 9 0 16 6 8 0
14 16 13 0 0 0 0 3 12 15 0 0 2 10 7 5
11 7 9 0 0 0 8 0 4 16 2 3 15 13 0 12
12 6 7 16 11 8 4 0 14 0 13 0 0 0 15 0
5 8 0 13 0 15 6 0 0 11 0 9 12 0 2 14
0 0 0 0 2 13 0 0 0 4 16 0 11 0 6 9
2 0 0 9 0 14 3 0 0 5 15 0 7 16 0 8
0 1 12 5 3 0 16 0 0 7 0 0 9 0 11 2
0 14 6 0 0 9 2 13 15 0 11 16 0 8 5 4
9 11 3 0 0 1 14 5 0 12 4 6 0 0 10 16
13 2 0 0 0 7 10 0 1 9 0 8 0 12 3 6
