9 10 0 3 0 12 13 11 4 0 2 0 0 5 0 8
0 0 5 11 1 0 0 0 0 0 0 0 0 12 9 16
0 0 13 16 5 0 0 0 0 0 14 12 10 11 0 4
1 14 0 4 15 16 0 0 8 11 5 9 3 0 0 13
12 0 3 0 16 4 15 7 9 0 11 14 5 0 0 2
0 9 0 14 0 0 1 13 7 5 0 0 0 0 6 12
16 0 0 0 14 5 6 3 12 4 1 8 11 0 0 10
11 5 0 13 0 9 0 0 0 6 0 0 0 14 7 3
14 16 0 5 0 0 3 0 6 10 12 0 13 15 11 1
13 0 4 12 0 14 11 1 0 9 0 0 2 0 3 0
2 11 0 15 4 13 0 5 0 14 0 7 0 10 16 0
0 1 0 7 9 6 0 0 0 2 8 13 0 4 14 5
0 0 0 0 8 10 0 9 5 0 6 0 16 0 12 0
15 0 14 8 6 1 5 12 10 0 7 16 9 2 0 0
10 0 0 6 3 11 2 14 13 12 9 0 7 0 0 0
0 12 2 0 0 15 7 0 14 0 0 11 0 0 10 6
