0 1 13 11 0 0 9 8 14 6 10 0 12 2 4 5
4 0 7 0 10 13 6 2 0 15 12 0 9 3 16 14
0 16 2 6 0 14 0 1 0 5 8 13 15 10 11 7
10 0 14 0 3 11 16 5 2 0 0 9 0 0 0 13
0 0 0 1 6 0 5 0 4 0 3 12 16 0 7 15
8 0 12 0 0 0 0 16 0 0 0 0 0 0 5 0
15 0 0 16 4 0 7 13 8 1 2 5 0 14 0 10
0 7 6 5 0 0 1 3 10 16 15 14 0 8 12 4
0 12 15 2 0 0 0 6 0 0 0 0 0 9 3 0
11 0 1 0 14 0 2 0 16 8 13 3 0 0 10 12
14 0 0 10 0 0 12 0 7 0 1 2 0 0 0 8
16 0 4 3 0 0 10 11 0 12 9 0 0 7 13 0
0 0 0 0 9 1 0 0 12 2 16 10 13 4 0 6
0 9 0 15 0 7 0 10 13 0 5 1 0 0 2 0
12 11 0 13 0 2 0 4 0 0 7 15 10 1 14 0
1 0 10 0 0 6 3 12 0 14 11 8 7 0 0 16
