10 9 0 0 0 0 0 0 3 0 6 0 14 8 2 0
0 5 3 0 0 0 0 10 0 14 0 0 15 0 0 0
0 15 7 12 2 8 16 0 0 0 10 0 0 6 3 0
0 2 8 4 3 0 6 14 16 7 5 15 12 0 9 0
9 13 1 0 7 6 14 0 0 5 12 16 0 0 15 3
2 14 4 0 0 0 0 3 0 13 0 0 7 0 16 0
15 0 5 0 9 0 8 16 14 10 1 0 0 12 0 2
16 12 10 6 0 5 0 4 0 2 7 0 9 14 0 8
8 6 0 13 0 7 0 0 0 0 15 0 5 3 0 9
0 1 2 14 8 3 0 15 0 16 0 0 6 13 7 0
4 11 12 0 0 0 2 9 0 8 0 6 16 0 1 10
3 10 15 0 16 4 0 0 0 0 13 12 2 11 8 14
11 0 13 0 6 12 0 8 1 0 14 0 0 2 10 15
7 8 0 2 15 0 3 11 10 0 16 5 0 0 0 13
1 0 14 0 4 2 0 0 12 0 0 0 8 16 5 6
0 4 6 0 5 0 10 1 13 3 2 0 11 0 14 0
