0 14 9 8 10 16 0 1 15 0 11 0 0 6 13 0
0 0 10 3 15 0 9 4 6 1 8 13 5 0 11 2
0 13 15 11 3 0 6 0 12 0 16 0 9 14 1 7
4 0 0 6 12 7 11 0 14 0 0 0 0 3 0 15
3 0 0 0 0 0 2 0 0 7 9 0 16 1 0 14
15 0 12 2 1 0 0 0 4 16 14 5 0 0 7 6
16 6 8 0 7 0 4 5 0 2 12 1 0 0 3 9
7 1 0 9 0 13 14 0 10 6 3 11 15 0 5 0
8 0 0 7 0 3 16 0 0 0 0 14 11 12 9 0
0 9 13 12 11 2 0 15 3 0 6 8 7 0 14 16
0 0 0 15 0 5 0 14 11 12 0 16 0 10 0 0
10 11 0 16 4 1 0 0 0 13 7 0 0 15 6 0
0 15 7 1 0 0 13 3 0 11 4 0 6 9 2 8
0 12 3 10 8 4 0 16 0 5 0 0 0 13 0 11
0 0 0 5 14 0 15 0 0 0 13 3 0 4 0 10
0 0 0 4 2 0 0 11 1 14 15 10 0 0 0 0
