0 0 15 10 11 16 7 0 3 0 2 9 5 1 0 14
5 0 8 0 0 0 10 6 15 0 0 0 7 0 3 12
12 13 0 3 0 9 14 1 0 0 0 7 6 0 0 0
7 1 14 16 0 0 2 3 5 6 13 0 4 10 9 0
1 2 0 0 14 13 11 7 12 5 0 0 10 8 6 3
0 0 4 0 3 0 0 2 9 0 6 0 12 0 1 0
13 14 10 0 0 6 8 5 0 0 3 1 11 0 4 16
16 0 6 7 0 1 0 0 14 11 15 0 0 0 0 0
8 0 2 0 1 5 9 14 4 0 11 6 15 0 0 10
15 6 7 14 0 0 12 4 10 0 5 0 9 0 2 0
9 0 0 4 16 0 6 0 1 14 0 2 0 0 0 13
0 0 5 0 2 7 0 13 8 9 0 0 16 0 0 4
14 8 1 6 0 0 0 0 7 0 16 0 0 13 15 9
4 0 12 5 0 14 15 0 13 2 0 3 1 0 16 6
3 7 13 11 4 0 0 0 0 15 9 0 14 12 0 0
2 0 16 9 6 12 0 0 11 10 0 0 0 0 7 0
