5 12 11 1 0 0 0 0 0 0 7 6 4 9 16 10
0 3 9 15 11 0 0 7 0 0 10 0 8 2 0 0
2 16 4 13 0 0 0 9 11 3 0 0 0 0 1 0
0 0 14 10 0 1 6 12 5 0 9 0 0 15 0 11
0 0 0 12 14 7 0 16 15 10 2 11 0 6 0 9
4 0 10 0 0 12 0 0 0 0 8 0 11 14 15 16
13 6 3 0 0 15 8 0 16 14 5 0 0 1 10 7
14 0 16 7 9 10 11 6 12 13 0 4 0 3 5 8
15 0 0 0 6 16 0 10 0 1 4 0 0 8 7 0
8 13 0 4 0 9 0 11 0 5 14 10 0 0 6 2
0 0 0 14 0 3 5 13 0 2 15 16 10 4 0 1
10 0 2 0 8 0 15 0 0 0 11 0 9 0 0 12
12 10 15 5 7 0 16 3 4 0 13 0 1 0 2 6
0 14 0 2 10 6 0 15 0 0 16 0 5 12 0 3
0 0 1 6 2 11 9 0 10 0 0 0 0 0 8 15
3 9 0 0 0 13 12 0 2 11 6 0 16 0 14 0
