0 12 0 15 0 11 0 0 3 14 13 0 0 8 5 9
14 0 11 10 9 13 8 2 5 7 15 6 0 3 4 0
0 0 0 0 12 15 0 0 0 4 16 0 0 7 0 0
13 0 6 4 1 0 7 0 0 12 0 9 0 14 15 10
0 9 10 0 0 4 0 13 14 5 3 16 0 12 0 0
11 14 0 0 0 12 0 0 4 13 7 15 8 9 10 3
15 0 4 0 3 8 0 9 0 1 10 0 11 0 13 16
12 13 3 16 7 10 5 0 0 0 0 0 0 0 14 1
0 0 0 0 14 0 3 1 10 6 0 4 0 15 9 8
0 0 0 1 0 7 2 8 0 0 0 0 6 11 0 0
16 15 8 0 5 6 4 0 0 11 14 7 3 0 1 0
0 6 0 0 13 0 15 11 1 16 0 0 0 0 0 14
8 0 13 11 0 0 0 0 9 15 6 14 0 0 3 0
0 0 0 7 0 0 9 6 11 2 0 0 14 1 0 5
2 0 9 0 8 1 0 7 0 10 4 5 12 0 11 15
6 5 15 12 11 0 16 0 7 3 1 8 9 13 2 4
