0 6 12 14 0 0 0 2 16 11 0 13 10 0 5 8
0 13 15 8 11 0 3 14 0 1 0 0 0 2 0 7
0 5 9 7 0 8 13 0 0 0 15 3 0 0 0 0
0 1 0 2 10 9 0 0 4 0 7 0 0 3 0 15
0 14 0 0 13 10 0 0 0 12 0 11 3 0 8 0
0 15 0 6 0 11 0 0 0 7 14 0 1 16 12 10
12 0 2 10 3 0 0 8 13 5 0 0 0 0 0 9
7 0 8 11 0 5 12 1 9 10 0 15 0 14 2 4
0 16 10 0 0 3 0 13 7 9 0 2 14 0 4 6
2 12 0 0 7 16 10 11 0 14 0 4 5 0 9 13
14 0 0 0 6 0 0 12 11 16 13 0 8 7 3 1
0 0 0 13 9 4 14 5 15 0 0 12 0 10 0 16
1 8 0 9 0 0 16 0 14 0 12 0 0 13 0 11
15 2 4 5 14 6 8 3 0 0 11 7 0 0 0 12
0 11 14 16 12 1 0 7 5 15 2 9 0 0 10 3
6 10 0 12 15 0 0 0 8 0 0 1 0 5 14 2
