11 4 0 7 10 0 8 3 12 5 13 0 6 9 1 0
12 0 10 16 9 4 0 0 1 2 0 0 13 0 5 8
2 0 0 5 15 0 0 6 8 0 4 0 12 14 0 11
6 0 0 1 0 5 0 12 0 0 7 9 10 2 16 4
5 12 16 3 0 0 0 9 6 15 8 1 0 4 10 13
9 2 0 0 12 6 16 0 0 11 0 0 15 0 0 1
4 0 0 10 8 1 0 0 13 3 0 12 16 0 0 0
1 11 6 0 4 0 0 15 0 7 0 2 5 12 0 14
0 5 7 12 13 8 0 1 3 0 11 0 0 0 4 0
0 0 0 6 5 0 0 14 10 0 0 13 8 15 12 0
8 14 0 2 6 0 0 16 0 9 12 7 3 13 11 5
0 16 0 0 0 0 0 2 14 0 0 15 1 6 0 0
14 1 0 4 0 0 5 0 0 0 9 8 0 16 0 0
0 0 0 9 0 13 15 0 11 6 3 0 0 1 2 12
0 0 2 0 1 14 12 11 16 4 0 10 9 0 13 0
13 0 11 15 16 0 0 0 2 12 0 5 0 8 14 10
