9 4 0 0 1 0 2 0 11 0 0 0 7 3 6 12
13 0 12 2 16 3 10 4 0 15 0 0 0 0 11 14
6 0 0 3 7 0 9 0 10 0 16 1 4 15 0 0
1 7 14 15 11 0 8 13 3 0 9 0 0 2 5 16
4 13 1 0 5 0 15 0 7 0 11 0 8 14 9 0
0 15 0 0 8 14 0 10 9 3 13 0 0 1 12 2
5 0 0 0 0 0 0 12 6 0 1 8 13 11 15 4
0 9 0 0 3 0 0 0 12 4 15 16 5 7 10 6
8 6 2 13 4 15 0 0 1 0 10 9 11 0 14 0
16 12 15 1 14 9 11 0 0 13 0 3 6 0 7 8
14 0 9 11 0 0 0 0 16 6 0 0 2 0 3 0
3 10 0 0 6 8 0 0 0 0 0 0 12 0 1 9
10 0 0 0 15 4 3 8 0 0 0 0 0 12 0 0
11 0 3 0 12 10 5 1 0 0 0 6 15 8 13 7
0 2 4 7 13 11 14 9 0 5 0 10 0 0 0 0
12 0 0 0 2 0 0 16 15 9 0 11 14 0 4 0
