7 6 14 15 16 5 0 0 0 1 0 13 2 0 0 11
1 0 0 0 9 0 6 0 2 0 16 10 14 5 4 0
16 9 10 11 13 2 3 0 0 6 0 5 12 0 8 0
0 5 0 8 7 10 15 1 0 14 12 11 0 9 0 0
0 12 7 1 4 14 5 2 10 0 0 0 9 0 15 0
3 15 6 2 1 0 0 9 0 0 0 0 16 11 5 0
0 16 0 0 0 0 11 6 0 0 5 0 4 12 0 0
5 14 11 0 0 0 0 13 9 15 0 0 7 8 1 2
0 2 15 5 0 9 0 10 14 0 0 16 11 0 0 0
0 7 16 14 0 4 2 3 0 8 13 0 10 15 9 6
0 0 4 0 12 6 13 0 11 0 15 0 5 2 16 14
0 13 0 0 14 15 16 0 0 12 0 0 0 1 0 8
14 4 13 12 0 0 0 0 0 11 0 0 8 16 10 7
0 0 1 0 2 13 0 4 12 0 10 7 6 0 11 9
0 10 3 7 6 0 0 0 0 9 8 0 15 4 13 5
9 11 5 6 0 0 0 0 13 0 3 15 1 14 0 0
