0 9 15 12 11 6 0 8 13 5 1 0 4 14 2 0
1 7 6 10 0 0 0 13 9 11 14 0 0 12 16 5
14 3 0 2 9 0 0 0 6 15 0 0 0 13 0 7
0 13 0 0 3 0 16 0 10 0 7 12 11 15 6 9
0 0 9 3 7 0 11 10 16 1 0 0 0 6 0 0
12 10 14 0 0 0 4 15 0 0 5 0 2 8 0 16
13 0 16 7 12 2 1 3 0 8 10 9 5 11 0 0
15 0 0 1 0 0 14 6 11 12 2 13 0 0 10 0
0 14 0 6 0 0 9 0 4 7 0 0 16 0 0 1
7 1 8 13 0 0 0 12 0 0 11 2 9 0 0 4
0 0 12 9 2 0 0 1 3 0 8 10 13 7 14 0
0 15 10 4 0 7 13 0 0 0 0 1 0 0 3 6
0 0 13 0 0 14 3 2 0 4 0 5 6 16 7 8
3 4 2 16 0 0 10 0 0 0 6 0 0 1 0 15
9 8 1 0 0 0 6 4 2 0 0 0 14 3 11 13
0 12 0 0 0 0 8 9 1 13 0 16 10 4 5 0
