14 0 15 0 4 0 13 11 0 0 7 0 0 0 3 1
2 4 3 13 0 1 0 16 15 8 5 0 9 0 10 0
10 7 1 5 2 0 12 0 0 9 0 0 0 15 11 0
16 12 6 0 10 0 15 7 3 1 4 14 0 2 0 8
4 5 0 0 16 3 0 15 0 0 6 0 10 9 8 13
3 2 0 9 13 7 4 0 0 0 8 15 0 11 0 0
0 0 0 0 8 0 1 9 10 0 11 0 2 4 14 3
0 0 8 0 14 0 0 0 13 4 0 0 15 7 16 0
0 10 0 6 7 0 0 13 8 0 0 9 3 0 12 11
0 0 5 0 3 0 0 6 0 15 0 4 7 1 0 2
1 0 0 16 9 15 0 0 0 10 2 0 0 14 4 6
7 0 0 0 0 4 0 1 16 0 3 0 0 10 0 9
11 16 12 7 5 13 6 0 4 14 0 2 0 3 9 15
8 15 9 0 1 0 7 0 5 3 12 0 4 0 2 0
0 0 2 4 0 16 0 0 0 13 0 0 11 8 6 14
13 6 0 3 0 2 0 4 1 11 16 8 0 5 0 10
