6 2 0 0 4 0 11 0 0 14 0 12 3 0 0 0
16 8 5 3 6 0 0 2 13 1 0 11 15 4 7 14
10 0 0 0 0 1 0 15 0 0 0 0 0 8 6 0
0 0 4 0 0 0 14 0 2 6 0 16 0 11 0 12
0 0 10 5 15 0 8 13 0 0 4 2 11 6 3 7
0 6 15 0 0 11 9 0 0 13 8 3 16 0 0 0
0 14 12 8 3 0 0 0 0 15 0 7 9 0 0 4
2 13 0 0 12 0 4 7 11 0 6 9 8 5 15 1
3 0 0 12 2 4 0 0 0 7 0 10 5 9 13 8
0 0 6 2 0 10 7 12 0 8 0 4 14 16 1 0
13 0 7 9 0 8 3 0 0 16 2 0 0 0 11 6
15 4 8 1 11 13 6 16 0 5 12 14 0 0 2 0
12 15 0 6 0 2 5 0 0 11 0 0 1 3 4 0
0 0 0 0 14 0 10 0 0 2 3 0 12 0 9 16
7 3 2 11 8 6 0 0 12 9 16 13 10 0 14 5
14 9 0 10 0 0 16 3 0 4 5 0 6 2 0 0
