8 11 0 6 0 5 0 0 12 9 0 15 0 0 0 0
15 0 12 9 0 0 0 6 10 2 5 13 14 0 3 4
2 14 3 0 0 16 10 12 1 0 6 0 9 5 15 11
0 0 7 10 0 13 15 2 3 0 14 0 6 12 0 8
0 0 0 7 0 1 16 0 5 0 0 0 8 9 13 0
0 15 0 14 12 0 2 0 8 1 7 6 0 0 5 16
3 6 13 12 0 0 0 15 9 0 11 10 2 0 7 1
16 0 1 0 0 7 0 9 0 0 13 2 15 0 12 0
0 3 6 0 0 0 8 5 16 7 0 9 13 0 11 0
10 13 8 0 6 12 0 0 14 5 0 11 3 2 4 9
14 9 0 16 3 4 0 1 0 13 0 0 12 0 10 7
1 7 0 0 13 9 14 10 0 12 4 3 16 15 8 0
6 12 2 0 0 0 9 0 0 0 0 0 7 16 0 15
0 4 0 3 16 0 5 8 0 6 0 0 0 13 0 0
9 0 16 8 0 0 13 0 7 14 3 0 5 4 0 0
13 0 14 0 0 0 0 7 0 4 0 16 11 8 9 0
