9 7 15 0 0 3 0 0 0 13 4 0 0 0 0 0
4 5 0 11 2 8 0 0 9 7 10 12 3 0 0 13
16 1 13 0 0 11 0 0 0 15 6 14 0 9 2 0
0 14 12 3 0 13 15 9 0 0 2 1 0 6 5 0
0 16 0 10 0 0 0 11 7 12 0 3 6 4 8 9
0 0 4 7 8 0 3 13 14 11 9 10 1 0 0 0
0 11 0 15 16 0 7 0 4 2 8 0 14 0 13 3
0 3 9 14 10 15 12 4 1 6 16 0 2 0 0 11
5 13 7 0 14 10 1 0 0 8 11 0 0 0 9 0
2 6 3 0 0 4 9 12 0 0 5 0 8 0 16 14
0 8 10 9 0 0 11 0 13 14 1 4 5 2 0 6
0 0 14 12 0 0 8 0 2 9 3 16 13 0 10 7
0 12 16 6 15 7 4 0 11 0 0 0 9 14 0 0
0 0 2 5 0 0 13 0 6 1 0 15 0 7 0 0
7 0 0 13 0 0 5 3 16 0 0 0 15 0 6 0
0 15 8 0 6 0 2 16 0 3 7 0 12 13 0 0
