0 0 5 0 0 14 10 1 0 12 8 0 6 0 13 0
0 16 6 14 8 11 13 12 0 15 0 9 0 10 0 4
15 4 0 8 2 6 9 0 0 13 16 7 0 1 12 0
0 13 12 10 7 0 4 0 0 1 6 0 0 5 9 8
6 0 10 0 4 0 7 0 16 0 0 0 0 9 0 14
16 0 13 0 15 0 1 14 7 9 4 10 0 0 0 0
0 11 15 2 13 0 0 0 6 3 1 0 10 0 0 7
0 0 0 9 6 0 5 11 0 0 0 13 0 15 0 0
0 0 9 12 1 0 0 8 13 0 0 3 0 7 10 2
8 0 16 0 5 2 0 7 1 4 12 15 0 13 14 3
13 0 0 4 0 12 3 10 0 2 7 0 5 0 0 0
3 0 0 0 11 13 14 0 0 5 10 16 12 0 4 1
0 0 1 0 10 7 0 13 15 0 9 2 0 0 6 5
0 0 11 0 14 0 8 4 0 7 0 6 0 2 0 9
12 6 7 0 3 0 2 9 5 0 0 0 8 14 1 13
9 2 0 13 12 5 15 6 14 0 3 1 0 11 7 0
