0 3 11 13 8 9 0 16 12 10 15 0 14 6 0 0
0 14 0 0 0 0 13 5 0 8 3 1 0 10 7 15
10 8 1 7 12 0 15 0 0 0 13 0 16 3 0 9
0 0 0 0 0 7 3 10 11 0 0 0 0 0 0 13
8 4 12 5 3 14 0 0 0 9 16 2 0 7 0 10
6 2 14 0 15 16 7 9 0 0 0 10 3 0 5 1
7 15 0 3 4 1 10 0 0 0 0 0 2 16 8 0
16 10 13 1 5 0 2 0 6 3 0 15 4 11 9 14
14 7 0 9 0 10 4 3 0 1 0 0 0 0 0 8
0 1 16 0 0 0 0 14 7 6 0 8 10 0 13 3
0 12 0 8 0 0 0 0 10 0 4 14 9 15 6 7
0 0 5 10 7 8 16 0 0 0 9 11 0 4 14 12
0 11 7 0 10 3 8 4 16 12 14 0 6 13 2 0
0 16 8 14 0 6 9 15 0 0 0 4 0 1 0 0
9 13 0 0 0 11 5 12 0 0 0 0 8 14 10 0
0 0 10 0 0 13 14 0 8 0 2 3 0 0 0 16
