12 11 0 10 0 0 4 0 6 3 2 0 0 14 0 5
0 14 0 7 10 2 5 11 1 0 0 0 0 0 8 0
0 2 8 3 7 6 1 0 5 0 0 0 13 0 10 16
6 0 1 5 0 3 0 0 0 11 0 10 2 0 4 9
0 8 0 0 15 12 13 14 10 0 0 16 1 9 0 0
0 10 5 0 0 8 0 1 0 7 13 0 4 2 15 0
0 1 0 15 3 0 9 4 0 0 5 11 16 6 0 10
0 0 3 6 0 0 0 2 0 14 0 1 11 8 0 0
8 15 7 1 0 14 11 6 13 0 10 5 3 0 0 0
2 3 13 0 0 5 15 0 0 12 0 0 10 1 11 14
0 12 0 14 2 0 3 13 0 1 0 0 9 0 0 8
5 9 6 11 0 0 0 0 0 2 4 3 0 0 7 13
1 16 2 9 0 15 14 5 12 10 11 13 8 7 3 0
11 0 0 0 1 9 0 0 8 5 0 0 6 0 0 0
3 6 14 0 4 0 2 12 0 15 0 7 5 10 9 0
15 5 10 0 8 0 7 3 0 6 0 0 0 13 16 1
