5 6 10 14 0 12 3 0 8 7 0 0 11 1 9 16
2 0 8 0 0 11 14 10 0 5 9 4 7 13 6 3
7 3 0 13 0 5 9 0 0 12 6 0 0 0 4 15
15 4 0 1 0 0 2 6 3 16 0 11 5 10 0 12
0 0 4 0 0 3 5 9 0 0 14 8 0 11 1 6
0 0 14 0 0 6 11 12 13 0 5 3 16 0 0 4
0 0 0 12 0 2 0 16 4 0 0 9 3 15 0 0
3 7 6 0 14 0 0 0 11 0 16 12 10 0 0 0
1 11 15 4 3 16 7 2 0 13 0 0 14 0 0 0
0 0 0 5 9 1 12 8 15 0 11 16 4 6 0 0
0 2 0 7 6 0 13 0 5 10 0 0 9 0 16 11
0 9 16 0 11 0 0 5 2 0 0 7 0 0 15 1
4 0 0 11 0 0 1 3 0 8 7 13 15 16 12 0
12 1 0 10 0 13 0 0 0 0 0 0 6 9 0 8
0 15 0 0 4 8 6 0 12 11 3 0 1 14 5 13
0 8 0 3 12 0 0 14 0 9 0 5 2 0 0 7
