2 16 0 0 1 0 15 0 0 0 7 12 9 6 5 14
0 8 9 13 0 14 7 6 16 5 0 1 0 0 15 0
12 5 14 0 0 2 0 13 0 6 4 0 10 16 11 0
0 7 0 6 0 0 0 3 0 2 10 9 1 8 13 0
0 11 16 0 8 1 3 7 15 0 13 0 5 0 12 10
8 12 7 2 0 0 11 0 0 0 14 0 0 15 0 13
0 0 15 0 10 0 13 0 2 11 8 16 7 14 0 6
0 10 6 4 14 0 2 5 0 0 9 3 8 0 0 11
1 9 5 0 0 8 0 2 11 15 0 0 13 4 0 16
0 15 12 8 0 13 0 0 0 16 0 0 6 9 2 0
0 0 0 0 0 5 0 10 13 9 0 2 0 0 1 0
4 13 2 16 11 0 0 0 7 1 5 0 14 12 10 0
7 0 13 12 15 9 0 0 0 0 0 10 11 5 3 0
0 0 10 15 0 0 5 0 9 3 0 11 16 13 8 1
0 0 8 9 0 0 10 0 0 0 0 0 12 7 6 15
16 2 1 11 13 3 6 8 0 0 0 0 4 10 14 0
