16 2 5 11 0 14 3 0 0 6 7 9 0 12 15 4
0 12 0 0 0 0 2 13 3 0 0 1 0 8 14 11
0 14 0 0 15 11 12 0 0 0 5 13 0 0 1 6
6 1 4 0 16 9 0 5 12 14 15 11 0 0 0 7
0 0 9 4 0 7 15 12 2 1 0 3 14 6 13 0
12 5 0 2 0 13 1 4 10 9 0 0 15 0 16 0
0 3 8 6 14 16 10 0 15 11 0 5 0 7 9 12
1 0 7 15 9 3 0 6 0 0 0 0 4 0 5 10
14 8 13 16 11 12 7 9 6 5 0 4 0 0 0 1
11 15 3 1 4 0 0 8 16 0 9 12 0 14 0 0
9 0 0 10 13 2 6 0 0 0 11 15 8 16 0 5
4 0 0 5 3 1 0 0 0 0 0 14 0 13 0 9
0 9 0 7 10 5 0 3 0 8 12 16 0 0 0 14
5 13 0 0 0 0 4 0 9 0 0 0 10 0 0 15
8 0 6 3 0 15 14 11 0 4 0 2 0 0 0 0
0 4 0 14 0 0 0 16 5 0 3 0 12 1 0 0
