0 1 12 4 0 0 11 0 10 16 15 3 8 0 5 2
16 6 0 14 0 5 4 10 9 2 0 7 0 15 0 0
8 11 13 2 0 1 0 9 0 0 6 5 16 3 4 0
0 0 5 0 0 3 0 0 8 13 0 4 6 14 11 0
14 4 0 0 0 0 8 0 5 0 13 0 0 0 0 6
5 2 16 0 4 9 6 0 0 7 12 0 14 10 8 0
6 0 0 10 0 7 16 5 0 0 14 2 11 12 0 4
0 7 0 9 10 2 0 0 6 3 0 0 5 13 1 0
4 13 7 12 0 15 0 6 0 5 2 0 0 16 0 8
1 3 6 16 9 4 0 2 13 8 7 0 12 5 15 0
2 0 0 8 0 14 1 0 0 0 10 12 0 11 6 0
0 10 0 0 0 8 0 0 16 6 3 0 0 0 2 0
7 16 0 1 15 10 0 12 0 4 5 0 3 9 0 0
0 14 0 5 3 0 9 4 0 11 8 0 2 0 0 0
11 0 4 15 14 0 2 1 0 12 0 13 7 8 0 0
0 12 2 0 0 11 0 0 0 1 9 10 15 4 0 13
