12 3 0 1 0 0 2 10 4 8 7 6 16 14 9 11
0 0 0 16 0 4 14 0 2 5 9 0 0 1 8 10
11 5 8 4 16 9 1 13 14 3 12 10 0 0 6 0
10 0 9 2 0 6 8 0 1 16 15 0 5 3 0 12
0 12 5 9 0 2 0 0 10 0 0 7 0 15 0 0
8 10 0 0 0 0 0 5 0 0 0 12 3 9 2 7
0 0 0 0 8 0 12 9 0 0 0 0 0 0 1 0
0 2 0 6 0 0 0 15 0 9 8 0 14 12 0 4
0 0 0 8 2 10 5 6 16 7 0 1 11 4 12 14
14 0 0 0 3 0 16 0 9 11 0 15 0 2 0 0
3 11 0 12 0 13 0 0 6 0 5 0 15 16 10 8
2 1 16 10 11 0 15 7 13 12 0 8 9 0 3 0
0 0 2 0 13 5 10 12 3 0 1 16 4 0 0 0
6 0 0 0 9 8 0 2 12 10 11 0 1 5 0 0
0 16 0 11 6 3 0 14 8 15 0 0 12 0 0 0
0 4 0 3 0 0 0 16 0 13 6 9 10 8 14 2
