15 1 0 16 0 10 4 12 0 6 0 9 0 2 8 14
0 2 0 6 0 9 0 3 16 0 7 0 12 10 13 1
0 0 0 14 0 0 13 6 4 1 0 10 15 0 7 16
7 0 0 0 0 2 0 0 0 12 0 3 5 0 6 4
0 0 0 2 4 15 16 0 0 13 1 11 0 3 14 0
4 13 3 15 9 12 6 7 0 10 0 0 11 0 5 2
0 0 16 0 0 14 0 0 7 15 3 2 0 0 0 0
0 0 11 0 0 13 0 0 0 4 0 6 7 0 16 15
1 0 0 8 0 6 0 5 13 16 4 7 10 15 11 0
12 0 0 0 0 0 7 4 0 0 0 15 8 13 1 5
2 4 0 13 16 8 0 0 0 5 11 1 9 0 0 7
9 15 5 7 13 1 10 11 14 3 8 0 4 16 2 6
0 6 0 0 0 16 0 0 3 0 0 0 1 7 9 0
13 0 0 0 15 4 0 0 9 2 0 0 0 6 10 0
0 9 1 0 10 7 5 13 6 8 16 14 0 4 15 0
0 10 2 4 6 11 0 9 0 7 0 13 14 0 12 0
