0 0 16 0 0 0 12 0 5 0 3 1 10 0 2 0
0 13 8 0 0 0 0 14 2 15 4 0 12 7 9 1
0 5 0 0 0 1 15 8 10 0 0 7 3 0 6 4
0 15 3 0 2 16 0 4 13 0 9 12 5 0 8 0
0 6 7 9 0 10 0 1 3 0 0 11 4 0 12 0
0 14 4 3 16 0 0 11 6 0 1 15 0 0 13 0
13 1 0 10 0 0 3 2 0 4 8 14 16 0 0 7
0 0 0 8 5 0 0 0 7 10 2 0 14 3 0 0
8 11 14 0 1 9 5 0 4 7 15 2 13 0 0 0
3 12 5 0 0 14 0 16 0 13 6 9 11 0 0 2
1 10 0 7 11 13 6 3 0 0 12 0 0 4 15 14
0 4 13 0 8 12 0 0 0 3 0 10 0 1 0 0
7 3 10 0 0 0 1 9 0 2 0 8 15 5 0 0
0 2 0 0 10 0 0 13 0 1 0 4 0 6 0 0
14 8 6 13 15 2 0 7 16 9 5 3 1 0 4 12
0 9 0 12 4 0 14 0 15 11 10 6 7 0 3 13
