0 4 9 6 0 5 2 0 3 0 16 15 0 7 11 0
7 14 0 16 0 3 4 13 6 9 11 12 8 0 10 5
5 13 1 11 10 0 6 0 0 0 14 4 2 16 3 12
15 0 12 0 14 0 16 7 2 13 0 10 9 0 4 6
0 0 5 0 0 0 0 0 10 0 0 8 0 6 15 14
0 0 0 7 0 0 0 10 0 5 0 6 13 0 2 0
0 6 11 10 3 7 13 0 15 0 0 0 0 8 0 9
2 0 8 0 4 0 9 0 11 7 3 14 0 0 0 16
14 10 7 1 0 0 5 4 0 6 12 3 0 0 8 11
4 3 16 9 7 0 11 1 13 0 0 5 0 12 0 2
11 2 15 8 12 13 0 6 0 0 0 7 0 3 9 1
6 0 0 0 9 0 0 3 0 0 0 0 16 0 14 0
0 16 6 14 11 10 3 0 0 15 0 13 0 5 0 4
1 11 10 0 6 0 12 0 5 0 0 9 0 14 0 15
0 0 4 15 5 0 7 9 0 0 0 11 0 2 16 0
8 0 0 5 0 14 15 0 0 0 6 2 11 9 0 10
