0 3 9 0 16 6 2 0 5 0 0 1 13 14 0 0
15 14 2 13 9 0 0 0 16 7 6 0 0 8 0 11
0 16 0 1 3 4 0 8 0 13 0 14 6 10 2 0
0 5 8 6 12 0 13 14 11 0 0 15 9 0 3 0
0 0 0 5 11 0 3 7 8 9 15 0 16 0 1 10
0 0 4 7 10 16 12 5 3 14 1 11 2 0 0 0
0 0 0 11 1 0 8 4 0 0 0 6 7 0 0 3
1 10 0 8 0 0 6 0 7 16 0 0 11 12 0 0
0 0 0 14 15 12 4 13 0 8 3 9 1 7 5 16
13 7 0 0 0 8 11 2 1 15 14 12 10 3 9 4
0 0 10 4 0 0 0 0 0 11 0 7 0 2 13 14
3 1 0 0 0 0 0 0 0 0 4 0 8 0 6 12
7 0 0 0 0 0 0 1 14 0 13 5 12 15 0 8
0 4 0 0 13 0 0 12 15 6 11 0 5 9 16 7
5 11 0 0 8 15 14 0 9 0 7 0 3 13 4 0
10 8 0 0 0 0 0 9 4 12 2 16 14 0 0 6
