9 6 0 0 4 13 0 2 16 0 11 0 10 0 12 5
12 16 0 0 0 0 6 8 10 1 0 4 3 0 0 11
0 8 10 14 0 0 9 0 3 13 12 5 6 15 0 4
0 4 0 0 10 3 0 12 2 0 6 9 0 8 0 1
0 2 16 4 0 14 12 13 6 7 15 8 11 3 0 10
8 0 0 0 0 0 16 0 0 11 4 0 0 1 5 0
0 14 1 0 8 11 0 0 9 2 0 10 12 13 15 6
0 13 0 0 0 7 0 0 1 12 0 3 0 0 0 8
4 11 0 0 12 2 13 14 0 0 9 16 1 5 10 7
0 0 0 0 0 0 0 5 0 3 13 0 4 6 16 9
0 5 9 0 11 10 4 0 0 14 0 0 13 2 3 15
16 0 2 13 9 0 0 3 0 5 0 1 8 11 14 12
11 12 13 0 0 0 0 10 5 0 0 0 9 0 1 16
0 1 4 5 0 0 0 9 7 16 0 14 15 0 6 0
7 9 8 15 16 0 0 1 13 10 0 0 0 0 0 14
10 3 0 0 6 0 15 7 12 0 0 11 2 4 0 0
