8 6 0 0 11 15 0 0 3 0 13 7 12 1 0 14
5 0 12 14 3 13 8 6 0 0 0 1 10 0 7 4
0 3 0 0 14 0 2 0 0 0 0 0 0 0 0 11
15 4 9 10 7 1 0 16 0 0 0 0 3 0 0 0
11 0 0 0 0 0 10 0 6 12 5 14 7 2 16 0
4 10 13 0 0 16 0 0 0 2 0 0 14 11 15 5
0 0 7 5 1 8 11 14 9 15 0 16 4 3 6 13
14 16 0 9 0 0 0 2 4 13 7 11 1 12 10 8
7 9 11 0 12 0 14 0 0 6 1 0 0 5 8 0
6 5 0 0 2 11 0 8 13 0 0 10 15 7 0 16
0 0 10 15 0 0 9 3 0 7 11 0 0 0 4 0
0 13 2 0 6 0 16 15 14 8 0 5 0 0 1 10
0 0 0 0 10 0 3 1 0 5 0 4 0 0 2 0
0 0 0 12 8 14 13 0 0 1 6 9 16 4 11 0
10 7 4 0 16 2 0 9 8 14 12 15 0 13 3 1
16 1 0 8 0 4 15 11 7 0 2 0 0 0 14 0
