0 4 0 3 12 7 5 0 1 0 16 11 9 15 0 8
0 12 9 0 6 0 1 0 0 5 0 13 14 3 7 11
0 11 6 0 10 0 2 8 7 14 0 12 0 1 4 16
16 1 0 0 15 14 0 0 3 0 0 8 0 0 5 12
0 8 4 1 3 10 11 9 2 6 0 16 5 12 0 15
0 2 13 5 0 8 15 7 0 0 0 10 0 0 1 0
0 0 16 0 0 13 6 1 5 0 0 9 8 11 0 0
0 10 15 9 16 0 0 12 0 1 0 0 6 2 0 0
0 0 1 14 0 11 3 0 0 12 5 6 7 13 15 0
15 0 8 0 0 0 0 6 13 0 10 14 0 0 0 0
2 13 0 10 14 1 0 15 0 8 0 7 0 0 0 9
0 0 11 7 0 16 10 5 9 3 1 15 4 0 2 14
8 15 3 0 5 0 13 0 12 0 0 4 0 7 0 0
0 0 0 0 0 0 0 4 0 9 15 0 10 0 0 6
0 9 12 6 11 2 0 14 10 0 3 0 15 4 8 13
0 0 10 11 9 15 7 3 0 13 8 1 12 0 0 2
