9 0 11 13 0 5 7 0 0 15 10 12 2 0 6 0
5 0 0 2 11 0 0 0 1 16 14 6 0 0 4 0
0 0 15 0 0 10 6 0 0 2 4 0 5 0 9 11
7 0 0 8 4 0 14 13 0 0 0 9 0 16 0 0
15 7 2 12 5 0 13 3 4 0 0 10 0 1 16 0
6 9 10 3 2 12 8 15 0 1 16 0 13 11 7 4
16 8 0 0 7 0 0 10 13 11 12 2 3 15 0 9
13 0 5 0 16 0 9 4 3 8 0 15 0 2 0 0
0 0 13 0 0 0 0 14 10 12 1 4 0 0 15 16
0 0 9 0 6 13 16 1 14 5 2 0 7 10 0 0
0 0 0 0 0 0 12 5 16 0 3 0 8 4 0 2
12 6 8 16 10 4 0 0 0 0 0 0 11 5 0 1
3 11 1 6 0 0 2 8 0 0 9 5 0 12 0 13
8 0 14 0 0 0 0 0 12 4 11 0 0 3 2 5
0 0 0 0 0 3 4 6 0 14 0 1 16 9 0 0
4 0 0 15 12 9 5 11 6 10 13 3 0 7 8 14
