16 6 15 0 8 0 9 4 0 11 12 0 13 0 1 3
5 10 0 2 11 14 13 0 0 0 0 0 6 4 0 9
9 3 0 1 0 15 5 6 0 4 0 8 0 11 0 14
11 0 8 0 1 0 0 0 14 0 0 13 0 16 10 0
0 15 5 0 0 12 0 1 11 0 0 16 0 8 0 4
0 0 4 8 0 3 0 0 9 10 14 0 0 5 13 0
7 14 0 9 0 0 0 0 8 1 0 12 0 6 0 15
0 1 3 16 9 11 8 0 15 5 0 4 12 2 0 10
1 0 14 0 12 6 0 16 4 2 10 9 0 0 3 8
8 9 12 3 2 13 14 11 0 16 5 0 10 15 0 1
0 0 0 5 0 4 0 8 12 15 0 0 16 0 6 7
15 16 0 4 7 9 0 5 0 0 8 0 0 12 0 2
12 0 10 0 0 0 0 0 0 0 1 0 7 14 9 0
4 11 1 6 0 16 7 13 2 0 9 0 0 3 15 0
14 0 0 0 5 0 12 15 0 0 0 3 0 10 2 13
0 2 16 13 0 8 11 0 7 0 15 0 4 1 5 6
