0 16 6 0 0 0 0 12 15 0 0 0 11 3 2 4
15 0 0 0 10 8 0 9 0 12 0 0 7 1 6 16
3 7 11 8 15 1 2 16 6 13 9 4 14 12 10 5
14 0 12 0 4 0 7 0 1 5 16 11 0 0 0 0
0 0 0 14 9 0 10 0 11 6 0 0 0 0 0 0
6 15 0 0 14 13 0 2 0 0 1 7 0 0 0 9
2 5 1 0 0 12 8 0 9 0 0 0 10 0 13 3
11 0 0 0 0 6 0 0 13 8 0 2 0 14 0 0
0 0 15 0 0 9 12 1 3 2 10 0 0 5 16 6
0 9 0 2 5 14 15 0 16 0 6 0 1 8 4 7
13 14 5 6 0 0 4 0 0 15 7 1 0 0 11 10
0 1 3 0 6 0 0 0 4 9 5 8 12 0 0 15
9 12 7 0 8 11 6 13 5 0 4 16 2 0 15 1
5 11 16 0 0 0 1 4 8 10 0 9 6 0 3 0
10 8 14 0 16 0 0 7 2 0 0 6 0 4 12 0
4 6 2 15 0 10 0 0 0 1 11 0 16 0 0 8
