0 4 9 8 7 0 12 15 11 16 0 10 2 0 13 0
1 0 7 15 0 16 8 0 0 9 2 5 0 12 0 0
0 2 14 0 4 0 1 11 0 3 7 13 8 15 16 0
0 3 12 16 0 13 0 5 0 0 15 0 0 9 4 7
9 14 1 4 13 12 11 0 10 0 16 0 0 0 0 2
0 0 15 6 0 8 2 10 0 0 11 0 9 0 0 4
3 8 0 13 0 0 15 0 6 4 9 14 0 10 11 0
0 7 16 11 1 0 9 0 2 5 8 12 15 0 3 13
0 0 4 0 8 0 0 0 0 2 0 15 0 7 9 6
16 15 0 0 0 0 0 12 7 0 0 0 0 0 0 8
8 11 10 9 15 0 14 13 5 0 6 4 0 1 0 16
0 6 5 0 10 3 4 1 9 0 14 16 13 11 15 12
14 16 13 5 6 0 3 0 0 0 12 7 0 0 8 15
0 9 0 1 12 10 7 0 0 0 0 0 0 0 5 11
2 12 6 3 0 0 13 8 16 10 5 0 0 0 1 0
0 10 0 0 0 0 16 14 0 13 0 2 0 3 0 0
