4 3 14 1 7 0 0 0 9 11 2 13 0 10 0 5
0 11 12 0 0 0 1 0 15 0 0 0 0 0 13 2
0 5 0 0 0 15 14 9 0 0 0 0 7 0 12 11
0 9 15 7 16 11 2 5 10 3 0 12 8 1 0 14
8 10 2 0 3 5 16 0 7 0 4 0 0 0 11 15
15 16 0 0 4 2 10 11 6 0 0 0 0 0 9 7
0 7 4 3 1 0 0 14 12 0 10 11 13 0 6 0
0 14 9 0 12 8 0 0 5 0 15 16 3 0 10 4
11 0 0 10 14 1 0 0 3 0 13 6 9 0 2 12
0 6 16 0 0 3 0 0 4 0 0 5 0 0 1 0
12 1 3 4 0 7 0 16 0 0 0 2 11 6 0 0
2 0 5 9 0 0 0 10 0 0 0 7 4 14 3 0
7 13 1 16 5 0 0 12 11 4 0 0 2 15 8 0
3 0 0 15 0 0 7 6 16 1 12 0 5 11 0 9
6 2 11 5 0 14 8 0 0 7 0 0 0 4 0 0
9 0 8 14 0 0 4 1 2 0 5 15 10 13 7 3
