0 13 0 6 11 0 7 0 12 0 8 14 5 16 2 0
0 11 0 0 9 0 8 16 0 3 0 10 6 12 0 4
0 10 16 7 0 0 0 0 13 0 0 9 0 8 1 11
3 12 0 5 13 0 6 0 0 0 0 4 15 14 7 9
0 5 0 0 15 0 0 14 6 2 0 0 12 0 3 16
0 0 0 11 0 0 10 9 7 8 0 15 4 6 5 2
0 0 15 3 0 0 4 0 1 0 0 0 10 13 0 7
6 0 0 4 0 2 16 5 9 10 0 0 11 15 0 0
0 6 11 0 0 0 1 12 3 0 10 2 8 9 4 14
4 8 9 14 10 11 0 6 5 12 1 13 2 0 16 3
0 3 7 0 14 0 9 2 8 0 0 6 13 0 10 0
0 16 12 0 0 0 0 13 14 0 9 0 1 0 15 0
11 1 6 2 16 14 5 15 4 9 12 0 0 10 0 0
10 0 3 0 6 0 2 8 0 7 0 0 0 4 0 0
7 9 5 12 4 1 11 10 0 13 2 0 0 3 0 0
0 0 14 8 0 9 0 7 0 0 0 5 16 2 11 0
