0 0 0 3 15 0 9 2 0 5 4 1 12 0 10 0
0 0 13 11 8 6 0 0 16 0 0 12 3 4 0 14
12 10 2 7 3 1 0 16 0 6 14 0 0 15 0 13
1 0 4 14 0 0 0 11 0 0 10 0 0 8 0 0
0 15 9 0 7 8 11 12 6 0 2 0 14 0 0 1
6 7 16 12 4 0 5 15 14 0 9 0 11 10 0 2
0 2 11 4 0 10 0 0 0 12 15 13 7 9 5 6
3 1 10 8 6 0 0 9 5 7 0 0 4 0 15 0
10 6 0 1 13 11 12 0 0 0 8 0 16 5 2 3
11 0 0 0 5 0 15 6 1 3 12 10 0 0 4 0
0 0 0 0 10 0 2 0 4 16 0 0 0 0 14 0
9 0 3 13 0 16 7 8 2 11 0 0 0 1 0 15
0 3 0 16 11 5 0 0 7 0 1 14 0 12 13 9
0 13 1 6 0 0 0 7 0 0 0 0 0 0 11 5
0 0 12 10 2 15 8 14 9 0 0 5 0 16 0 0
5 14 15 0 16 4 1 0 12 0 0 11 6 2 7 10
