13 7 5 2 6 0 0 1 4 0 0 0 10 0 16 0
15 0 16 9 11 0 10 4 0 6 14 0 5 1 7 8
6 0 0 4 5 16 14 0 8 0 7 0 15 2 0 0
8 11 14 0 7 0 0 0 0 0 1 5 0 13 0 12
0 5 8 1 0 7 0 12 14 0 13 6 9 11 0 0
0 0 4 0 8 0 0 0 3 5 0 1 12 7 0 6
7 0 13 6 15 0 11 0 0 2 0 8 3 5 0 0
0 9 3 0 1 5 0 2 15 0 4 7 0 0 13 0
0 8 9 14 13 0 0 0 11 1 0 15 7 0 3 0
0 0 0 0 10 1 5 15 16 0 8 14 2 0 11 0
4 0 1 0 0 11 0 9 0 0 3 2 0 8 12 0
0 16 2 0 0 8 12 0 5 9 10 4 6 15 0 14
3 4 15 0 16 6 0 10 13 14 5 0 0 9 2 7
0 13 6 0 0 3 0 11 0 0 9 0 14 12 10 4
1 14 0 12 0 13 7 8 10 4 0 3 16 6 5 0
9 0 0 0 0 14 4 0 7 0 0 11 1 0 0 0
