11 0 0 0 5 0 6 0 8 16 10 15 9 0 12 4
0 0 0 6 0 9 12 1 0 11 0 14 0 0 0 13
0 7 0 15 0 0 8 14 9 13 0 0 0 5 0 6
0 12 0 0 2 7 0 0 0 1 6 5 0 10 3 11
0 15 7 0 0 0 0 4 13 10 0 8 11 12 0 14
4 13 1 0 0 16 0 8 0 12 15 0 5 0 10 0
0 8 0 0 15 0 0 13 5 0 0 11 0 1 4 16
10 0 14 0 0 0 11 5 1 2 0 4 13 15 6 8
0 5 16 0 0 0 7 0 0 4 11 10 0 0 13 0
0 0 0 8 0 14 15 16 3 7 13 0 10 4 5 1
7 11 0 4 0 10 5 0 12 0 8 6 0 9 16 15
15 0 10 3 0 8 0 0 16 0 5 1 0 0 0 7
13 0 15 2 6 0 9 12 0 0 4 16 0 3 7 10
5 9 8 10 16 15 0 11 2 0 0 7 0 13 14 12
0 4 0 12 14 1 0 7 10 0 9 0 2 0 8 5
1 16 0 0 0 0 0 10 14 5 12 0 6 11 0 9
