0 0 0 0 0 4 1 9 14 15 7 2 0 12 0 6
0 0 7 0 0 14 3 10 13 8 1 0 2 4 5 11
14 4 1 2 13 0 0 0 3 12 0 0 9 7 10 15
0 0 3 0 2 12 0 11 4 0 10 6 13 0 0 0
0 11 0 7 9 0 2 1 6 16 0 0 10 8 3 4
0 0 0 0 10 11 0 12 0 0 0 0 6 5 0 1
1 0 0 0 6 0 5 3 0 11 4 0 16 2 15 0
2 15 0 14 0 0 0 0 0 0 5 0 11 9 12 7
3 0 9 5 0 2 0 14 15 0 12 0 0 0 4 16
0 16 0 12 7 10 0 0 0 4 6 13 0 3 2 9
7 10 2 13 12 1 15 0 8 0 0 9 14 6 11 0
8 6 0 4 0 3 0 13 0 0 14 11 0 10 7 0
0 7 5 10 8 0 0 15 0 0 2 1 0 11 9 3
9 0 8 0 0 0 0 2 11 6 3 0 7 0 14 0
15 0 0 1 3 9 0 7 0 13 8 10 4 16 0 0
6 2 4 3 0 13 0 0 0 0 0 0 5 1 8 10
