0 5 0 0 0 11 2 0 9 15 7 0 8 0 0 12
15 9 0 2 0 8 0 16 11 14 5 13 6 0 0 10
0 6 12 10 1 7 13 15 8 0 16 0 2 0 5 0
11 0 0 8 0 0 0 0 0 6 12 0 0 4 0 15
7 13 1 0 4 14 8 0 16 12 0 5 15 10 3 6
2 12 15 0 16 9 3 5 10 0 0 6 7 13 8 0
5 8 6 11 0 1 0 7 0 0 0 3 0 0 16 0
10 0 16 14 2 0 0 6 0 0 13 9 11 0 0 1
13 4 0 0 10 15 14 0 5 16 0 0 0 0 12 0
3 2 11 12 0 6 0 0 4 0 0 0 0 14 9 0
0 1 14 0 0 4 0 13 0 9 0 0 0 16 15 0
0 10 0 15 0 3 0 1 12 0 6 0 4 7 0 2
9 0 10 1 5 13 7 3 0 11 0 12 14 0 2 4
4 14 0 6 15 0 11 9 13 0 0 8 3 0 1 0
8 15 0 13 0 0 1 0 0 2 4 16 9 11 6 7
12 0 0 0 8 16 0 4 14 0 0 0 0 15 0 13
