4 2 13 10 5 12 3 14 0 7 1 11 0 0 16 0
16 14 1 12 7 6 15 9 10 13 8 2 0 3 0 4
0 0 6 0 0 11 0 0 12 15 4 14 7 0 2 0
0 8 0 15 10 4 0 2 5 0 3 6 0 12 0 9
0 11 14 1 6 13 0 0 0 0 0 12 0 0 15 0
5 0 0 7 0 8 4 12 16 14 0 10 13 1 11 6
15 0 0 0 0 0 0 10 0 0 0 13 5 0 9 0
0 13 0 6 9 16 0 0 11 1 5 0 2 4 10 12
0 16 0 0 12 0 0 0 8 0 2 15 10 7 0 0
7 10 0 8 0 15 0 6 0 3 14 1 9 16 0 0
12 6 0 0 0 10 0 1 0 11 0 0 4 5 0 15
13 1 0 9 2 0 0 0 0 0 0 5 6 0 8 14
8 3 0 16 15 0 0 7 6 2 11 0 14 0 1 0
2 7 0 13 1 0 0 4 14 0 0 16 0 0 6 11
0 0 10 0 8 14 6 16 0 9 0 0 0 0 0 5
6 15 5 14 0 2 0 11 0 12 7 8 16 0 4 3
