1 0 16 0 0 14 0 0 13 5 0 8 11 0 10 7
11 6 14 2 9 16 10 12 3 1 0 0 5 13 4 0
15 0 4 7 3 0 5 0 0 6 0 14 0 0 0 9
0 0 0 0 0 7 8 1 0 0 0 0 0 6 3 0
10 0 0 9 12 0 11 0 0 0 0 0 0 3 16 6
4 12 6 14 16 1 0 0 9 11 2 15 0 0 0 13
8 1 5 11 7 0 15 0 0 12 3 16 10 0 0 4
13 3 15 16 8 0 0 0 0 0 7 0 14 0 0 0
0 0 2 0 5 3 0 6 11 16 9 0 0 10 15 12
0 0 0 0 11 0 12 0 4 7 1 2 9 0 8 16
9 0 0 12 0 4 16 0 15 0 6 10 13 0 11 3
0 0 0 15 0 9 14 7 8 3 0 12 0 0 0 2
2 0 9 6 0 8 0 5 0 15 0 3 0 0 13 0
7 16 11 5 6 15 4 3 1 8 0 0 2 12 14 10
3 14 0 4 0 0 9 11 10 0 16 0 6 0 7 0
12 15 8 1 0 0 0 16 7 4 14 6 3 0 0 5
