1 0 7 0 16 12 2 0 5 10 8 11 0 0 6 14
0 0 0 0 1 0 10 8 13 2 3 4 7 11 12 0
10 0 11 5 0 0 0 15 6 0 0 0 8 1 2 0
8 3 2 0 14 11 4 6 0 1 9 7 16 10 13 0
0 0 0 0 0 0 1 13 10 12 0 14 6 8 0 15
0 1 0 0 0 0 14 12 8 5 0 9 0 0 0 0
16 10 13 11 0 15 5 4 2 6 0 0 0 0 0 12
12 0 14 0 9 0 3 0 0 0 1 0 0 5 10 16
0 7 16 10 4 13 11 1 0 3 0 15 0 0 8 6
0 12 3 6 0 14 0 5 0 0 4 0 0 0 9 0
5 9 0 4 0 0 15 16 7 13 2 0 12 14 1 0
11 2 1 0 12 0 6 9 16 0 0 5 4 15 3 0
13 0 9 0 0 0 0 0 0 0 0 1 11 12 0 0
3 6 5 0 13 1 0 14 0 15 0 0 9 0 4 10
4 0 0 0 0 7 9 11 3 8 5 0 14 0 16 1
7 11 0 1 15 4 0 0 0 9 13 16 0 6 5 8
