11 5 0 14 0 0 0 16 9 0 1 4 13 0 0 15
16 7 13 0 0 0 10 12 11 0 0 3 6 1 0 5
15 0 12 4 13 14 1 11 6 0 5 10 0 8 2 16
1 0 0 10 0 0 5 8 14 0 2 0 4 12 0 3
9 0 0 6 0 0 11 14 15 0 16 0 1 2 4 7
3 0 7 8 6 0 0 4 0 0 0 9 0 0 0 14
4 10 2 0 16 0 0 5 0 0 8 0 3 11 6 12
12 14 0 11 0 0 7 0 0 6 4 1 0 13 9 8
7 0 15 0 0 16 0 3 0 10 9 5 11 0 8 2
2 0 9 0 0 15 0 0 4 13 0 16 12 3 0 6
0 11 14 16 7 12 0 13 0 0 0 2 5 9 0 4
5 6 3 0 0 4 0 9 8 1 7 0 15 10 0 0
6 2 0 0 0 5 4 0 7 9 12 0 0 0 13 0
8 16 4 0 0 0 0 6 1 2 0 0 0 15 5 0
13 0 0 5 14 11 0 7 10 4 3 8 2 0 0 0
0 12 0 0 9 10 15 2 16 0 0 0 0 4 0 0
