4 9 10 0 0 5 2 0 1 0 3 0 0 0 14 6
15 6 11 14 16 3 4 13 0 0 7 0 1 12 0 8
12 0 0 2 6 1 15 10 0 14 0 0 9 5 11 0
0 1 13 0 9 14 8 0 0 2 6 0 0 7 0 4
7 0 16 12 0 0 0 0 0 4 0 15 10 1 0 9
6 0 0 0 0 10 0 0 0 0 9 14 0 11 5 0
0 0 14 10 0 11 3 9 6 0 16 0 4 8 15 7
3 4 0 0 5 7 0 0 10 13 1 0 14 16 0 0
11 0 5 13 3 9 0 8 14 0 0 1 6 2 7 15
9 10 0 0 11 0 0 14 0 8 0 3 12 0 4 16
8 7 3 0 15 0 10 2 12 0 13 0 5 14 9 1
14 0 0 16 7 0 1 12 5 6 15 0 0 0 8 10
0 3 0 5 0 16 0 1 8 15 10 4 0 0 0 14
0 0 8 7 0 0 9 0 13 0 5 0 0 0 0 11
10 11 2 9 14 0 6 0 16 1 12 7 8 4 3 0
0 15 0 0 0 0 0 0 0 9 14 6 2 0 0 0
