10 4 0 6 9 0 2 3 0 13 0 0 0 14 0 12
0 0 0 9 8 0 4 15 14 10 0 0 7 3 5 0
14 0 5 13 0 0 10 0 1 9 0 3 0 8 11 0
8 15 3 0 7 14 11 1 2 5 4 16 9 13 0 0
0 0 0 0 4 2 16 8 3 14 0 0 11 12 0 15
0 0 0 0 3 12 13 0 15 0 7 0 6 5 0 9
3 12 0 0 11 0 6 5 0 2 13 9 4 7 14 10
13 5 4 1 14 7 0 0 12 11 10 6 0 2 0 8
4 9 0 0 15 0 5 0 10 1 0 0 14 0 0 0
7 0 12 0 10 3 14 0 6 0 0 0 15 11 9 5
0 16 0 14 0 0 0 0 7 0 9 15 13 0 0 2
15 6 13 0 2 0 7 16 0 0 14 11 0 1 4 3
0 0 9 0 0 0 0 0 0 8 0 14 10 0 2 11
12 2 7 0 0 0 9 14 13 6 3 10 16 4 8 0
0 0 10 4 13 0 0 2 11 15 0 0 0 0 0 14
6 0 0 0 16 0 1 0 0 7 12 0 5 15 3 13
