15 0 6 5 0 2 7 0 10 0 3 11 0 9 12 0
16 0 13 11 0 0 3 15 1 0 12 9 2 0 0 5
0 10 2 0 14 0 0 0 7 8 16 5 0 15 0 1
9 0 7 1 5 0 16 12 0 13 0 0 3 0 0 10
0 0 8 2 13 7 0 0 5 0 10 4 6 16 0 9
0 11 5 12 6 14 1 8 15 3 0 16 13 4 2 7
0 7 0 0 2 10 15 4 8 1 0 13 0 0 3 0
0 0 0 0 9 0 0 5 0 7 14 0 8 10 0 0
0 0 4 0 11 15 0 14 0 10 8 12 5 0 13 0
0 13 10 0 3 1 4 7 0 0 5 0 11 12 9 15
5 9 14 16 0 8 2 0 0 11 0 7 0 1 4 0
0 12 11 0 0 5 6 0 0 9 4 0 14 0 0 8
0 0 0 8 1 0 5 0 0 0 0 10 9 14 16 0
11 5 12 14 0 0 0 16 0 15 6 0 0 0 10 0
7 16 0 10 0 9 14 0 12 0 13 3 0 8 6 2
0 0 0 0 15 12 10 2 14 16 0 0 7 11 5 0
