0 2 0 3 0 0 5 6 0 1 0 8 0 0 0 11
1 0 0 7 0 0 0 2 9 10 4 0 3 0 0 13
10 9 14 13 0 8 1 0 5 16 11 0 0 0 0 7
0 0 4 0 3 0 0 16 0 0 15 0 10 0 1 14
7 1 5 0 15 0 6 10 0 3 0 16 0 13 0 0
6 0 11 10 4 0 16 7 15 14 8 2 1 0 0 5
0 0 12 0 0 1 3 8 0 0 0 5 11 0 10 0
8 3 9 0 0 12 11 14 0 0 0 0 0 0 0 15
16 0 10 14 1 6 0 0 3 12 7 0 8 9 15 0
0 6 8 15 11 16 7 0 2 5 1 9 0 10 0 0
0 5 13 9 0 3 8 15 10 4 0 14 16 11 0 0
0 4 0 1 9 0 10 12 8 11 16 15 5 0 13 6
0 7 15 0 6 0 2 1 16 8 0 0 13 14 4 9
0 16 0 0 8 15 14 9 12 0 0 7 2 0 0 0
0 10 2 0 0 5 0 0 0 15 0 0 7 6 8 0
13 0 1 8 7 0 12 11 6 9 2 0 15 0 5 3
