5 1 0 15 3 14 10 2 0 7 12 0 0 0 0 11
0 0 7 8 0 11 4 15 0 0 0 0 12 16 1 3
9 0 2 0 12 5 1 0 0 13 11 4 0 6 0 0
11 0 12 4 0 0 0 13 14 15 0 8 5 2 0 0
0 0 0 0 6 0 15 0 5 14 16 9 0 8 11 0
0 8 15 6 10 2 16 9 4 1 13 11 7 5 0 14
10 16 0 12 0 0 14 5 0 6 0 0 2 1 0 0
4 5 11 14 1 8 13 0 0 0 3 0 15 9 6 0
6 14 0 0 8 10 0 1 16 0 0 0 11 15 4 2
0 2 0 0 4 6 3 14 0 0 15 5 0 0 10 0
12 0 4 13 2 9 0 0 8 3 0 6 1 0 0 5
0 9 10 1 0 13 0 16 0 0 4 0 6 0 0 12
1 6 0 3 0 7 0 0 0 2 0 0 0 0 14 0
0 12 0 7 5 1 0 4 11 16 6 0 13 10 0 9
0 4 0 10 14 12 11 0 0 8 9 1 16 0 2 6
0 0 0 9 0 0 0 6 10 4 0 7 3 12 0 1
