0 0 14 0 11 6 0 4 10 3 0 2 1 8 13 5
0 0 7 3 12 8 2 0 0 1 5 14 15 16 11 0
5 0 0 15 0 0 0 0 16 0 11 0 7 3 0 0
0 6 0 1 5 16 3 7 13 12 0 0 0 9 2 10
8 0 0 5 15 0 0 0 7 0 16 4 0 1 0 0
0 0 0 0 0 13 8 0 6 10 0 11 4 15 0 9
0 12 4 16 7 0 0 0 0 0 9 0 0 0 8 11
0 10 13 11 16 9 4 0 0 0 1 5 0 0 0 2
0 3 10 0 2 5 0 0 15 0 4 0 0 13 0 16
0 0 9 7 0 15 0 8 12 5 0 13 11 2 3 4
0 4 15 8 14 11 0 3 1 0 2 0 10 12 5 7
11 0 5 13 10 4 7 0 0 16 14 0 9 6 1 15
0 1 8 10 0 0 0 15 0 7 0 0 0 4 6 14
14 15 0 9 13 0 0 2 0 4 0 0 12 0 7 0
7 0 3 4 0 0 11 0 9 2 13 12 0 0 15 1
6 11 0 2 4 0 1 16 0 15 8 10 0 5 9 0
