0 5 0 2 6 0 0 0 0 14 4 0 0 0 11 8
12 0 8 4 0 0 15 0 6 13 5 7 0 2 0 0
10 13 0 15 0 7 0 4 0 0 0 0 16 14 9 5
0 14 0 7 0 0 2 0 9 0 15 16 12 13 0 0
8 3 13 12 2 15 0 14 16 0 1 0 9 0 5 0
9 0 10 11 0 3 0 0 14 6 0 0 2 0 0 0
0 2 4 0 0 13 0 0 15 0 0 0 0 1 0 14
15 0 14 1 12 0 4 0 0 7 0 0 8 16 0 13
11 9 3 8 4 14 12 15 10 5 0 1 0 0 13 0
13 15 12 0 0 1 0 6 0 0 0 4 5 0 8 2
0 0 0 6 0 8 0 0 0 9 13 14 4 10 15 0
4 10 7 16 9 5 0 2 0 15 0 8 1 0 0 11
7 12 5 3 13 16 14 10 8 1 11 0 15 4 0 0
2 0 16 10 0 0 0 0 4 3 14 15 13 0 12 0
14 4 15 0 3 0 0 12 0 0 7 5 10 0 1 6
6 0 1 13 15 4 8 7 2 10 0 12 0 0 16 3
