0 1 0 3 6 13 5 0 0 0 0 15 0 2 10 7
5 12 0 0 0 0 0 0 6 14 0 0 0 9 1 13
0 0 0 13 15 14 0 0 0 0 12 1 8 5 3 0
0 10 0 0 0 0 1 2 5 0 13 0 16 14 12 6
14 0 3 6 9 0 0 15 10 1 4 0 11 0 13 5
0 0 9 0 0 10 11 3 15 13 7 14 6 4 8 2
0 0 0 10 14 2 0 0 11 0 0 0 12 1 15 0
15 0 0 11 0 4 0 6 9 2 5 0 10 3 16 14
0 0 0 0 0 0 12 4 0 0 0 11 5 10 0 0
4 5 11 15 0 1 9 0 3 8 0 10 14 0 7 12
7 8 6 0 10 5 0 0 2 12 15 0 1 13 0 3
0 0 1 12 7 3 6 8 13 16 9 5 2 11 4 0
0 11 7 0 0 0 2 0 0 0 0 0 9 15 14 4
0 15 0 0 0 0 0 14 12 0 0 2 3 0 11 0
6 3 2 14 8 0 15 0 4 9 10 0 0 12 5 16
1 0 12 0 0 16 3 5 14 15 0 0 7 0 2 10
