0 0 13 3 2 1 0 15 0 5 8 0 4 9 12 6
5 4 0 0 10 14 0 0 11 13 12 1 7 0 3 16
10 0 9 12 16 0 3 0 0 0 0 15 0 0 13 8
7 0 8 0 6 0 0 5 9 2 0 3 11 15 0 0
0 0 10 0 9 0 0 0 1 0 0 8 0 12 7 0
6 0 14 1 0 0 0 10 3 9 11 0 0 8 0 5
12 8 5 9 3 11 0 2 0 16 7 6 15 0 0 10
3 15 7 0 13 0 12 0 4 10 0 0 9 0 6 11
16 0 0 0 0 15 9 3 0 0 10 2 8 0 0 1
11 3 1 8 0 2 16 0 14 6 15 0 5 10 4 0
15 7 0 5 0 0 1 4 0 3 13 11 6 14 0 0
9 10 4 13 14 0 11 0 0 1 0 5 2 3 0 12
2 5 16 14 0 0 4 12 0 0 0 7 10 0 0 13
8 0 0 4 1 0 0 14 16 11 9 0 0 7 0 15
13 12 0 0 15 0 0 0 5 14 1 4 0 0 0 2
1 0 0 10 7 0 0 0 0 0 3 0 0 11 14 4
