12 0 0 0 0 0 10 5 13 1 0 0 16 0 0 0
1 4 16 2 0 0 0 0 0 14 0 6 7 10 3 12
5 0 10 0 3 16 4 0 0 8 0 0 0 0 0 13
0 9 13 8 2 0 0 0 0 10 16 0 4 0 6 0
6 0 0 13 1 12 0 0 11 9 0 8 0 15 7 4
0 10 4 12 7 0 8 0 2 16 0 0 0 0 0 6
7 1 0 9 14 5 0 4 6 3 0 0 8 2 12 16
0 0 8 0 11 0 6 2 4 13 12 7 9 1 10 0
10 5 3 0 0 0 1 14 0 4 7 0 12 16 0 9
0 8 0 15 5 10 11 6 12 0 3 16 0 7 0 1
0 11 0 0 0 4 3 7 15 0 0 13 0 8 0 10
4 7 2 1 8 13 12 16 0 6 9 14 0 5 0 3
0 3 0 7 0 0 15 0 0 12 0 5 0 4 14 8
0 0 0 10 4 7 14 1 16 0 0 0 5 0 9 11
9 14 0 11 0 0 0 0 1 7 0 4 13 0 0 0
16 0 15 0 0 8 0 9 14 11 10 3 2 6 1 7
