6 2 3 5 4 0 9 0 15 1 14 0 7 13 8 10
0 0 0 16 3 0 6 1 2 7 0 0 0 12 11 14
10 0 0 0 7 8 14 0 6 0 4 13 2 16 5 0
7 14 11 0 10 0 0 2 8 16 0 0 1 6 3 0
8 6 0 0 5 3 13 4 0 2 0 14 10 0 12 0
0 13 0 0 6 9 11 7 0 0 10 8 14 2 4 0
0 0 10 3 2 0 12 16 0 15 1 0 0 5 13 0
2 0 4 14 8 1 10 0 9 0 0 0 0 11 0 0
1 0 0 0 0 15 8 0 0 0 2 6 11 0 10 0
3 0 0 8 1 0 0 6 0 14 15 16 0 0 0 0
11 0 14 6 0 0 7 0 0 0 3 1 0 8 0 16
16 0 0 2 14 4 0 10 0 11 8 0 0 0 0 3
0 16 0 0 9 6 0 14 0 0 0 3 5 10 15 2
15 0 2 1 0 10 16 0 7 0 0 12 4 0 14 8
0 11 0 4 15 0 0 8 0 10 16 2 13 9 6 12
13 0 6 10 12 0 4 5 14 0 9 0 0 7 1 11
