0 4 3 16 0 7 15 11 5 9 10 13 0 0 0 1
0 11 0 5 6 0 16 0 0 14 0 2 9 13 15 8
15 12 0 13 9 0 5 0 0 8 11 7 4 0 6 16
0 9 0 2 0 1 0 12 0 4 6 15 0 10 0 11
0 0 0 7 0 14 11 9 4 13 1 12 0 8 0 6
12 0 0 9 0 13 2 0 8 0 0 0 1 0 0 15
1 16 13 11 4 0 0 3 0 0 2 0 10 0 0 0
8 2 15 0 16 0 0 1 10 11 14 0 13 5 0 0
5 0 12 15 0 0 0 7 13 6 3 16 11 0 10 0
10 0 2 3 12 15 0 0 11 7 0 5 8 0 13 0
16 0 0 0 11 4 10 0 2 0 8 0 0 0 0 5
11 0 4 0 2 0 3 0 9 12 0 0 6 16 7 14
2 3 7 14 1 8 0 10 0 15 16 0 5 9 0 13
0 5 0 0 13 0 0 15 12 0 9 0 2 6 0 0
0 1 6 12 5 0 0 2 7 0 0 8 0 0 16 0
13 15 11 10 7 0 9 0 14 2 0 1 0 0 8 0
