1 13 5 0 15 0 3 6 8 0 4 2 7 12 16 10
0 14 16 15 1 7 12 0 0 0 0 10 0 6 0 2
11 0 7 4 0 2 0 0 0 1 12 5 3 0 13 8
2 8 10 12 0 0 9 13 0 0 3 0 0 0 14 1
0 0 0 8 3 0 15 0 0 0 14 12 0 0 0 4
9 0 13 16 0 1 0 0 2 0 0 4 0 0 15 0
7 4 15 0 10 0 2 0 3 16 6 0 13 8 12 11
6 12 11 0 14 0 13 16 0 9 0 15 0 10 7 3
0 0 3 11 2 0 7 0 0 0 10 14 0 16 8 15
13 15 0 2 5 0 0 0 1 8 7 0 11 14 10 9
0 0 9 0 8 14 1 0 13 0 2 0 5 0 3 12
8 0 0 0 12 10 11 3 16 15 9 0 0 0 0 13
14 0 1 0 13 0 4 7 0 0 16 8 0 0 6 5
5 11 8 10 9 0 0 0 4 6 0 0 0 3 2 7
15 2 4 0 0 0 0 1 0 0 5 0 8 0 0 16
0 16 6 0 11 0 5 0 10 3 15 7 0 0 0 14
