5 10 11 16 14 1 9 0 0 0 0 13 6 8 0 4
0 4 0 15 13 11 8 0 6 1 5 16 9 0 14 0
13 0 0 6 16 0 0 4 0 8 11 9 0 1 10 3
0 1 0 9 0 0 12 6 0 0 15 14 11 13 0 0
0 8 15 1 2 4 3 5 7 6 9 0 14 11 13 0
0 0 9 0 0 14 0 0 0 16 0 0 8 5 0 6
14 5 0 4 0 9 13 15 11 0 10 0 12 0 2 7
10 7 12 0 11 8 0 16 0 0 0 0 0 0 9 1
1 13 0 8 9 0 4 14 0 11 7 2 3 10 0 0
7 9 4 0 0 0 0 11 0 12 13 0 0 0 8 0
0 2 0 0 8 10 15 3 14 0 0 5 0 12 7 13
12 0 3 0 6 2 7 0 0 4 8 10 0 0 0 0
0 14 0 3 4 13 0 12 8 5 0 0 0 7 1 9
9 6 2 0 0 0 0 0 10 0 0 7 13 4 3 0
8 0 1 7 10 0 0 9 13 2 4 0 0 0 0 14
0 16 0 5 3 0 14 8 0 15 12 0 10 0 0 2
