6 0 0 12 0 0 3 0 14 0 0 8 0 0 0 0
0 7 16 0 10 12 0 4 13 0 1 11 0 0 6 0
2 10 11 0 5 13 0 0 9 0 0 0 14 7 0 4
4 5 0 1 9 7 15 0 6 0 0 2 0 12 0 16
0 3 4 0 6 0 13 0 0 8 16 5 7 2 14 1
14 13 0 5 0 15 2 16 0 12 0 9 11 0 4 6
7 0 10 15 1 14 11 0 4 0 2 6 5 0 0 8
0 0 6 0 3 0 0 0 11 1 0 14 0 16 0 10
11 0 0 0 4 6 0 0 0 2 14 0 9 13 7 15
10 0 0 6 2 0 16 0 8 11 0 7 0 1 0 3
1 0 2 7 0 0 10 0 3 0 15 13 6 14 16 0
9 4 0 13 7 1 0 15 12 6 0 16 10 0 2 0
5 0 7 2 0 3 4 8 10 15 11 1 0 6 9 12
16 0 0 3 14 0 9 0 0 0 6 4 15 10 0 2
0 6 8 4 15 0 5 2 0 9 0 12 3 0 0 0
15 11 9 0 0 0 0 0 2 14 0 0 0 4 5 0
