0 0 0 0 13 0 0 6 15 0 4 5 3 1 9 12
1 15 0 5 0 8 10 2 3 12 13 0 11 4 0 0
6 3 16 7 14 5 0 0 0 1 0 11 15 0 0 13
0 0 9 0 0 0 0 15 0 16 10 8 2 0 0 7
15 0 10 0 0 14 6 0 7 3 0 13 0 0 2 0
8 4 12 2 15 13 0 16 0 5 9 6 0 0 3 10
11 14 0 0 5 0 0 0 0 0 0 0 0 6 8 15
0 7 0 6 10 0 0 0 8 2 0 0 0 11 13 1
0 6 0 4 12 0 15 5 14 0 0 10 0 13 0 2
2 10 5 14 1 16 0 0 4 6 0 3 7 0 0 9
0 1 0 12 0 0 9 4 13 15 5 0 8 14 16 0
13 9 15 0 0 0 2 14 0 8 0 0 5 10 0 6
0 2 7 10 8 9 13 0 0 11 3 15 6 16 0 0
3 5 4 0 0 0 14 7 0 0 8 0 0 12 1 11
0 13 1 8 16 0 3 11 5 0 6 9 0 2 7 0
9 0 6 0 4 12 5 10 0 7 0 0 0 0 15 8
