0 1 0 0 10 9 0 4 0 8 14 0 15 13 3 7
15 13 7 0 16 11 12 0 0 4 0 0 6 0 8 1
0 0 0 6 0 14 0 7 0 0 0 15 11 4 0 0
5 0 9 0 0 1 0 3 0 11 0 12 2 14 16 0
10 14 11 5 9 8 0 0 15 7 0 16 12 2 0 4
8 12 4 0 0 0 0 13 0 3 0 14 0 0 0 0
0 3 0 9 0 0 15 10 8 2 0 5 1 6 11 0
6 0 15 0 14 4 16 0 13 12 11 9 0 0 10 0
3 0 0 13 6 16 14 0 0 0 0 0 4 1 5 9
0 0 14 15 4 7 0 8 0 0 5 0 13 11 0 0
0 7 6 16 0 3 0 11 0 14 15 13 10 8 0 12
0 0 0 10 0 0 0 9 0 6 3 11 0 7 15 16
11 4 1 3 8 13 9 0 0 0 0 0 0 10 7 6
14 6 10 8 3 5 7 12 11 0 0 4 9 0 1 2
9 16 13 0 0 15 4 0 0 0 7 0 0 0 0 11
7 15 5 0 2 10 0 14 0 1 9 0 3 16 4 0
