13 0 0 6 0 12 0 7 16 0 1 0 2 0 0 0
0 0 0 10 0 0 4 0 2 13 15 6 11 3 16 7
3 16 5 8 2 0 0 0 11 0 9 7 12 0 0 13
4 7 9 2 0 0 0 0 14 0 12 3 8 10 0 1
0 5 6 0 7 8 0 0 9 3 0 0 0 13 0 4
0 0 8 7 3 14 5 11 1 0 0 13 6 0 2 0
15 12 2 13 6 1 0 10 7 0 14 0 0 11 3 0
11 3 16 0 0 4 13 0 6 2 5 0 7 8 0 0
12 2 4 0 11 16 8 15 10 7 0 1 0 0 0 3
0 0 13 0 0 7 10 0 0 0 0 14 1 0 8 2
5 0 0 3 0 2 14 13 12 6 4 11 15 7 0 16
7 9 10 15 0 0 12 0 8 0 0 0 4 0 0 0
16 1 14 11 0 9 0 8 0 0 10 2 13 0 7 15
0 10 3 5 0 13 0 0 4 0 8 0 0 0 12 0
2 0 7 12 14 10 15 4 0 0 0 0 3 0 11 8
0 6 0 0 12 11 0 0 13 14 0 16 5 1 0 10
