8 2 0 11 0 7 0 0 12 0 4 6 14 3 0 5
0 3 0 0 0 14 0 0 0 2 9 0 0 12 4 0
4 0 14 10 0 11 0 12 3 0 0 0 0 0 0 8
0 0 1 0 4 3 0 0 0 14 10 0 0 2 0 7
0 8 0 0 15 9 7 0 14 1 6 0 0 11 0 13
13 0 9 0 2 1 5 0 0 7 0 0 4 6 14 15
0 14 6 7 10 12 3 0 0 9 15 13 5 0 16 2
3 0 0 15 14 0 13 6 2 12 0 5 10 9 7 1
0 0 0 8 0 0 0 5 6 3 0 9 13 14 11 0
2 13 0 1 6 0 0 7 16 0 0 0 15 5 12 0
0 9 0 0 12 0 0 0 1 10 5 15 2 7 0 6
11 12 0 6 8 15 4 9 0 0 0 0 1 0 10 3
0 16 2 0 0 0 10 8 9 4 0 12 0 15 13 14
0 15 12 13 7 0 1 2 10 0 0 0 6 4 5 11
7 10 11 4 3 6 12 0 0 0 0 0 8 1 0 16
14 0 8 5 13 0 0 15 11 0 0 0 3 10 2 12
