10 1 0 13 14 12 11 0 6 2 0 7 0 0 5 0
2 14 0 0 16 8 0 6 0 0 13 4 0 0 12 7
16 4 6 0 0 7 2 3 12 1 11 10 14 13 15 8
3 12 0 7 15 10 13 0 8 16 0 14 9 6 0 0
0 8 3 2 11 6 15 0 0 12 9 16 0 14 4 13
1 13 0 16 2 14 0 5 0 0 0 8 7 9 0 0
0 0 0 0 9 1 0 0 0 13 0 0 0 0 3 0
0 6 0 11 0 0 0 12 0 3 14 1 0 0 16 0
12 9 4 8 0 16 0 15 0 11 1 3 6 7 0 14
11 15 0 3 1 0 0 14 0 6 0 0 0 16 8 0
0 0 2 0 13 4 6 0 16 8 0 9 3 0 1 5
0 16 0 0 0 3 9 0 0 5 7 0 0 0 10 2
9 3 0 15 4 0 0 0 13 14 0 0 2 1 0 0
6 0 0 12 0 15 0 13 1 7 0 0 0 4 9 10
8 0 10 1 7 0 12 0 0 4 3 6 13 5 14 0
4 2 0 14 6 11 0 0 0 10 0 5 15 12 0 0
