0 0 13 0 8 6 12 5 11 15 1 14 10 3 0 16
0 12 10 8 14 0 16 7 6 9 3 2 11 13 5 15
11 0 14 0 0 10 0 15 12 0 8 7 9 6 0 1
0 3 15 0 2 0 0 1 10 0 5 0 12 7 0 14
3 15 7 0 0 0 0 12 1 0 14 0 0 0 9 11
10 0 0 0 0 16 14 13 8 0 0 11 0 0 1 2
5 16 4 11 7 0 1 0 0 13 0 12 0 10 3 0
2 14 8 0 0 0 10 9 16 6 0 0 15 12 0 7
12 0 0 2 0 7 0 3 13 0 0 16 0 14 15 0
13 0 16 15 0 14 5 2 7 8 12 9 0 0 6 3
14 8 5 3 0 0 0 0 15 1 0 0 16 0 0 10
0 10 0 7 16 1 15 8 0 14 0 0 5 2 0 13
15 5 11 14 6 3 0 16 0 0 7 8 13 0 0 0
0 0 12 4 0 2 0 14 0 0 13 0 0 8 0 5
7 0 3 0 1 0 0 0 0 0 6 15 0 0 0 9
8 0 2 0 0 12 13 4 0 0 16 0 7 0 14 0
