0 0 1 11 0 2 0 13 0 12 4 0 16 10 3 14
0 0 16 5 0 0 0 3 11 10 8 13 15 2 0 9
0 2 13 10 0 1 11 4 3 0 0 5 12 0 6 0
0 15 3 6 0 8 16 14 2 0 0 0 0 0 0 11
15 12 5 8 3 4 7 2 0 0 0 10 11 0 0 0
10 0 11 2 16 0 1 12 7 0 0 0 6 8 15 0
0 0 7 0 13 5 8 6 16 15 0 11 0 0 2 12
0 16 9 0 11 14 0 0 0 8 2 1 0 5 7 4
13 0 15 0 0 0 3 1 0 0 0 2 9 16 11 10
0 0 8 0 0 0 2 15 14 9 0 0 1 3 5 6
1 0 2 0 9 11 5 8 0 13 0 0 0 0 0 0
5 0 14 0 4 0 0 16 1 11 6 3 2 0 0 0
2 0 12 0 8 0 0 0 0 3 10 0 0 0 9 5
3 9 4 0 2 10 0 0 0 14 11 7 8 0 16 1
8 5 6 14 1 15 0 0 0 0 16 12 0 0 10 0
0 11 10 7 6 0 12 9 0 0 13 0 14 15 4 2
