11 0 13 5 0 12 3 7 15 6 4 10 14 9 1 0
7 1 14 0 10 5 0 11 16 8 3 9 0 12 13 6
0 0 10 0 15 6 4 14 0 1 2 0 0 5 16 0
2 6 15 8 16 0 0 0 0 0 0 0 3 0 0 0
0 15 0 2 6 0 0 9 0 0 0 0 0 11 5 12
0 11 0 16 0 3 14 0 0 0 0 6 2 8 10 1
10 9 1 0 11 7 0 0 0 15 8 2 0 3 6 4
0 8 6 0 2 0 0 0 3 5 0 11 9 0 0 0
0 12 4 13 1 2 5 3 9 0 14 15 10 6 0 16
0 10 11 3 0 0 0 0 0 0 6 8 4 0 0 0
0 7 0 6 9 0 0 0 0 16 0 3 11 13 12 15
0 14 9 0 13 10 11 0 0 7 12 0 0 0 8 0
6 2 3 0 0 0 7 10 8 14 9 16 12 4 0 0
0 5 8 7 3 4 0 16 11 0 13 12 1 0 0 14
9 0 0 10 14 0 1 0 5 4 15 0 6 16 0 0
0 4 0 11 12 9 0 0 0 3 0 0 0 15 2 5
