5 0 6 0 0 0 9 13 15 12 0 0 16 14 7 0
7 0 0 15 0 11 14 3 13 0 0 2 12 0 8 0
3 9 0 0 0 12 2 8 7 11 14 0 15 0 0 13
13 14 0 12 15 6 7 4 0 0 10 16 0 0 0 0
0 6 3 0 7 15 0 14 8 10 13 0 2 4 12 0
8 0 16 10 6 0 0 0 11 14 2 12 9 7 13 0
0 5 12 2 0 8 11 9 0 16 15 7 14 1 6 10
14 0 0 0 12 10 0 0 0 9 0 5 0 3 0 16
6 0 2 1 0 7 0 0 0 5 11 0 10 0 0 0
12 0 0 14 0 0 0 10 0 0 6 13 4 0 0 7
10 3 0 13 1 0 0 12 16 2 0 0 6 15 0 0
0 0 11 0 0 4 13 0 10 3 0 8 1 2 14 0
0 12 0 0 0 9 6 1 5 13 16 10 7 11 4 14
16 0 5 4 14 0 0 15 0 0 0 0 0 0 10 0
9 11 0 6 2 0 10 0 4 0 3 15 13 0 16 1
0 13 10 8 0 16 0 11 14 0 0 0 5 6 15 2
