12 0 7 10 0 0 9 0 0 0 0 6 15 13 11 16
13 11 0 14 0 5 6 1 12 9 0 16 2 0 3 0
2 0 5 9 0 11 0 12 0 3 8 13 4 0 0 0
8 0 0 6 15 7 2 0 4 10 0 11 0 0 0 9
6 0 9 16 7 0 0 4 10 0 12 0 11 15 5 13
0 0 15 11 3 6 0 2 8 0 14 5 0 12 0 1
0 8 0 12 1 0 15 9 0 0 11 0 0 0 2 14
7 2 0 1 0 12 16 0 15 6 13 9 0 4 8 3
11 0 0 8 0 9 0 14 6 0 5 0 12 0 0 0
14 5 0 0 12 0 11 15 2 0 3 0 0 0 7 10
0 0 10 13 0 0 5 3 16 0 7 0 8 0 4 11
3 12 2 15 0 4 7 10 1 0 9 0 0 0 13 5
15 10 0 0 14 1 0 0 13 0 16 3 9 0 6 0
0 0 8 7 0 13 10 0 0 2 0 12 3 1 14 15
0 13 0 3 0 15 12 16 0 0 0 7 5 0 0 0
0 14 0 2 5 8 0 6 11 0 10 1 0 0 16 0
