4 9 11 0 1 0 8 16 12 7 14 2 0 15 10 0
0 0 0 0 4 15 0 11 16 6 1 9 0 8 7 12
0 0 0 0 0 0 0 0 13 3 10 4 1 11 0 6
12 0 0 6 3 13 0 0 0 11 0 0 0 14 9 4
0 10 0 0 0 2 3 0 5 0 0 0 8 0 0 0
2 5 0 11 13 0 0 1 9 14 0 8 10 6 0 0
6 16 0 0 9 0 11 14 3 0 7 12 15 0 4 0
15 0 0 12 16 0 0 8 4 0 2 0 9 7 11 5
3 0 0 16 0 8 5 13 7 9 12 0 0 0 15 10
0 11 0 0 12 4 7 0 15 0 0 14 0 5 0 0
8 12 0 0 0 0 0 0 0 0 6 5 4 0 1 7
14 7 0 0 0 0 0 3 0 4 16 10 12 9 8 11
16 0 6 0 8 14 9 0 10 15 0 11 3 12 0 0
10 0 15 14 5 0 16 6 0 12 9 3 11 4 0 8
11 0 12 0 10 0 1 4 0 5 8 7 2 0 6 15
1 8 5 3 15 11 13 0 0 2 0 0 7 10 0 9
