0 9 0 5 3 10 11 0 0 6 0 0 0 0 15 0
0 4 15 8 16 0 1 14 0 0 0 3 0 6 7 12
0 14 0 0 0 0 7 4 15 8 0 12 13 0 0 3
3 12 0 0 0 0 0 0 7 16 10 4 0 11 14 0
14 1 13 7 0 0 8 16 2 0 5 9 11 0 4 0
12 10 3 0 0 14 0 2 0 13 4 6 9 8 1 7
6 0 9 0 0 7 10 3 8 0 12 0 0 0 13 0
0 8 0 16 0 4 13 9 0 0 0 10 0 12 0 0
8 7 0 6 0 16 15 11 12 9 0 2 0 1 5 13
5 3 0 10 13 2 0 8 0 1 0 0 0 14 9 0
0 15 1 0 0 0 3 10 0 0 8 0 7 2 16 0
2 13 16 0 5 1 0 7 6 10 0 11 12 0 3 8
0 0 0 0 0 15 0 1 13 4 14 8 3 0 6 2
0 5 0 0 7 0 4 0 0 2 11 0 0 13 12 0
13 6 8 0 0 3 9 5 0 12 0 15 4 7 11 0
1 0 4 3 2 0 12 0 9 0 6 5 0 10 8 15
