3 1 0 0 4 7 10 15 12 6 13 16 0 0 0 5
8 7 10 0 0 0 0 16 0 1 15 14 12 0 13 6
16 0 0 0 0 0 12 8 10 7 0 9 11 3 0 15
0 0 13 0 14 2 0 6 8 11 3 4 10 16 1 7
0 12 5 2 0 0 0 0 0 0 0 10 13 0 0 0
15 10 14 0 0 4 6 0 1 0 7 13 3 11 5 0
0 0 6 7 0 10 0 13 0 0 12 5 0 0 4 16
13 8 1 0 12 16 5 7 0 9 0 0 0 0 0 0
7 0 16 15 6 0 0 10 11 13 0 2 8 0 12 4
12 0 8 0 0 11 4 2 0 3 0 0 5 13 0 1
0 13 3 11 7 8 16 0 4 0 0 12 9 0 2 10
1 4 2 5 0 0 0 0 7 10 8 15 16 0 3 0
2 0 9 0 0 0 7 3 0 0 16 0 1 0 11 0
11 3 15 8 16 0 1 5 0 14 0 7 0 12 10 13
14 0 7 0 11 0 0 4 5 12 10 0 6 9 0 8
0 0 12 13 0 6 0 14 0 0 0 0 7 0 16 0
