0 3 2 5 0 0 0 6 12 11 0 13 7 0 14 9
13 16 0 0 0 2 8 7 3 15 0 14 10 0 4 6
11 6 8 12 0 0 0 0 10 0 1 0 16 3 13 5
10 7 15 14 0 0 0 11 0 6 4 9 8 0 0 1
7 0 0 0 0 8 1 0 5 2 0 4 3 0 6 0
8 1 0 2 0 0 0 12 14 0 11 0 0 9 0 16
0 10 16 3 0 14 0 0 7 8 9 12 0 0 11 13
9 0 14 4 0 0 16 10 0 1 3 6 2 0 8 12
0 0 0 0 4 0 11 14 0 3 0 0 12 0 2 0
0 0 13 8 0 12 3 2 0 9 0 0 11 16 15 7
0 0 4 7 15 0 5 0 0 0 0 11 1 0 0 14
16 2 11 6 0 9 0 0 8 12 0 15 5 10 0 0
2 5 1 0 8 15 4 3 6 0 0 16 0 0 10 11
14 0 0 13 2 10 6 1 0 0 15 0 9 0 16 3
0 8 0 0 9 13 12 16 0 10 2 7 14 4 0 0
12 0 0 16 7 11 0 0 0 4 13 0 0 8 1 0
