2 4 5 7 1 0 9 16 8 12 15 11 6 3 13 14
0 16 0 12 0 11 0 0 14 0 9 3 0 4 0 0
0 13 0 10 0 8 6 12 7 1 0 2 11 15 9 16
9 15 0 0 3 7 14 0 0 0 0 10 0 0 0 8
0 0 12 3 6 0 0 0 0 0 5 0 0 0 0 0
0 0 4 9 14 13 8 0 0 0 0 0 0 11 0 0
7 8 1 13 0 0 0 3 0 9 0 0 4 5 6 0
15 0 10 2 4 5 0 1 0 0 3 0 0 0 14 0
10 0 0 4 8 1 7 2 0 15 0 0 0 0 0 3
13 0 7 15 0 3 16 5 2 4 12 14 8 10 11 0
0 11 2 8 13 14 4 0 0 3 0 7 15 9 0 1
0 3 14 0 0 0 0 10 9 0 1 8 7 2 0 0
3 12 0 11 0 0 0 0 13 10 0 0 16 0 4 0
8 2 0 16 10 6 5 11 12 14 7 4 9 1 3 0
4 10 15 14 0 2 3 0 0 0 0 9 12 6 7 0
5 7 0 1 12 0 15 0 3 11 16 6 10 14 0 0
