9 0 0 0 0 0 0 0 0 6 4 12 0 5 0 3
0 0 0 8 0 2 0 7 0 0 0 3 0 6 13 12
0 6 0 13 0 9 3 10 0 0 1 16 0 7 4 11
4 0 0 0 12 0 0 11 0 0 8 0 10 0 15 0
11 12 15 0 0 0 8 3 6 4 10 0 0 2 14 13
1 7 0 0 6 0 0 12 0 0 0 2 4 0 0 0
0 10 0 2 5 14 0 0 3 9 12 0 0 1 0 0
6 0 9 0 11 1 2 13 0 0 15 5 12 0 7 8
5 1 0 11 0 15 0 9 4 3 0 0 13 14 12 7
16 0 0 4 0 13 0 1 0 12 0 0 0 0 2 10
12 0 10 9 2 0 0 0 13 0 16 15 0 4 1 0
0 0 6 15 0 12 4 0 0 2 0 10 8 11 0 16
13 0 0 10 1 0 9 6 15 16 2 11 7 12 3 14
14 11 16 12 15 4 0 2 5 10 0 13 6 8 9 1
2 0 3 1 0 0 0 5 12 8 7 6 0 15 10 4
7 15 8 0 10 3 12 16 9 1 14 4 0 0 0 0
