6 13 4 11 2 5 3 12 0 14 15 1 0 0 8 0
1 0 0 8 15 9 7 4 5 0 0 0 14 0 13 0
12 9 16 0 14 1 10 0 4 8 0 13 2 0 5 0
14 0 0 0 6 13 0 16 3 0 0 7 4 1 10 0
3 0 7 9 0 11 0 0 6 10 0 14 0 0 0 1
10 0 0 2 9 0 6 5 13 1 0 16 0 0 0 3
13 14 1 4 7 0 0 0 9 3 0 0 0 0 12 0
16 11 0 0 1 0 2 10 7 0 12 0 0 0 14 13
4 16 0 0 0 0 0 0 2 0 0 3 0 8 1 9
8 7 0 15 5 4 14 0 0 16 1 9 3 0 11 10
0 0 6 0 3 2 1 0 0 0 10 8 13 0 0 16
2 0 0 0 8 10 16 0 11 13 14 0 15 12 6 4
15 10 8 0 0 7 12 0 0 0 13 0 6 0 0 11
5 0 3 0 0 8 9 0 14 0 0 10 7 0 15 2
0 12 0 13 4 15 5 14 16 11 0 0 1 10 3 0
9 4 0 1 10 0 0 2 0 7 0 0 12 5 0 14
