0 11 5 14 0 0 13 15 3 16 7 0 2 0 4 9
0 10 0 0 4 6 7 0 15 0 0 14 16 0 11 0
0 0 13 0 2 0 11 0 6 8 9 10 0 0 1 7
1 0 7 3 9 12 0 5 0 0 4 0 0 10 8 15
0 4 0 0 13 0 15 0 0 3 8 16 1 7 6 0
5 0 3 7 0 2 8 0 0 0 1 6 15 0 16 4
15 16 8 0 0 7 4 11 2 5 13 0 9 0 0 0
14 0 0 1 3 16 0 0 11 0 0 4 8 5 13 0
0 0 0 0 6 4 3 7 5 0 2 9 0 8 12 14
3 0 6 0 14 1 0 12 10 4 11 7 13 2 0 16
7 14 0 0 0 9 2 0 8 0 0 3 10 1 15 0
9 0 12 2 11 15 0 0 1 0 0 0 3 4 0 6
13 7 0 0 15 0 12 4 16 0 0 8 0 0 2 0
0 0 15 16 10 8 1 0 7 0 0 5 4 0 0 11
2 3 0 0 0 13 0 6 4 0 0 15 0 0 5 0
0 9 1 0 0 0 14 16 12 11 6 2 0 15 0 13
