0 13 2 0 0 4 3 10 8 0 5 6 11 0 7 16
7 12 8 5 6 15 14 0 0 2 10 16 1 0 0 13
4 6 10 16 9 1 8 13 0 3 15 0 0 5 0 12
3 11 9 15 2 0 0 0 0 14 1 12 0 4 10 8
0 7 0 0 11 14 10 0 0 15 0 3 16 13 1 0
0 10 13 0 1 0 6 5 11 0 16 4 15 2 0 3
15 0 0 2 13 12 0 7 14 0 8 0 0 0 11 0
14 9 0 11 0 0 0 0 0 10 13 0 0 8 0 7
0 0 0 6 15 7 9 0 0 12 3 13 8 1 16 11
11 0 4 3 8 0 0 2 0 0 9 14 0 0 0 15
0 16 12 0 0 11 0 1 15 8 0 0 3 14 6 0
10 0 15 13 14 16 0 3 1 0 0 0 2 0 9 0
0 14 7 1 4 0 0 6 5 0 12 0 9 0 8 0
0 0 11 9 5 0 1 12 2 0 0 8 0 0 15 6
0 15 5 0 7 0 0 0 0 0 0 1 12 16 0 14
0 2 0 0 0 0 11 14 0 4 0 15 0 10 5 0
