0 0 1 15 10 0 0 6 0 0 7 2 11 9 16 5
5 0 6 7 9 0 0 11 0 8 15 3 0 12 0 10
0 9 11 0 8 15 0 3 0 1 0 0 2 0 0 7
0 16 2 0 12 0 0 7 9 6 11 4 15 8 0 3
0 0 0 0 14 0 0 0 2 0 9 6 12 3 10 1
1 10 5 9 7 0 3 0 0 12 14 16 6 0 2 15
0 12 0 6 4 10 5 9 0 0 0 11 0 14 7 16
0 3 0 14 6 1 2 12 0 7 10 0 5 0 13 9
0 7 9 0 5 4 12 0 10 0 6 1 0 15 11 0
12 6 0 2 0 0 14 1 8 0 0 0 7 16 9 0
15 5 13 1 3 0 0 2 0 0 16 7 10 0 12 4
14 11 0 0 0 0 7 10 13 9 12 15 1 0 3 2
6 15 0 0 0 9 0 0 0 10 0 0 16 0 5 0
10 0 0 13 0 0 0 5 0 0 4 0 9 0 0 14
0 0 0 5 1 0 0 0 0 15 8 14 0 10 4 0
8 0 12 0 13 0 10 0 0 11 0 9 3 1 15 6
