3 10 16 2 0 8 9 0 0 0 0 0 15 0 5 0
5 9 0 1 13 4 12 7 14 0 3 2 0 8 0 10
7 13 8 0 0 3 2 14 0 0 16 0 12 1 6 0
12 14 11 15 0 6 5 16 1 0 0 7 0 4 13 2
6 0 13 9 0 10 11 8 0 1 2 14 7 3 4 0
0 5 15 0 0 9 0 4 0 16 7 11 13 10 12 6
0 0 3 0 0 7 13 5 0 0 0 0 9 0 15 8
10 7 4 0 3 16 0 6 13 0 0 5 0 0 14 0
16 0 0 7 4 0 3 0 0 0 1 13 0 5 10 15
15 3 9 0 0 1 0 10 12 7 0 0 0 13 0 0
4 0 0 0 0 15 0 0 0 0 11 16 0 9 7 0
1 0 14 0 0 13 6 0 5 3 0 0 4 0 8 0
9 2 5 0 6 12 0 0 16 11 14 0 10 7 1 0
0 4 10 0 0 14 0 1 7 0 0 3 8 15 0 0
0 15 0 0 11 0 7 13 10 6 0 8 0 2 9 0
11 0 7 16 8 2 0 0 9 13 4 0 0 0 3 14
