0 7 11 8 0 3 0 15 0 10 2 0 5 1 12 0
1 16 15 12 8 0 0 0 0 0 6 0 9 3 10 2
6 5 9 0 0 1 0 10 0 0 16 0 7 0 0 0
4 0 0 3 0 11 0 0 15 0 12 1 0 8 0 0
8 3 0 5 0 0 15 0 12 0 0 7 11 0 1 13
7 13 1 0 0 0 0 8 16 0 14 0 6 4 9 0
15 0 0 4 12 9 0 0 0 0 3 2 8 0 16 7
0 9 0 16 0 0 0 0 6 4 0 8 0 10 3 5
16 0 0 0 9 0 5 14 7 12 15 13 2 6 0 0
0 15 5 14 1 0 7 6 0 2 9 11 13 12 8 16
12 0 13 0 11 8 2 3 0 14 5 16 4 7 15 1
11 2 4 0 0 0 16 13 0 1 0 0 0 5 14 9
0 0 3 0 0 5 0 12 0 16 7 0 1 0 2 10
0 0 7 1 0 0 0 9 2 15 0 12 14 0 6 0
0 12 0 15 0 13 0 0 5 6 0 10 0 9 0 8
10 11 2 0 14 15 1 7 0 3 13 0 0 16 5 4
