0 9 11 13 3 16 0 0 7 0 0 6 1 8 0 14
14 0 2 15 5 0 12 4 1 0 0 0 0 10 3 0
0 6 0 3 0 1 9 10 4 12 0 8 0 2 0 7
7 4 1 10 11 0 6 13 0 0 0 15 5 9 12 0
11 0 0 0 0 6 3 1 9 0 2 12 8 0 0 0
0 7 0 0 10 4 13 0 5 16 0 11 0 14 6 3
8 13 0 0 0 14 5 16 10 0 7 3 2 11 0 0
0 0 12 0 0 15 0 0 14 8 0 13 4 7 10 0
6 2 14 16 8 0 0 7 0 9 0 0 0 0 0 11
0 12 0 8 6 5 15 11 13 14 0 1 0 0 0 2
15 1 9 4 13 2 0 3 0 7 0 5 0 0 0 12
13 5 10 0 0 0 0 14 16 0 0 2 0 15 0 8
10 11 0 2 4 0 0 5 6 1 0 0 13 0 0 15
9 16 0 6 1 11 0 2 15 0 0 0 14 0 0 4
0 15 0 0 0 13 10 12 3 2 9 14 11 1 0 0
1 14 13 12 15 3 0 6 0 5 4 0 0 16 0 0
