12 16 9 8 15 11 6 0 1 4 10 0 2 13 0 0
3 0 0 0 14 0 8 0 0 0 0 0 10 9 7 11
11 0 5 0 13 0 4 0 9 16 8 0 3 15 0 1
13 0 2 14 0 0 0 0 5 11 6 3 0 12 8 0
2 8 16 6 0 0 7 11 0 1 14 0 0 10 5 3
0 7 0 11 0 10 0 1 0 5 9 4 13 0 0 6
0 0 10 0 8 0 0 0 6 0 2 16 1 0 11 15
4 1 3 5 6 9 15 13 10 12 11 8 14 7 16 0
16 0 0 0 0 0 9 0 0 0 0 0 8 0 10 0
0 11 6 0 7 0 5 0 4 0 3 1 0 14 13 9
0 3 4 12 0 0 1 8 0 14 16 0 0 0 0 7
5 0 0 9 4 15 16 10 2 0 7 0 11 0 3 12
6 13 0 0 10 0 11 0 7 0 12 2 0 0 9 14
7 0 11 10 9 0 13 0 0 6 1 0 0 3 2 0
1 9 12 0 5 0 14 0 0 13 0 11 0 16 0 0
0 0 0 3 2 0 12 6 16 9 0 10 7 0 1 13
