14 13 11 0 2 10 0 0 0 0 8 15 7 9 6 5
12 0 2 7 0 0 0 15 11 5 0 0 0 1 0 0
8 0 0 0 0 5 0 11 13 0 0 0 15 3 2 16
15 9 3 5 14 16 7 0 1 0 2 0 10 0 11 13
1 0 4 0 16 9 15 13 3 7 6 10 5 0 14 0
0 11 0 6 1 0 0 0 0 13 12 0 4 7 15 0
0 3 0 14 0 0 8 10 2 0 0 0 9 16 12 6
0 10 0 0 12 6 11 0 0 16 0 5 0 0 0 0
0 0 16 12 10 0 13 4 7 0 14 0 11 6 5 0
0 4 0 0 11 7 0 9 12 0 0 6 0 0 3 0
6 7 0 0 3 0 12 0 4 9 16 13 2 0 8 15
0 2 0 3 0 14 16 0 5 11 0 8 12 4 7 9
11 8 0 0 0 12 14 0 15 1 3 0 0 5 10 0
0 0 12 1 13 15 6 2 10 8 9 11 0 0 0 0
3 6 10 9 0 0 0 7 14 0 0 16 0 0 0 0
2 14 0 16 5 3 10 1 0 4 13 0 8 11 9 0
