14 3 0 0 4 6 1 8 7 0 0 0 0 0 16 0
6 0 0 0 15 5 13 14 11 16 3 10 0 9 0 7
0 7 13 0 2 9 11 12 6 1 15 8 0 0 14 4
12 0 0 1 10 0 0 0 0 14 2 4 0 6 0 0
0 1 3 5 0 0 0 4 0 0 7 16 14 0 6 10
9 8 7 12 14 16 15 2 1 0 10 5 0 0 0 0
10 2 16 0 3 7 6 0 15 9 0 11 5 0 0 0
13 15 6 0 0 1 5 0 0 0 4 12 9 7 0 0
15 12 11 0 7 0 0 3 0 13 6 1 4 16 0 5
0 5 14 13 0 0 0 0 3 4 9 0 15 2 10 0
0 6 0 0 0 4 9 15 0 10 8 14 0 13 7 11
4 0 0 7 0 2 8 1 5 0 0 15 6 14 0 0
2 16 0 0 0 13 4 0 0 0 11 0 7 0 0 9
8 0 1 10 0 0 0 11 4 0 0 9 0 12 0 6
3 9 0 15 6 0 0 0 16 0 0 0 11 5 13 14
7 0 0 11 8 0 3 9 10 0 13 6 16 0 0 2
