0 0 14 0 0 0 0 15 0 3 13 0 0 8 1 11
3 6 0 0 0 0 11 16 0 15 0 7 4 0 0 0
15 11 16 10 0 4 0 8 6 0 1 9 0 2 3 13
0 4 0 7 9 0 13 3 0 0 0 12 16 0 15 10
10 16 0 6 0 0 7 5 14 0 3 2 0 9 0 12
9 2 7 4 14 15 8 12 0 1 16 11 0 10 0 3
11 3 0 12 6 0 2 0 5 8 9 0 15 14 13 7
0 5 0 14 0 0 9 10 12 0 0 0 11 16 0 2
12 0 0 5 10 13 15 6 7 0 4 0 0 11 16 0
0 14 0 0 5 0 4 0 0 16 10 1 0 12 0 8
16 0 0 0 8 14 12 1 0 2 5 15 13 4 0 0
2 0 0 0 0 0 0 11 8 0 12 0 0 0 14 0
6 0 10 0 0 0 0 0 15 12 7 5 0 3 2 4
0 15 0 8 0 0 5 14 0 13 6 3 10 0 11 16
14 0 5 16 15 0 3 0 4 0 0 8 12 13 6 0
0 9 2 0 11 12 6 0 1 10 0 0 0 15 7 5
