6 9 4 15 1 0 11 14 8 12 0 0 0 13 0 3
0 10 14 5 3 0 12 0 0 0 15 0 0 0 16 9
8 16 0 7 0 0 0 0 2 0 14 0 0 11 0 12
13 0 12 0 0 0 0 0 0 0 4 1 14 15 5 10
0 14 15 12 11 16 1 4 7 8 0 3 5 0 0 13
0 4 0 0 14 0 0 0 15 0 9 2 0 1 12 11
0 5 6 9 8 15 13 3 4 0 1 12 16 10 0 14
3 11 16 1 0 9 10 2 6 5 0 0 0 4 15 8
11 7 0 0 0 3 0 0 0 0 16 0 8 0 0 0
12 3 0 16 9 13 14 11 0 1 0 0 15 0 4 6
5 8 9 0 10 0 0 16 14 15 0 0 0 0 11 0
14 15 0 13 2 7 8 5 12 0 6 11 9 0 10 16
0 0 0 0 0 0 0 12 3 9 8 10 0 5 0 0
16 0 0 3 13 4 9 15 0 0 12 5 10 14 8 7
0 1 8 2 5 0 7 0 0 0 11 0 0 16 0 0
0 0 5 0 0 0 0 8 16 14 7 4 11 9 0 2
