15 6 11 0 4 13 9 0 16 0 3 12 0 10 0 0
0 0 14 4 0 3 15 0 11 10 1 5 9 0 13 0
5 3 0 13 0 0 1 10 15 4 2 0 8 11 14 6
10 1 0 8 0 2 5 0 0 14 7 13 0 0 16 4
8 0 2 0 15 0 3 13 1 0 12 0 0 0 0 5
9 4 6 0 0 0 8 2 0 0 0 0 12 0 0 0
0 7 5 14 0 11 16 9 2 6 15 0 13 1 0 0
0 15 13 1 5 14 0 0 0 16 0 0 2 9 0 3
4 14 8 0 10 5 0 1 9 0 0 0 6 0 12 16
13 12 0 0 16 6 0 11 5 3 0 2 0 7 1 8
0 5 0 10 8 0 2 0 0 1 4 0 11 13 9 15
11 0 0 6 0 0 0 0 13 12 16 8 10 0 3 14
16 0 10 0 3 0 6 0 4 0 14 1 7 8 0 12
0 11 4 12 0 0 0 7 0 13 5 16 3 15 0 9
0 9 0 0 0 0 12 5 0 11 6 10 0 0 4 0
0 8 7 0 0 0 0 16 12 0 9 0 5 0 0 1
