0 15 7 4 8 0 0 10 0 0 1 16 0 2 13 0
0 0 0 9 0 0 1 4 5 8 0 2 3 0 7 14
0 6 5 3 0 11 0 0 9 0 0 0 0 0 16 8
1 2 0 13 0 9 0 0 11 0 4 0 10 0 0 5
7 11 0 0 0 2 0 16 4 10 8 1 0 14 6 0
0 5 0 6 0 7 0 0 13 14 0 9 0 0 4 10
3 1 0 10 9 0 0 14 16 0 0 15 7 8 11 13
8 9 4 14 12 10 15 0 3 0 6 7 0 16 0 1
12 16 0 8 2 13 9 3 0 4 11 6 5 7 1 0
0 0 9 0 0 0 12 0 0 16 0 8 6 0 2 4
0 4 0 11 15 0 6 8 12 0 7 13 0 9 0 0
13 0 0 2 4 0 10 7 0 0 15 0 14 11 0 12
9 8 0 1 6 0 0 5 15 0 0 12 11 10 0 0
4 0 11 0 0 1 0 9 2 0 0 0 8 0 15 0
0 10 15 5 0 12 0 2 8 1 14 11 0 0 9 7
2 13 3 12 10 8 0 15 0 0 9 4 1 0 14 0
