3 0 1 0 9 0 0 12 8 2 5 0 6 11 7 16
8 0 0 16 3 11 0 7 13 0 14 0 1 15 4 0
0 7 4 9 6 5 13 0 1 0 3 0 0 10 8 14
14 6 12 11 0 0 0 0 0 4 15 0 0 0 3 0
15 13 11 0 0 0 5 0 3 0 6 0 4 0 16 0
0 12 9 14 10 8 0 6 5 0 4 0 11 7 13 0
0 0 2 0 11 9 16 0 10 8 12 15 14 6 0 0
5 0 0 8 0 0 0 14 11 13 7 0 9 3 12 0
0 0 13 6 0 2 0 4 12 0 0 0 0 0 9 11
0 0 0 0 16 0 0 9 0 11 2 0 0 5 1 0
9 0 16 2 0 1 0 0 6 0 8 4 10 14 15 0
10 11 15 0 0 3 12 0 0 0 0 1 2 0 6 0
4 9 0 0 8 7 6 0 14 10 13 0 16 1 11 5
13 2 0 0 4 10 1 0 9 0 11 0 15 12 14 0
6 0 0 1 12 13 0 3 0 15 16 0 0 9 0 8
11 16 7 12 0 0 0 5 2 6 0 8 13 4 10 0
