0 2 0 0 0 0 0 16 10 9 0 0 3 8 11 0
0 0 8 9 11 14 1 10 0 5 0 0 0 0 6 0
7 16 10 11 0 0 0 0 3 0 0 6 0 4 0 0
0 15 1 0 0 0 3 0 11 0 7 0 10 0 0 0
16 0 0 12 0 9 0 4 2 0 0 14 0 0 0 6
11 3 4 1 14 8 0 0 6 16 12 0 9 7 0 10
8 0 9 7 16 6 0 0 1 11 15 10 4 12 5 2
0 0 6 10 0 11 0 15 8 4 9 7 0 0 13 16
4 1 12 0 2 0 9 7 0 6 10 15 11 5 0 8
6 8 0 2 5 0 4 14 9 7 16 0 0 0 0 13
0 0 3 13 15 0 8 0 4 0 11 0 2 0 16 14
5 0 14 15 3 0 16 11 13 8 2 1 0 9 0 7
10 0 2 0 8 15 0 0 16 13 0 11 5 0 7 4
15 12 0 0 0 0 0 13 7 14 1 9 0 6 10 0
1 6 0 3 9 16 0 0 0 0 0 0 0 13 2 0
13 11 16 4 0 0 7 0 0 15 6 2 12 14 0 9
