13 8 5 2 0 0 14 0 10 0 3 15 16 7 9 0
0 14 0 15 9 0 4 0 0 11 12 16 5 1 2 0
0 6 3 0 16 8 0 0 5 0 1 0 4 14 13 0
12 16 4 1 0 5 7 2 14 9 6 13 8 10 0 11
0 0 0 16 0 10 9 5 0 0 14 0 0 0 8 4
9 1 0 7 8 6 0 11 0 0 4 5 13 16 12 14
0 0 8 0 4 0 0 14 9 16 0 0 0 0 5 2
0 0 0 5 0 1 15 16 0 8 0 11 0 0 0 0
14 2 13 3 0 0 0 1 0 5 0 0 0 6 4 15
0 0 15 11 0 14 6 0 12 13 0 3 0 8 10 0
0 5 0 0 0 0 16 3 4 6 0 0 2 11 0 0
6 0 16 0 10 2 11 13 7 15 9 14 3 12 1 5
5 0 0 6 0 16 12 0 11 14 15 0 0 2 3 9
0 0 9 0 0 0 0 0 13 0 16 0 15 4 0 1
16 0 12 0 11 4 1 9 2 0 10 0 0 0 6 8
8 0 0 0 14 15 2 10 6 1 0 9 0 0 0 7
