16 3 1 6 4 9 0 10 7 5 0 15 2 8 0 0
0 5 10 14 6 0 0 13 1 0 0 8 7 11 4 0
0 13 9 4 7 15 8 14 11 0 10 0 16 1 0 5
8 0 0 0 1 0 0 16 0 0 13 3 12 10 0 6
4 0 0 0 2 0 1 0 13 0 15 9 11 0 10 16
0 15 6 0 10 0 0 0 8 1 0 11 13 2 14 12
3 0 0 11 13 8 15 0 0 10 14 7 0 0 5 4
0 7 16 0 11 0 4 9 12 2 6 5 1 15 0 3
10 14 0 0 0 0 0 8 0 0 11 12 0 0 15 0
15 0 0 1 5 0 0 4 0 7 8 14 6 0 16 0
11 4 0 3 0 0 6 0 15 9 1 16 8 0 0 10
6 8 0 2 0 0 0 15 3 4 5 10 14 0 1 7
9 0 11 5 12 0 14 0 0 0 0 0 0 0 0 0
14 2 0 0 15 0 0 0 0 0 0 0 0 5 0 1
0 0 0 13 0 2 0 11 5 12 7 4 15 0 6 0
0 16 8 15 9 10 5 6 14 0 0 1 4 0 2 13
