13 0 2 4 11 0 8 0 7 0 10 5 0 0 0 16
0 0 12 16 0 0 7 9 4 0 3 0 8 15 13 5
0 9 10 3 0 4 14 1 0 16 0 0 11 0 7 6
0 0 0 6 0 0 0 15 11 2 8 0 10 12 4 14
4 0 0 0 14 5 15 16 9 11 0 0 2 0 12 0
0 0 0 9 7 12 0 10 15 3 0 0 0 0 0 1
0 6 0 0 13 3 9 0 0 4 12 0 16 0 10 0
0 0 11 12 2 0 4 8 6 0 0 14 7 9 5 0
6 1 9 0 16 7 12 0 0 8 11 4 0 0 15 10
0 16 3 0 4 8 1 0 0 9 0 6 0 7 11 12
11 0 8 0 0 10 2 0 3 5 15 12 9 16 1 0
12 4 0 0 9 15 0 0 16 0 0 10 14 8 0 0
0 5 6 1 8 16 13 0 2 0 9 3 0 10 0 0
0 0 0 14 12 11 0 7 8 0 0 0 0 0 0 0
2 0 0 10 15 9 0 6 5 13 14 11 0 1 16 0
9 12 0 0 1 14 5 2 10 15 6 7 0 0 3 8
