0 2 1 15 10 0 4 0 8 13 12 3 7 0 0 6
5 7 6 8 2 1 3 0 0 0 11 9 12 13 4 0
9 4 0 13 7 6 0 15 1 2 0 10 0 0 0 0
10 11 3 14 0 9 13 12 16 0 4 7 15 0 2 8
0 0 0 4 11 0 12 0 0 16 0 8 10 2 13 0
0 0 0 2 8 0 0 14 9 0 0 11 0 0 12 0
0 0 7 12 4 13 1 0 0 3 10 0 8 0 14 0
1 8 11 3 0 0 0 0 5 12 14 13 9 0 7 4
3 15 8 0 14 0 0 0 2 10 7 1 4 0 0 0
0 1 13 0 0 4 0 0 12 8 0 14 0 10 3 0
0 0 0 0 1 0 0 2 0 5 3 0 13 12 8 7
0 0 2 16 0 0 0 0 4 0 13 6 11 0 1 0
2 12 0 10 9 0 14 0 0 0 8 0 0 4 0 11
7 13 0 0 6 0 0 0 15 0 0 5 3 0 0 12
4 3 16 11 0 15 0 0 10 0 0 12 1 5 9 14
0 14 15 6 12 10 0 1 3 11 9 4 2 7 16 0
