0 0 6 9 12 5 10 11 8 0 4 0 15 0 7 0
13 0 10 0 0 14 4 16 1 9 0 11 2 5 0 0
11 0 5 8 15 13 0 0 0 7 16 0 6 1 0 4
4 0 2 0 6 7 0 0 14 13 0 0 10 9 8 0
6 0 0 2 13 0 0 4 11 5 3 0 7 0 0 8
0 15 3 0 0 12 9 6 13 0 7 4 11 0 5 1
12 1 13 0 0 3 16 0 0 0 8 0 9 0 4 2
9 0 0 0 7 15 0 2 16 0 10 0 3 0 0 14
0 2 0 6 0 0 0 12 0 10 9 0 14 4 0 0
0 8 0 13 4 9 11 0 3 0 0 1 16 0 10 0
10 0 12 1 0 2 6 13 0 0 14 7 0 8 0 0
0 4 7 0 5 0 1 14 0 11 0 8 12 15 6 9
0 13 8 0 2 16 0 10 7 4 0 5 1 14 0 0
0 0 15 10 0 0 0 8 9 0 11 3 0 7 2 0
2 5 9 0 14 11 0 7 0 12 1 13 8 3 16 10
7 6 0 0 0 0 0 0 0 8 0 14 13 11 12 0
