5 1 4 8 10 0 0 9 3 0 6 0 7 13 0 0
9 0 0 0 1 0 0 6 0 0 14 0 8 0 0 2
0 0 12 2 11 0 15 0 0 5 9 0 0 0 0 16
15 0 13 0 8 2 0 7 4 10 0 1 0 9 0 0
0 4 0 0 0 16 12 14 0 7 0 10 15 3 0 6
7 13 0 0 9 1 3 15 6 0 5 4 0 8 0 11
12 0 0 9 4 0 7 0 11 15 8 14 16 1 0 0
6 0 5 0 13 8 0 0 0 1 16 0 14 4 7 0
3 8 11 4 7 13 0 1 0 0 15 16 9 12 10 14
16 9 1 5 12 14 4 0 0 6 0 0 11 2 15 7
10 15 0 0 2 9 0 5 0 4 7 11 0 0 3 0
13 12 0 7 16 0 0 0 14 3 0 9 6 5 8 0
0 5 0 11 6 10 9 16 0 0 12 0 4 0 1 13
2 16 9 0 0 7 1 0 0 0 13 5 3 14 0 8
1 14 6 0 0 11 2 8 0 9 4 7 0 15 0 10
0 0 0 10 0 0 0 0 1 8 0 0 0 0 16 0
