1 0 0 0 0 0 0 13 0 0 0 5 0 2 7 4
9 16 14 4 15 0 0 0 7 0 3 12 0 0 0 13
0 0 2 0 11 0 0 3 4 9 14 1 5 16 10 15
10 5 15 0 0 0 0 1 0 13 11 6 9 0 14 8
4 0 0 14 16 0 0 0 8 5 13 0 2 12 0 1
11 0 0 5 0 15 9 10 0 0 0 0 13 0 0 0
3 0 0 2 8 0 13 0 0 0 10 16 6 9 5 11
0 9 0 16 0 1 0 0 14 0 4 0 10 0 8 0
0 2 4 11 9 14 6 16 13 12 0 0 0 10 0 3
15 10 0 6 0 3 11 0 0 14 16 4 0 0 0 0
0 14 5 0 0 0 0 15 0 3 8 10 16 0 0 9
16 13 0 3 4 0 8 12 9 2 0 15 0 5 11 0
2 0 12 9 14 11 16 6 5 15 0 0 3 0 13 0
14 6 3 1 0 0 0 8 12 16 0 13 0 11 9 5
0 0 13 15 1 0 3 4 0 6 9 11 14 7 16 2
7 0 0 10 13 5 0 9 0 4 1 14 0 8 0 6
