12 4 5 14 7 13 0 16 3 10 8 2 1 6 11 0
6 0 11 1 10 0 2 15 0 0 7 0 0 0 0 9
3 0 10 0 0 0 11 0 0 0 9 4 2 12 7 16
2 7 0 0 6 0 3 0 1 0 11 14 8 10 13 5
16 15 14 3 9 0 0 13 0 2 6 7 0 11 0 1
0 0 6 0 0 0 0 7 0 9 14 0 16 0 2 4
7 5 1 0 11 16 0 0 0 0 15 13 0 0 6 10
0 12 4 10 0 0 1 0 16 11 0 5 14 13 8 7
14 2 0 0 0 0 7 10 0 4 12 6 0 0 0 0
0 9 0 12 4 0 15 2 13 0 1 0 10 5 16 11
4 6 3 5 0 0 0 14 11 0 0 0 0 0 1 2
1 0 13 15 0 11 12 3 7 5 0 16 0 9 0 14
15 11 0 7 0 0 0 0 0 0 16 0 4 14 0 0
5 14 0 4 0 0 10 9 0 0 13 11 15 2 0 12
13 0 2 0 12 15 0 4 0 7 0 10 11 1 9 6
0 1 0 0 0 0 13 0 0 15 0 9 7 16 0 0
