8 0 13 0 2 0 4 9 0 0 0 6 0 1 10 16
11 14 6 7 0 0 15 8 0 10 16 9 2 0 13 0
0 3 16 0 0 11 0 7 0 1 0 0 0 15 0 4
2 10 4 0 13 0 16 14 5 15 0 11 0 3 0 9
3 13 0 4 0 8 5 0 0 0 15 2 1 0 16 0
12 0 10 0 4 15 6 16 0 0 0 8 0 9 11 0
0 6 15 0 3 0 0 11 9 4 5 0 0 0 0 8
1 9 5 8 14 2 7 0 11 6 10 0 13 4 0 3
0 0 7 9 6 0 8 0 0 11 1 0 0 16 12 10
6 8 0 0 15 0 11 3 0 0 0 12 0 14 0 0
4 12 0 11 16 1 9 0 0 8 0 0 6 2 3 15
15 16 0 3 12 10 13 4 0 9 0 5 0 7 0 0
10 4 9 0 8 0 0 1 0 16 0 7 15 11 0 0
5 0 3 0 10 9 0 15 8 0 11 0 0 0 7 0
14 0 12 0 7 0 2 6 0 5 9 0 0 8 0 1
0 7 8 15 0 4 0 13 6 0 0 1 10 12 0 5
