15 6 9 0 12 1 4 0 0 5 0 14 0 0 0 13
0 4 14 3 0 5 0 13 0 1 12 2 0 0 6 0
7 0 16 12 6 2 9 15 4 10 11 0 0 3 0 8
8 0 5 0 0 11 7 0 6 3 15 0 0 0 0 0
0 8 0 9 2 4 0 7 3 0 0 6 0 14 0 10
0 11 0 0 1 12 10 9 0 2 14 15 16 8 0 0
0 0 0 14 3 15 0 8 1 0 4 0 9 11 0 5
3 15 0 4 0 14 0 0 9 0 10 11 12 6 0 0
0 5 0 0 0 10 3 0 13 0 7 16 0 4 9 15
14 13 4 0 0 6 0 2 0 0 3 0 8 0 0 0
9 7 0 2 16 0 5 0 15 0 1 0 0 0 10 3
0 0 12 10 0 0 0 4 2 9 6 8 14 0 0 1
11 0 0 1 0 16 2 0 0 15 5 0 7 0 12 14
4 12 0 0 10 7 0 11 14 6 13 0 3 9 5 2
6 10 13 5 15 0 0 1 12 0 2 3 4 16 0 0
2 14 7 8 0 3 0 5 11 0 9 10 0 1 0 0
