6 0 0 0 0 0 0 16 0 8 0 7 0 14 0 0
0 0 0 1 13 8 3 9 4 11 14 0 12 0 0 6
5 0 0 9 14 7 0 15 1 0 6 12 4 16 2 0
14 0 10 4 6 11 5 0 16 0 2 0 8 0 9 7
0 0 6 2 0 0 12 7 0 16 0 4 0 0 13 0
15 9 16 12 0 5 0 2 10 0 8 14 11 0 0 4
0 0 4 10 0 0 0 14 9 1 0 3 2 12 0 8
11 1 0 5 0 10 8 0 2 0 7 0 15 0 14 16
0 4 0 0 0 12 0 13 3 7 1 11 0 6 10 2
10 6 7 0 0 4 0 5 0 9 15 0 3 0 12 14
12 13 1 3 0 0 6 11 14 10 16 0 0 8 0 0
9 0 15 0 0 0 7 10 0 0 0 6 13 1 16 0
0 0 11 0 0 13 9 12 6 2 0 1 14 0 0 10
4 10 0 0 0 1 14 8 11 15 3 16 0 2 0 9
0 0 0 0 0 6 16 0 0 5 10 9 0 13 8 3
0 0 0 6 10 15 2 0 0 14 13 0 16 4 11 12
