13 11 6 10 1 0 12 16 2 15 8 3 0 14 4 0
2 12 16 0 3 0 8 0 5 4 14 9 1 6 0 10
4 8 0 5 6 0 14 0 13 1 11 7 0 15 0 0
0 0 0 7 0 2 0 15 12 6 16 0 3 0 11 0
14 2 0 12 13 8 0 0 6 0 15 16 0 10 3 5
6 3 11 16 14 0 7 10 0 5 0 0 0 9 0 13
1 0 0 8 11 5 15 2 3 13 9 0 0 0 0 16
15 9 5 13 16 0 6 3 0 0 0 1 0 0 8 0
7 6 13 14 9 0 0 0 0 0 0 11 0 0 15 4
0 0 0 0 15 0 0 0 0 0 0 4 13 1 0 0
16 10 12 2 4 0 0 5 15 0 0 6 0 3 14 7
0 0 0 1 7 0 2 0 0 14 0 5 10 16 0 6
0 16 0 0 0 0 5 4 0 3 10 15 2 7 0 1
0 0 0 4 0 9 0 11 0 0 6 13 16 8 0 0
0 7 0 0 0 15 13 6 4 16 0 8 14 11 9 12
8 13 15 0 0 16 0 0 14 0 0 12 6 4 0 3
