13 1 10 14 0 3 0 0 7 0 11 5 0 0 0 0
0 0 8 7 0 15 6 4 0 10 2 0 11 0 16 5
5 0 0 0 0 11 12 0 0 9 8 16 3 0 10 7
11 0 0 0 0 7 5 2 6 14 1 15 13 0 8 0
0 0 5 0 2 12 0 0 0 6 0 3 0 0 14 13
1 0 13 2 4 16 9 11 0 5 7 10 0 0 12 6
6 16 12 0 3 14 7 13 11 2 15 0 4 5 9 0
7 9 11 0 0 6 8 15 0 0 4 14 0 2 0 10
0 11 7 0 14 10 0 0 0 1 3 0 0 9 0 16
8 13 0 12 0 0 4 16 0 7 5 0 10 0 3 1
0 0 9 0 6 0 0 3 0 0 12 0 0 0 0 2
14 10 3 0 7 1 2 0 0 0 0 0 0 8 0 0
3 0 4 5 0 13 1 7 2 0 0 12 0 0 11 14
16 8 1 9 15 4 11 10 5 0 14 7 2 0 6 0
10 7 14 13 0 2 0 8 16 0 6 0 1 0 0 0
12 0 0 0 0 5 14 6 1 0 13 4 0 0 7 3
