15 8 0 5 3 4 0 9 0 11 1 0 13 0 6 12
11 0 3 13 0 2 7 6 15 8 16 12 0 0 5 10
9 2 0 7 0 10 12 0 0 3 0 4 11 0 8 0
6 0 0 0 11 0 0 15 0 0 10 9 0 0 16 0
14 11 6 16 0 0 2 3 1 15 0 0 10 0 4 0
3 0 0 15 12 7 13 4 9 0 0 6 0 0 14 11
0 0 9 0 0 14 6 0 5 10 0 13 7 0 0 0
13 0 0 12 0 8 0 16 4 14 3 0 9 0 15 6
0 15 2 4 6 11 14 13 0 0 8 16 12 3 1 0
0 16 0 0 8 1 0 7 0 6 9 15 2 0 0 4
10 5 0 3 4 0 0 2 13 12 14 7 6 0 11 16
8 0 13 6 0 12 3 10 11 0 4 2 0 0 7 0
0 14 7 0 10 6 11 0 0 2 0 1 4 5 0 0
1 0 12 10 9 3 0 0 16 0 0 0 0 6 2 0
5 0 4 11 2 0 0 0 0 0 13 0 0 0 0 14
2 0 15 8 0 13 0 0 14 9 0 0 16 0 12 1
