6 7 0 8 4 9 0 15 5 14 0 0 0 1 3 0
0 16 0 0 0 1 6 3 0 8 0 9 5 0 0 13
9 0 5 2 10 16 14 0 0 11 3 0 0 0 7 12
1 3 13 0 8 5 7 2 0 4 12 15 0 0 9 16
3 15 0 12 13 0 4 8 9 0 14 6 0 0 0 0
5 0 1 11 0 0 10 12 4 7 2 0 0 15 14 0
8 10 16 0 0 0 1 7 13 0 11 3 9 2 6 5
13 0 7 0 0 0 5 0 15 10 1 8 0 4 12 11
0 0 0 1 0 0 13 4 16 0 0 0 7 3 11 6
7 0 4 3 6 0 16 0 11 0 0 10 0 0 0 0
11 9 0 0 0 14 0 0 7 3 6 12 8 0 0 4
15 0 0 0 0 7 3 11 0 1 0 0 12 10 2 0
4 1 0 0 7 0 9 10 3 0 0 11 0 12 0 14
14 0 12 0 1 0 0 5 8 0 0 0 0 0 10 3
10 11 3 15 0 12 0 0 1 0 4 2 6 13 5 7
16 0 9 0 3 2 15 6 12 0 0 14 4 0 0 0
