7 15 8 0 4 0 10 0 0 11 0 6 9 14 13 1
0 0 5 0 0 1 0 11 0 4 9 0 8 15 16 0
0 3 9 1 0 8 12 0 16 0 10 2 6 0 0 5
16 0 6 11 13 14 9 5 0 0 7 1 3 0 10 0
0 7 12 0 0 10 16 8 11 0 14 4 13 5 15 0
5 0 4 6 0 0 0 13 0 0 2 0 0 0 0 11
0 14 0 16 12 4 11 2 0 15 5 8 0 1 0 3
11 8 15 3 5 0 0 0 0 1 13 0 16 10 0 4
0 0 0 12 16 2 5 0 0 0 0 14 0 0 7 0
0 6 16 15 10 0 0 12 0 2 8 0 5 3 4 0
3 0 0 0 0 9 0 4 13 0 15 0 2 6 1 16
4 2 0 8 14 15 1 0 0 5 0 0 10 13 12 0
0 0 11 0 0 13 0 14 2 16 6 0 0 7 0 10
8 0 1 0 0 0 6 10 9 0 3 15 0 16 5 2
0 0 0 0 0 0 15 7 1 12 0 10 0 8 6 13
0 5 0 10 2 16 4 0 8 0 11 13 12 9 0 15
