16 0 0 6 2 8 0 0 0 0 0 0 0 0 0 0
0 13 0 11 0 3 4 0 12 0 0 0 0 1 9 0
0 15 0 0 1 0 7 0 11 0 0 0 0 6 16 0
12 9 14 5 11 6 13 0 1 0 7 0 0 0 3 2
3 0 6 1 8 4 14 11 0 0 9 0 0 2 0 15
15 0 4 9 0 16 6 0 14 7 11 2 1 10 8 0
10 0 0 0 0 15 1 3 0 16 5 8 0 0 4 0
5 8 0 16 7 12 10 2 0 15 0 0 6 9 0 14
0 16 1 2 15 0 0 0 0 5 13 10 0 3 11 9
7 11 0 0 16 10 5 0 0 14 1 3 0 0 0 4
13 3 0 10 0 0 0 8 0 0 0 12 5 16 0 7
4 5 12 0 3 0 0 1 0 11 16 0 8 15 10 6
11 6 5 12 0 0 3 7 16 8 0 14 9 4 15 13
0 2 16 7 12 0 8 9 0 4 10 15 3 0 6 0
9 10 13 15 0 11 0 14 3 1 6 5 7 0 0 8
0 4 8 0 0 0 15 0 7 0 12 0 10 0 14 0
