1 0 0 3 0 9 0 11 7 13 0 0 0 2 16 0
16 0 6 0 5 0 13 12 1 0 8 2 0 7 9 0
0 11 0 0 15 0 0 0 0 9 12 0 0 1 0 13
12 2 9 13 0 0 0 0 0 16 10 0 0 0 0 0
10 0 0 4 1 0 2 5 0 0 0 0 15 6 14 0
5 6 0 14 9 15 4 0 0 1 11 0 0 13 3 12
0 12 2 1 0 16 0 8 15 0 0 7 9 0 0 4
0 9 0 15 0 13 0 14 0 0 5 10 2 8 1 16
9 8 0 2 0 0 0 6 10 5 4 0 0 3 7 0
0 0 12 0 4 3 0 0 13 8 1 16 0 0 2 15
0 1 10 16 2 14 12 0 3 7 9 11 0 5 13 0
0 0 13 0 10 11 0 9 14 15 0 0 16 4 0 1
0 10 1 7 14 5 0 0 12 0 15 13 6 16 8 0
15 13 0 6 16 0 9 2 11 10 14 0 1 12 4 7
8 16 5 12 0 10 15 1 0 6 7 0 13 0 0 0
14 4 0 9 6 0 0 13 0 2 16 0 0 0 10 5
