9 8 5 16 4 10 0 0 0 14 0 0 11 2 0 13
15 7 0 0 2 8 16 5 0 0 0 6 1 12 10 0
1 6 11 0 15 0 12 14 10 0 13 2 0 8 7 16
0 0 10 12 0 0 0 3 0 0 1 8 0 0 15 9
0 0 0 15 6 7 11 8 13 3 0 10 0 0 0 2
10 0 6 0 12 3 14 2 15 4 0 9 8 1 0 11
5 13 0 0 0 0 4 16 0 0 7 0 15 14 0 6
12 0 0 0 5 13 9 15 11 0 0 0 0 10 0 0
0 0 12 5 0 16 0 0 0 9 0 13 7 0 2 1
14 0 0 1 13 0 5 9 0 0 3 15 0 0 0 0
0 4 16 10 0 0 0 7 5 8 12 0 13 3 9 15
13 2 8 0 1 0 0 0 0 7 0 0 0 5 0 10
7 12 1 14 16 0 10 13 0 6 2 5 9 15 11 0
11 9 3 0 7 5 0 0 1 13 8 4 10 16 0 0
0 5 15 6 0 0 1 0 0 12 10 0 0 13 4 3
16 10 4 0 3 0 0 12 9 0 0 11 0 7 1 0
