7 0 0 11 4 12 0 15 8 0 3 9 0 13 14 10
1 15 0 8 14 3 11 10 13 6 0 5 4 7 12 0
5 0 0 4 8 0 0 0 11 16 0 14 6 0 1 0
14 0 0 2 16 6 0 1 0 0 0 4 9 11 5 0
8 12 15 0 11 0 4 0 9 2 0 7 0 6 0 14
0 0 0 9 3 0 8 14 10 0 0 0 11 5 13 1
10 0 0 13 15 5 16 12 3 8 6 0 7 9 2 0
0 2 0 5 0 0 10 9 0 13 14 1 0 12 0 3
0 1 4 0 5 15 0 0 14 0 0 0 3 10 11 0
15 0 14 12 10 16 0 11 0 0 1 6 0 8 4 0
0 0 5 0 0 14 3 4 0 9 0 10 15 16 6 0
0 0 0 10 0 8 12 6 4 7 16 15 1 0 0 0
9 16 0 0 2 10 0 5 0 0 4 3 14 15 0 0
0 5 0 6 0 0 0 8 1 0 9 0 16 4 0 11
2 4 0 0 0 11 14 0 6 0 0 0 5 0 0 0
11 0 3 14 9 4 0 16 0 5 0 8 0 2 0 6
