0 4 16 6 8 5 0 0 10 12 9 2 7 15 14 0
0 0 8 0 9 0 4 10 0 0 7 0 16 1 3 5
10 0 11 0 16 14 0 7 0 3 5 0 12 0 8 9
0 0 7 0 0 11 12 1 0 8 0 16 0 10 2 0
0 0 6 0 0 0 2 15 0 0 8 0 11 4 1 7
3 0 10 5 14 7 9 0 11 0 6 0 0 8 0 0
8 0 15 4 11 3 16 0 0 1 0 0 0 14 0 0
13 11 2 14 10 0 8 4 9 0 0 15 0 0 16 3
9 0 4 11 7 12 6 0 1 5 0 13 14 2 0 10
0 6 12 1 0 9 11 0 8 14 3 10 13 7 5 16
2 0 5 0 0 16 0 14 0 0 15 9 1 0 11 0
14 0 13 0 1 15 0 0 12 2 11 7 9 0 4 0
0 0 1 13 0 8 5 3 7 0 10 0 2 0 6 14
7 0 0 0 13 10 0 0 0 6 0 3 0 0 0 0
0 5 0 0 0 6 0 0 16 15 4 8 3 0 0 1
6 0 3 0 12 4 14 0 0 13 1 0 8 0 0 15
