5 0 13 8 16 0 7 12 3 6 14 9 2 11 0 15
4 0 10 16 3 0 0 15 0 11 8 13 14 1 12 9
7 0 11 0 14 0 4 0 10 2 0 12 5 16 0 8
0 0 14 0 0 0 8 0 1 4 0 16 10 0 3 7
0 0 0 2 10 5 12 16 4 1 0 0 15 0 14 0
0 16 12 11 2 0 0 0 6 5 0 10 0 0 1 3
10 14 0 13 4 0 11 1 0 15 0 2 0 0 6 0
0 0 0 1 0 0 0 9 12 7 3 14 0 0 0 0
0 0 0 7 5 0 14 0 0 13 12 0 0 4 0 10
0 10 9 0 13 7 16 8 11 3 2 5 12 14 15 6
0 13 15 3 0 9 6 0 16 10 0 4 1 8 0 0
0 0 8 0 0 4 1 10 0 0 6 0 0 13 7 0
11 4 0 12 15 6 0 14 13 16 0 0 7 0 0 0
3 8 0 0 0 13 10 0 15 14 1 0 0 0 9 0
0 7 0 14 0 12 3 11 2 0 0 6 13 15 10 5
13 15 1 0 8 0 0 0 0 0 9 7 0 0 11 14
