1 0 0 8 12 0 0 0 0 4 11 0 15 6 14 0
9 7 0 0 15 4 0 0 8 1 0 0 5 10 0 12
3 0 14 6 0 0 1 0 15 2 12 9 0 8 0 0
0 12 0 15 0 0 0 0 0 0 13 16 3 9 1 7
2 0 0 0 0 0 9 0 4 6 16 5 13 12 7 0
13 0 0 4 2 0 7 15 9 8 14 0 0 0 0 0
6 0 9 0 5 10 16 0 0 0 1 0 8 2 3 14
0 14 3 5 13 0 0 8 7 15 0 10 6 4 0 1
0 0 5 1 14 2 8 16 13 9 0 15 12 0 0 0
4 9 0 16 10 0 0 0 0 3 7 0 14 0 8 0
8 0 10 11 3 7 6 12 2 0 0 14 1 16 15 9
12 3 15 14 4 0 13 0 6 16 0 0 2 0 5 0
5 0 1 12 0 15 0 0 16 7 0 2 10 14 13 0
0 0 6 0 0 1 12 7 3 10 0 8 9 0 0 4
0 0 0 0 16 0 10 0 0 12 5 11 7 1 6 3
10 2 0 3 0 14 0 6 1 0 0 4 0 15 12 0
