0 0 13 5 10 2 6 9 8 0 7 11 1 0 12 0
0 10 0 8 0 0 0 0 0 0 14 0 15 0 2 11
7 2 4 0 0 14 16 3 0 0 10 0 9 0 8 0
0 0 0 0 0 12 0 0 0 2 0 0 16 0 10 7
0 0 0 10 0 9 1 2 0 6 15 14 4 8 13 12
0 0 0 0 0 11 10 6 12 0 4 0 5 16 7 2
9 16 1 0 12 4 8 14 0 7 2 13 0 11 0 10
4 12 0 6 0 0 7 0 16 8 0 10 0 0 0 3
10 3 0 16 7 13 12 5 11 0 0 8 0 0 6 1
12 11 0 0 0 0 0 1 14 13 5 7 3 15 16 9
2 7 6 13 9 0 15 0 4 1 0 12 10 0 14 8
0 0 5 9 14 0 0 0 6 10 16 0 12 7 0 13
0 0 16 15 4 0 11 0 2 0 0 0 7 0 3 6
14 0 0 0 13 1 3 0 7 0 0 0 0 0 0 0
5 0 3 7 0 6 0 12 0 0 13 15 11 0 1 16
6 4 11 2 15 0 9 7 1 0 12 0 13 10 5 14
