0 0 8 7 0 0 0 2 0 0 0 0 0 6 0 0
4 11 14 2 12 0 6 0 0 0 0 0 15 7 8 13
0 5 0 0 11 7 10 15 0 0 13 8 12 0 0 4
0 9 0 12 0 8 13 5 16 4 7 6 0 2 3 11
16 6 1 0 9 0 0 7 0 14 3 10 4 0 0 0
0 0 2 13 14 0 8 12 0 6 15 11 16 3 0 10
0 8 10 9 0 3 0 0 5 13 0 0 1 0 0 2
7 3 0 14 15 0 0 10 2 16 0 4 8 9 0 0
8 0 7 16 2 0 0 0 15 10 14 5 9 11 6 3
0 15 0 0 10 0 3 14 7 1 0 0 2 4 0 16
0 0 0 3 16 0 5 8 13 11 4 2 0 15 0 1
0 14 4 1 7 9 0 11 6 3 16 12 13 5 0 0
6 13 3 0 8 11 9 0 12 0 2 0 5 0 1 7
12 0 5 0 13 15 7 0 0 0 11 1 0 0 0 14
0 7 9 0 0 0 0 0 4 0 0 16 11 0 0 12
14 16 11 15 4 0 12 0 0 7 0 0 6 0 0 9
