12 10 1 7 8 0 0 0 3 4 13 14 0 6 11 0
3 0 2 15 10 13 4 7 0 0 0 0 0 0 12 8
0 11 0 16 0 0 6 0 7 12 10 2 1 9 0 15
9 0 0 4 1 2 12 0 8 15 0 16 0 10 7 0
0 0 0 0 16 0 2 0 9 6 5 0 8 0 0 3
11 3 7 2 6 12 14 1 13 0 0 8 0 0 5 10
0 0 4 0 0 15 3 8 0 2 14 0 11 12 6 7
1 0 0 0 0 7 5 0 12 3 15 11 16 4 0 0
0 0 5 0 15 9 11 3 0 0 0 0 12 0 0 16
10 8 0 0 7 0 0 14 15 13 0 0 0 2 1 0
0 15 0 0 0 10 0 0 0 11 0 0 0 7 0 9
0 13 0 0 0 1 8 6 0 0 16 5 0 0 0 0
0 7 9 13 0 6 0 16 11 0 3 0 4 0 14 12
16 0 8 1 0 3 9 13 14 10 0 12 7 11 15 6
15 14 10 0 11 4 1 12 0 8 7 6 13 0 9 2
6 2 0 12 14 8 7 15 4 0 9 0 0 0 16 0
