15 0 0 11 6 3 0 8 0 14 0 10 7 13 0 0
4 0 8 0 0 7 9 16 3 0 0 0 0 15 14 0
3 6 0 2 0 0 5 10 0 0 0 16 0 0 12 0
0 14 9 13 4 15 0 0 7 12 5 8 0 16 0 11
1 12 5 4 2 9 0 13 15 11 6 7 14 0 10 3
0 0 14 6 15 0 4 0 16 0 0 0 0 2 13 9
0 0 3 8 0 5 0 0 0 0 0 9 0 0 4 15
9 13 16 0 3 0 8 14 0 4 1 0 11 6 0 0
8 0 6 7 16 0 0 0 12 5 0 4 15 0 0 0
0 15 0 16 7 0 0 3 1 9 0 11 0 10 8 0
0 9 12 0 5 0 15 11 8 10 14 3 0 4 7 16
2 11 10 5 0 8 14 0 6 7 16 0 9 0 0 13
16 4 15 0 14 0 7 5 0 2 0 13 8 0 0 0
6 8 11 0 10 0 1 0 0 0 3 14 12 7 0 4
0 0 2 14 8 0 0 0 0 16 9 1 13 5 0 10
0 0 13 0 9 0 0 12 4 8 7 6 0 0 15 14
