8 6 0 0 0 14 0 1 0 7 0 5 0 2 15 4
16 7 15 2 0 3 0 12 0 14 4 11 10 0 0 9
14 0 9 10 0 2 15 11 3 0 13 1 7 16 8 12
0 0 11 0 8 16 7 13 0 15 9 2 6 5 0 3
7 13 4 14 0 0 0 3 0 0 11 8 0 6 0 10
15 3 0 0 14 5 0 8 9 1 12 6 4 7 16 13
0 16 12 0 7 15 13 0 2 3 10 0 9 8 11 0
0 0 2 8 11 0 0 10 7 0 5 0 0 12 3 0
0 15 5 7 12 10 0 0 16 11 0 4 13 3 0 14
1 9 0 4 3 0 0 2 5 0 15 0 0 0 0 0
10 0 13 16 0 0 0 0 0 8 2 0 1 15 0 0
0 8 6 12 0 13 1 0 14 0 0 0 0 11 0 5
0 10 7 3 16 0 12 9 0 0 0 15 0 1 0 0
0 0 16 0 13 1 14 0 0 9 8 10 3 4 7 0
13 0 0 0 0 8 0 0 4 12 6 0 15 9 10 0
0 0 8 0 0 0 6 15 0 5 3 7 0 0 0 0
