3 1 0 6 11 0 0 9 8 0 13 0 0 14 0 0
13 0 11 16 0 0 1 0 0 0 12 7 3 8 6 9
15 5 14 9 12 0 10 0 0 3 4 0 13 1 0 0
7 0 0 12 0 0 3 15 14 1 11 9 16 10 4 0
5 11 0 8 3 10 0 0 0 7 14 2 15 13 9 6
0 6 16 0 0 9 12 0 13 8 0 15 5 11 3 0
9 0 7 14 0 5 13 0 3 4 0 12 0 2 10 0
0 13 0 0 0 0 0 6 9 5 10 11 14 12 7 16
1 14 15 11 9 3 6 16 0 10 0 0 4 0 12 2
8 4 9 2 0 15 0 5 12 0 0 0 10 7 16 0
12 0 3 5 10 8 0 0 0 0 0 0 6 9 0 0
0 0 10 13 2 4 11 0 1 0 0 5 8 0 0 0
0 3 0 15 0 12 0 7 10 13 0 1 11 4 0 14
0 9 6 4 0 13 0 10 15 16 0 0 12 0 0 0
0 2 0 1 0 11 16 0 4 0 0 0 0 6 13 15
0 0 0 0 15 0 8 0 11 0 9 0 2 16 0 0
