0 0 14 0 6 10 16 5 0 9 12 4 0 0 0 2
10 0 1 0 0 11 0 8 16 15 0 0 12 0 0 6
6 8 2 16 15 13 9 0 0 0 14 0 11 0 10 7
3 15 0 9 4 2 0 1 0 0 6 10 16 0 0 8
0 0 5 1 0 9 8 15 3 0 16 0 0 2 6 0
2 10 15 6 0 0 0 0 12 7 11 8 9 1 14 5
13 14 0 4 11 0 2 10 0 1 0 0 0 12 8 15
0 0 11 3 1 5 12 6 0 0 0 0 13 7 16 10
16 3 6 14 8 0 0 2 11 0 5 0 7 10 0 12
1 2 13 0 5 16 0 0 10 12 0 0 8 0 4 14
15 12 4 0 9 0 0 0 14 0 8 0 6 5 2 0
7 0 9 0 12 14 0 0 2 0 1 0 15 11 13 0
4 0 10 0 0 6 0 9 0 3 15 0 0 8 0 13
0 16 3 0 0 12 11 0 5 0 0 1 0 0 0 0
5 0 8 0 7 0 1 0 4 14 0 11 2 3 0 9
14 0 0 2 10 8 0 4 9 0 0 12 0 16 0 0
