9 14 0 13 0 10 12 4 0 0 0 16 0 7 0 11
0 8 0 0 0 2 0 6 0 14 0 11 0 0 15 4
15 16 0 0 0 14 11 7 0 0 0 4 0 0 3 0
2 4 0 11 0 0 13 3 0 5 1 15 0 12 14 0
0 6 0 8 3 5 15 0 1 0 0 10 13 0 0 9
13 0 0 14 12 0 8 1 4 7 5 0 15 11 2 0
3 0 5 15 13 4 10 0 2 11 0 12 0 1 7 14
0 11 0 0 0 0 0 2 6 0 15 3 5 16 0 10
0 0 0 0 11 12 3 0 0 10 16 5 2 0 9 0
0 2 14 16 0 0 6 10 15 0 0 1 4 5 13 12
0 0 13 10 9 0 4 14 12 2 11 0 0 8 0 15
12 15 9 0 2 13 1 5 14 8 4 0 0 6 0 0
4 3 10 0 0 15 7 12 0 0 0 8 0 9 11 0
0 0 6 7 10 0 2 0 0 4 9 14 12 15 16 1
0 0 0 9 6 1 14 8 0 0 12 0 10 3 4 0
14 0 15 1 0 0 5 9 16 3 0 0 0 2 0 0
