6 0 11 3 7 0 0 0 14 8 16 0 15 9 5 0
8 0 0 7 14 1 0 0 3 11 0 10 12 0 16 0
9 14 1 15 16 0 12 3 5 0 0 4 0 8 6 0
0 13 4 0 0 0 9 0 0 0 0 0 3 0 7 11
3 7 8 11 13 16 1 4 9 14 2 0 6 10 0 0
0 0 0 13 12 0 0 0 10 0 4 0 8 1 15 0
0 4 6 5 0 15 0 0 0 0 0 0 14 0 0 0
0 0 15 2 6 5 10 14 7 0 11 8 0 4 0 0
11 0 16 9 0 12 0 13 0 4 0 7 1 5 0 3
7 6 3 12 2 0 0 5 1 0 8 0 4 15 11 0
0 15 13 8 0 6 3 1 12 0 0 0 7 0 10 14
2 5 14 1 0 4 0 7 0 0 10 0 13 12 8 0
0 9 0 16 0 7 13 8 0 5 15 6 11 0 14 0
0 0 0 14 0 2 5 0 8 9 12 11 10 0 0 16
15 11 0 4 0 0 6 0 0 0 0 14 5 7 13 8
5 8 10 0 0 14 11 12 13 0 3 0 0 2 4 0
