0 14 0 10 9 0 12 0 0 0 11 4 5 0 7 6
0 0 0 13 2 0 3 0 0 14 0 0 1 16 0 12
3 4 12 1 0 0 11 0 10 16 0 6 9 2 0 0
0 7 2 8 10 16 14 6 0 0 12 0 11 3 0 13
0 3 10 0 0 4 15 9 0 1 6 0 0 0 12 8
6 12 0 2 13 0 7 0 8 10 0 14 3 15 9 0
16 0 0 5 1 3 0 2 12 4 0 0 0 7 0 11
11 0 13 0 6 14 0 12 2 3 9 7 16 10 1 5
2 0 7 9 0 6 16 0 4 13 1 0 12 0 3 10
0 8 3 16 14 12 9 15 0 7 0 2 6 4 11 0
4 0 0 15 11 0 0 1 0 6 0 0 0 0 0 0
0 1 0 6 3 13 4 10 0 9 0 11 0 0 15 0
0 5 6 0 0 10 0 11 0 0 2 3 15 0 16 14
10 2 9 0 0 8 1 0 0 0 7 16 0 12 13 3
1 13 0 3 0 0 0 16 0 0 14 0 8 6 0 0
0 16 15 0 7 2 6 3 0 0 4 0 0 0 5 0
