10 12 6 15 9 0 0 0 7 5 1 11 8 0 0 3
2 7 0 1 5 15 3 10 0 0 6 14 0 0 4 9
4 0 14 0 12 1 8 11 0 3 2 10 13 15 0 0
0 0 0 0 2 0 6 0 0 4 15 16 10 0 5 0
9 2 15 0 3 10 4 0 0 1 0 0 7 0 6 11
6 0 1 8 14 9 0 0 11 16 3 0 0 5 13 0
0 0 7 16 6 8 1 0 0 2 10 5 14 0 0 15
0 14 10 0 0 11 0 13 12 7 9 0 2 1 8 4
7 0 2 0 1 6 0 0 10 13 0 9 0 4 0 8
1 0 13 9 4 0 0 16 6 8 0 2 15 0 12 14
0 8 0 0 0 5 10 7 1 11 0 0 6 3 0 0
16 10 0 6 8 0 2 9 5 15 4 0 11 0 1 13
0 1 0 7 10 2 0 0 0 0 12 0 0 0 0 5
0 0 0 0 15 12 5 0 16 10 8 0 3 6 0 0
0 6 3 0 11 0 0 8 0 9 0 0 1 0 15 12
0 15 5 2 0 13 9 0 0 0 0 0 4 8 0 0
