15 3 16 0 2 1 8 6 11 9 0 10 5 0 4 0
0 0 2 0 3 12 7 15 4 5 16 0 11 1 0 6
1 8 5 4 14 0 0 0 6 2 13 0 7 0 16 0
6 7 11 0 0 13 0 0 3 0 14 15 0 8 0 0
14 0 12 7 16 4 13 0 5 0 8 11 10 0 0 9
11 0 0 5 0 14 6 0 0 0 0 2 15 13 7 0
8 4 13 15 0 0 0 5 9 6 10 0 0 16 14 0
3 0 0 0 15 10 0 0 14 16 4 0 6 0 0 0
13 10 7 8 0 16 9 0 2 11 15 0 3 6 12 1
2 0 6 0 13 0 0 0 0 3 9 5 14 0 8 0
0 0 3 16 7 2 0 1 0 8 6 4 0 9 15 11
4 0 0 0 8 0 3 11 0 0 12 1 0 10 0 0
0 9 15 6 0 11 0 0 8 14 0 0 12 2 10 13
0 12 0 14 10 8 2 9 0 13 11 3 0 0 0 5
0 11 1 0 12 0 0 0 0 4 0 6 0 14 9 0
0 0 8 2 0 0 0 14 12 0 0 9 4 0 0 16
