0 0 11 0 0 13 0 5 14 0 2 9 3 0 0 0
6 4 0 5 14 2 7 1 16 0 3 12 0 0 0 9
0 0 0 0 0 6 3 0 0 4 0 1 0 2 0 0
12 3 0 0 16 10 0 4 0 0 7 6 0 0 0 5
0 0 7 8 0 1 2 15 12 0 4 14 9 5 0 0
0 6 0 3 0 0 16 10 5 8 0 2 12 7 1 13
0 1 5 11 4 12 0 0 10 7 6 13 0 8 16 15
2 12 15 0 0 0 13 0 0 3 9 0 6 0 0 0
4 15 0 12 0 14 6 13 7 0 0 5 10 0 2 0
5 8 16 10 0 0 12 9 2 6 0 3 0 1 7 14
3 0 1 13 2 7 10 16 9 0 8 15 0 6 5 0
0 2 6 0 1 15 5 0 0 0 0 0 13 9 3 0
10 0 12 9 8 0 4 6 0 2 0 7 16 15 13 0
7 0 0 4 13 3 0 0 6 0 0 16 0 10 0 2
1 13 2 0 0 0 11 14 0 0 0 8 0 0 12 0
8 16 3 15 10 0 1 2 0 5 0 0 14 11 0 7
