16 12 14 0 15 0 4 6 0 0 2 3 7 5 1 0
1 4 3 8 0 10 0 0 13 0 11 0 0 2 0 6
0 5 0 7 13 9 3 16 14 0 0 0 8 0 0 15
9 0 0 6 1 2 0 8 0 0 0 0 0 3 10 0
13 2 0 12 0 15 0 11 0 0 0 0 10 7 9 0
6 0 0 10 0 5 2 7 0 0 4 12 0 1 0 11
0 15 5 0 0 16 0 12 0 0 1 0 0 0 0 8
14 16 11 0 0 0 10 0 7 6 0 0 4 0 5 12
15 13 12 0 0 1 6 0 8 2 3 0 11 10 4 0
8 7 9 11 2 3 15 0 1 14 10 16 6 12 0 5
5 3 0 14 16 12 0 10 0 13 15 0 0 8 0 0
0 10 0 2 8 14 9 13 0 7 0 0 3 0 0 0
3 6 16 5 10 0 8 0 12 0 9 14 15 0 0 4
10 14 7 0 11 0 5 2 0 1 16 13 12 0 0 3
0 1 0 0 12 0 14 0 3 15 0 10 5 0 16 7
12 0 13 9 3 6 16 15 0 0 0 4 1 0 0 0
