2 0 12 11 7 9 13 0 16 0 0 0 0 14 15 6
0 0 0 0 2 0 12 0 0 1 0 0 9 4 0 5
0 0 8 0 0 14 6 11 0 0 0 2 13 12 0 3
9 4 3 0 15 0 0 0 0 7 13 0 0 8 1 2
0 0 16 14 4 15 0 2 12 10 9 8 7 13 0 0
0 5 0 2 9 0 8 0 0 0 0 0 3 11 6 10
3 8 9 13 14 10 1 0 15 0 0 5 0 2 0 0
7 0 4 1 16 11 0 0 6 2 3 0 15 9 14 8
0 0 0 9 0 1 7 10 4 5 2 11 0 0 0 0
16 13 0 0 5 3 14 8 0 12 0 10 0 1 9 0
1 12 7 0 6 0 0 16 3 15 8 0 0 0 11 0
5 0 10 3 0 4 0 15 13 9 0 0 6 7 8 0
15 9 0 0 0 5 4 1 11 3 0 0 0 6 13 0
11 7 5 12 8 0 15 14 0 13 10 1 4 16 3 9
0 3 1 0 11 12 0 0 8 6 4 15 0 0 0 7
0 0 6 0 3 7 0 13 5 0 12 9 0 0 0 0
