15 13 16 11 14 4 7 0 6 12 0 0 10 9 0 8
7 0 14 0 11 9 12 0 1 0 0 8 16 0 6 0
0 0 10 9 0 6 0 8 0 0 13 4 0 12 0 0
4 8 6 0 0 16 13 3 0 0 5 11 2 0 1 15
0 14 5 6 4 0 1 9 0 3 0 15 11 10 7 2
9 16 0 2 6 12 14 5 0 0 7 10 0 0 13 1
3 0 7 10 0 11 16 0 5 0 14 1 8 6 12 9
11 0 13 0 0 2 3 0 0 0 9 6 0 15 16 14
8 0 2 0 3 5 0 14 0 1 4 12 15 16 0 0
0 0 4 0 0 1 2 0 0 0 11 0 7 14 3 0
6 0 1 7 0 0 4 16 0 0 0 0 9 11 0 13
0 0 0 3 9 0 6 13 10 8 0 0 1 0 0 12
13 10 0 0 16 0 0 11 0 0 12 2 6 0 15 7
5 6 8 14 12 15 0 7 0 0 0 9 0 0 0 3
2 0 12 15 0 0 9 0 0 0 6 0 0 8 0 16
16 11 3 0 2 0 0 0 15 0 8 7 0 1 9 0
