6 10 12 0 0 4 16 3 0 2 0 11 0 9 0 0
0 16 0 11 0 6 0 0 0 0 0 0 4 0 7 0
0 0 0 13 10 0 12 0 3 4 0 0 0 15 0 16
0 9 4 7 1 11 14 2 0 13 0 0 3 5 6 8
13 4 7 0 0 0 6 0 0 9 2 0 12 14 10 15
5 0 0 14 12 0 9 4 16 0 0 13 6 0 8 7
12 15 6 0 16 2 8 0 14 3 5 0 13 0 0 0
0 1 0 2 15 10 0 14 6 12 7 4 9 0 16 5
16 0 14 0 0 0 3 15 0 7 4 8 0 0 9 2
0 0 15 0 2 16 0 0 13 6 0 5 14 8 0 3
8 12 5 0 0 0 0 1 2 15 0 0 10 11 0 6
10 13 0 0 9 0 5 11 1 0 0 12 0 16 15 4
7 14 9 8 5 12 4 10 11 0 13 15 2 0 3 0
0 5 0 10 14 15 0 6 0 0 1 0 0 13 12 0
0 6 0 0 13 9 1 8 4 5 0 0 0 0 0 10
0 2 13 15 3 0 11 0 9 10 0 0 8 4 0 0
