6 11 13 0 9 0 15 3 12 16 1 14 0 4 7 10
15 0 0 0 7 0 14 0 13 9 11 2 0 1 12 6
8 2 1 0 10 11 0 12 0 0 0 15 3 0 13 0
16 12 0 0 0 0 6 13 5 10 0 0 9 0 0 11
0 0 16 0 6 0 3 11 4 0 0 10 2 0 0 13
0 0 0 0 14 4 13 0 7 8 0 12 10 11 6 9
11 0 6 10 0 0 12 0 0 0 15 0 0 0 4 8
13 9 4 0 0 0 2 0 11 3 14 6 7 5 16 15
5 10 15 0 1 13 0 14 3 0 0 0 0 16 8 12
0 0 0 0 12 3 0 6 0 15 2 16 13 7 5 1
0 7 8 16 11 5 0 0 0 0 0 1 0 0 15 0
1 13 3 0 0 8 16 2 14 5 0 7 11 10 0 4
0 16 0 13 0 9 0 7 15 0 0 11 0 8 0 0
4 0 0 7 0 12 0 10 0 0 3 8 0 0 1 0
0 6 9 0 0 14 8 0 1 12 5 0 15 0 11 7
14 8 0 1 0 0 4 15 0 0 10 13 12 9 0 2
