5 9 0 10 8 0 1 12 0 11 0 14 4 0 15 7
0 0 4 12 9 14 10 5 0 0 0 15 0 0 0 11
1 0 14 16 6 7 15 13 0 0 12 0 5 10 9 8
15 7 0 0 2 4 11 0 1 0 0 10 14 0 12 13
4 16 0 5 3 15 14 0 0 13 11 0 6 0 7 10
8 1 0 0 0 11 13 9 0 0 6 0 0 0 4 2
6 13 15 14 0 0 12 7 9 0 1 0 16 11 8 0
12 2 0 0 10 6 4 1 8 0 0 7 0 9 0 5
0 0 0 0 15 12 0 11 7 0 0 0 0 5 13 14
0 15 0 0 14 16 6 0 13 0 10 0 8 0 11 12
0 12 5 4 13 0 8 0 0 14 0 11 1 0 6 15
14 0 13 0 0 0 0 2 15 12 0 8 0 0 3 16
0 0 0 15 0 0 0 0 0 0 8 6 0 0 0 0
3 4 16 2 0 0 0 0 5 1 0 0 0 0 10 0
0 0 12 13 0 8 16 6 10 7 15 9 0 0 0 1
9 8 7 6 1 10 2 14 11 16 0 13 12 15 5 4
