9 5 0 0 0 0 0 0 11 15 0 10 12 13 4 8
0 15 1 16 0 0 0 11 0 13 0 0 0 0 0 3
12 10 0 11 5 4 9 13 0 0 7 1 0 15 0 2
0 8 2 0 14 0 15 0 0 0 9 5 0 1 0 10
0 0 5 15 13 7 8 4 0 0 6 11 3 14 2 16
0 16 12 4 0 1 0 15 5 0 14 0 0 10 8 6
0 0 0 7 6 0 0 10 0 0 0 13 1 11 5 0
0 3 0 6 0 0 0 0 0 1 0 9 15 0 13 4
5 13 4 0 0 14 0 2 0 0 16 0 11 0 0 1
0 12 16 10 3 11 13 0 4 0 0 14 2 0 0 7
0 11 6 0 0 8 0 0 12 0 10 0 0 0 16 14
7 1 0 0 15 0 0 6 13 9 0 3 8 4 10 5
14 6 0 8 12 15 4 3 1 0 0 16 0 0 7 11
16 0 15 0 1 0 11 8 2 14 0 4 10 12 6 0
0 2 10 1 0 6 5 0 9 8 12 15 0 0 3 13
0 4 13 12 9 2 0 16 7 11 0 0 14 8 0 15
