10 0 7 0 2 0 0 16 0 0 0 0 5 9 0 0
8 6 1 0 0 3 11 4 0 12 10 0 14 13 15 0
5 0 12 14 8 9 0 6 11 2 0 3 0 10 0 16
2 0 16 0 1 5 10 15 9 7 6 0 0 3 8 4
0 8 6 16 14 7 0 9 12 13 0 0 0 5 2 10
13 5 0 0 0 0 0 0 0 0 0 0 6 16 9 15
0 2 11 7 6 1 0 0 0 15 16 5 13 0 0 8
3 0 15 0 5 0 0 0 2 0 0 6 1 11 0 0
6 0 8 5 9 16 0 13 15 0 14 12 4 2 3 7
0 0 0 15 10 0 5 0 0 1 2 8 9 0 0 0
16 0 14 0 0 15 0 11 0 10 0 9 0 1 0 6
12 0 9 0 0 0 0 14 13 0 3 7 16 15 10 5
4 16 2 6 0 0 9 0 0 14 12 10 0 7 5 1
14 0 5 8 0 2 6 0 0 16 4 11 10 0 13 3
0 12 0 1 0 10 3 7 0 0 9 0 0 0 4 0
15 7 0 0 0 14 0 0 1 0 13 0 11 6 16 9
