13 0 0 15 14 9 12 5 16 0 0 0 0 0 10 3
16 5 0 2 0 0 6 15 0 4 13 14 9 0 8 11
7 14 12 0 16 2 0 8 0 10 3 9 0 13 1 0
0 10 0 0 13 3 4 0 0 15 11 1 14 2 0 0
2 13 4 0 3 6 16 0 8 12 1 15 11 0 14 9
10 3 0 12 0 0 9 14 0 11 5 6 1 4 7 0
9 0 5 0 11 0 13 0 0 0 0 4 15 12 6 0
0 6 0 0 12 0 0 0 7 0 2 0 10 0 3 13
0 4 14 0 7 15 2 0 0 8 16 0 0 10 0 5
12 0 7 0 5 0 10 0 3 0 0 13 6 16 0 0
1 9 0 5 6 0 8 16 0 2 7 0 13 0 0 4
15 11 16 3 9 0 1 13 0 0 0 10 0 14 0 0
5 0 13 10 8 0 7 12 0 6 15 0 2 0 0 14
0 7 2 0 0 16 0 0 0 1 12 5 0 0 0 10
14 0 0 1 15 0 0 9 0 13 4 8 0 11 0 0
0 15 8 11 1 0 0 2 14 16 0 7 3 0 0 6
