0 0 0 1 0 6 11 0 0 5 0 0 0 8 2 7
8 0 0 0 15 14 5 0 7 11 0 12 0 10 0 3
6 14 7 0 8 0 0 0 0 0 9 0 15 11 0 13
0 15 0 5 0 0 13 16 6 0 0 0 1 0 4 9
0 0 0 16 0 3 0 4 8 0 14 0 10 13 15 0
13 0 2 3 0 9 8 0 5 4 11 0 12 0 7 16
0 8 10 14 0 0 0 13 16 0 3 6 9 4 0 0
15 0 6 4 11 10 16 12 1 0 13 0 3 5 14 0
0 2 15 0 9 13 10 0 0 8 16 1 0 0 3 0
7 0 13 6 4 0 3 0 9 10 15 14 0 2 8 0
9 3 4 8 12 15 7 6 2 13 5 11 16 14 0 10
5 10 1 12 0 0 14 8 0 0 0 4 0 0 0 0
1 6 12 0 0 0 0 14 0 3 7 2 0 16 10 0
0 0 14 0 1 4 0 2 15 6 10 0 8 3 9 5
4 13 0 0 0 16 0 0 11 9 12 5 0 1 0 0
0 5 0 0 13 11 6 10 14 0 1 8 0 0 0 0
