14 11 0 4 0 10 0 0 6 0 15 9 0 2 8 0
0 2 0 15 7 0 0 0 13 0 10 0 0 12 4 6
0 8 0 0 4 6 9 3 0 11 1 2 0 15 0 10
12 10 0 3 15 0 8 1 7 0 14 16 11 0 5 9
0 5 0 0 11 13 1 0 0 15 0 0 3 4 2 12
0 13 0 11 0 16 2 5 0 0 6 0 0 8 0 7
2 0 12 1 14 0 3 8 9 13 0 4 10 16 6 11
0 0 8 0 0 15 12 4 11 10 2 3 0 14 1 13
7 0 5 13 8 0 0 0 0 16 4 0 9 0 14 0
11 1 9 2 0 14 4 15 0 12 13 0 7 0 0 0
0 4 16 0 3 0 5 7 1 0 0 14 0 0 13 15
8 3 15 14 1 0 0 13 0 0 0 6 4 10 12 0
4 14 3 5 0 8 0 10 0 0 0 1 13 0 11 16
15 7 0 6 0 0 0 12 4 9 0 0 2 0 0 0
0 0 0 8 0 0 6 0 0 0 7 5 12 1 0 4
0 16 0 0 5 0 15 9 0 0 3 13 6 0 10 14
