0 0 0 0 11 0 0 2 0 0 7 4 0 0 0 10
0 1 2 0 14 10 7 0 0 0 12 0 15 11 3 6
10 0 6 7 0 0 15 12 1 14 0 11 5 0 8 2
9 11 8 0 1 5 0 3 0 0 0 2 14 0 0 4
1 2 0 10 15 0 4 0 12 7 3 0 11 14 0 0
0 8 16 11 5 14 0 7 15 13 4 1 2 0 6 9
7 6 4 5 16 2 0 13 8 9 10 0 0 0 0 15
0 14 3 0 0 1 9 0 0 0 0 6 7 8 4 0
2 12 13 0 0 11 14 0 0 15 1 0 0 0 10 0
0 16 5 0 0 9 0 0 0 0 11 13 0 0 15 0
0 0 1 9 0 0 0 0 14 2 0 0 0 0 0 0
4 0 10 0 0 13 1 5 3 16 8 12 0 0 11 7
13 10 0 1 0 0 16 0 0 0 2 7 8 3 0 11
14 9 15 0 0 6 2 1 11 12 13 0 0 4 7 5
8 0 11 2 0 7 5 14 0 0 16 0 6 13 0 12
0 5 7 3 10 12 13 11 0 0 14 9 16 15 2 1
