0 0 0 0 0 6 0 3 15 11 0 7 0 0 5 0
15 9 2 5 7 0 0 13 0 0 14 12 0 3 6 0
4 6 10 0 15 11 0 2 0 9 0 3 8 1 14 0
0 3 13 11 8 0 9 14 0 1 4 0 0 15 16 0
0 0 6 0 0 0 5 0 0 0 0 14 11 16 9 10
3 5 7 16 0 0 0 10 0 0 6 11 4 0 0 2
10 0 4 12 9 7 2 0 0 13 0 0 14 8 0 6
9 11 14 0 0 3 0 1 0 0 8 4 5 12 7 0
16 0 15 2 4 9 0 0 10 0 0 0 0 0 0 8
7 0 3 6 0 1 13 15 8 14 11 9 0 4 12 5
1 0 0 9 5 0 12 8 3 4 7 15 0 10 0 14
8 4 0 0 11 0 3 0 12 16 0 2 1 0 15 0
0 16 12 0 1 2 4 5 11 6 0 0 7 0 10 3
0 2 8 0 0 0 11 9 14 7 15 0 12 0 4 0
11 0 1 0 0 14 15 0 5 0 10 13 9 0 0 16
0 14 0 10 3 0 7 0 0 2 12 1 0 0 11 0
