13 9 0 0 7 0 0 11 16 0 2 0 4 0 15 5
15 0 0 0 10 3 0 0 1 0 4 0 14 2 8 13
16 0 10 0 12 14 2 13 8 0 0 0 9 11 7 0
0 0 0 6 4 9 0 0 0 0 0 13 16 10 12 3
7 15 1 16 9 6 0 12 0 8 11 2 0 5 14 4
0 11 3 0 16 10 15 0 0 0 7 0 13 1 9 0
0 0 6 0 8 2 0 0 10 0 15 1 0 0 11 0
10 0 5 13 11 0 1 3 9 0 0 14 8 0 6 7
0 0 9 0 0 15 14 0 5 0 10 8 0 0 13 16
0 16 13 11 5 12 9 0 7 1 0 15 0 0 10 8
5 0 14 15 0 13 10 8 4 0 12 16 0 9 3 11
0 0 4 0 0 16 11 7 0 14 13 0 0 0 5 15
14 10 15 2 0 0 0 16 0 0 8 11 5 3 0 0
11 0 0 0 14 0 0 0 15 2 0 7 12 13 16 0
0 0 16 0 0 8 0 0 0 3 6 5 11 0 0 10
0 5 7 0 1 11 0 0 13 16 9 10 0 8 4 14
