0 0 13 0 5 0 0 8 9 6 7 1 0 2 0 0
8 5 6 3 12 16 13 0 0 0 11 2 0 10 14 0
0 0 11 0 0 6 4 10 0 16 0 8 7 13 3 5
0 0 0 0 0 2 11 9 0 5 0 3 4 16 0 0
13 11 0 12 0 1 0 3 0 0 0 0 15 14 8 0
15 16 0 7 0 9 0 4 3 12 0 13 6 5 1 11
0 3 0 0 0 5 12 13 14 1 16 15 2 7 10 0
5 0 0 4 14 7 0 15 6 0 0 0 0 0 9 0
9 6 0 0 8 4 0 12 1 13 3 0 0 0 7 0
14 8 0 10 2 0 0 5 0 7 15 6 16 0 0 12
12 7 3 1 0 13 0 0 0 10 9 0 5 0 15 0
16 13 0 0 0 0 0 6 0 14 0 0 9 4 0 3
0 0 0 5 13 0 7 14 16 3 6 9 12 0 11 1
7 15 12 9 0 0 6 16 10 0 0 14 0 3 5 2
11 0 0 6 0 12 10 2 0 15 13 0 0 0 4 14
3 0 8 13 0 0 5 0 4 2 12 0 10 6 0 7
