0 8 0 15 14 0 10 12 0 1 0 11 3 0 0 2
13 11 0 14 0 7 0 2 10 0 0 12 1 0 15 16
0 2 3 0 6 5 13 0 15 14 8 16 10 7 0 0
0 7 10 0 16 3 11 0 0 0 9 0 0 0 4 8
2 0 0 10 7 1 14 4 16 13 6 0 11 0 0 0
0 3 14 11 0 0 12 6 9 0 0 0 15 2 0 1
8 0 0 0 3 0 9 11 14 5 0 1 0 10 7 6
0 0 0 1 10 0 0 0 11 7 0 3 0 14 13 0
0 0 4 0 0 15 6 16 0 11 3 0 9 8 0 14
3 16 0 6 11 10 5 7 0 0 0 0 0 4 12 0
0 0 11 7 8 0 0 13 5 2 0 0 0 0 10 0
14 0 13 8 4 0 2 3 0 10 15 0 0 11 0 0
11 14 0 0 2 0 0 10 3 8 5 9 13 15 0 4
6 0 0 0 1 13 0 9 0 15 0 10 8 16 0 0
0 4 0 9 5 11 16 14 0 0 13 2 7 1 3 10
10 13 2 0 0 6 4 8 1 16 0 7 0 9 0 5
