16 13 9 0 0 0 3 14 0 0 0 7 5 0 2 6
0 0 4 0 0 12 5 11 10 0 8 9 3 16 0 13
3 0 0 0 0 16 0 0 6 12 0 1 10 0 9 0
0 0 0 0 4 7 0 0 16 0 0 13 15 11 12 14
7 1 10 2 12 0 16 5 4 14 0 8 0 0 15 0
5 14 0 0 0 11 0 1 0 0 0 0 2 12 0 4
11 9 3 0 0 15 0 4 12 5 0 16 14 10 7 1
13 0 0 0 2 14 0 3 0 0 7 0 0 0 0 9
15 0 0 0 5 13 0 8 9 0 6 14 4 7 16 0
0 10 0 0 0 0 0 6 13 1 3 0 0 15 0 5
0 0 0 14 0 4 12 15 7 0 11 0 6 9 10 2
12 7 6 5 11 9 14 10 2 4 0 15 1 13 0 8
0 0 14 0 1 10 6 0 0 0 15 2 12 5 13 0
10 11 16 0 0 5 0 13 0 7 0 0 9 2 6 15
9 6 0 13 0 0 2 12 5 16 0 4 8 14 11 10
0 0 0 0 9 8 0 16 14 13 10 6 0 0 4 0
