12 0 0 16 0 0 0 15 0 14 10 0 13 0 11 7
0 4 0 2 13 0 0 5 12 0 0 0 0 15 0 14
13 14 0 7 16 0 0 11 9 1 6 15 0 0 0 3
3 6 15 11 14 7 0 0 16 13 0 0 0 1 0 0
15 10 5 9 8 11 4 0 0 0 0 12 7 16 14 1
11 12 0 0 3 0 0 0 0 9 15 16 10 0 0 8
0 3 0 8 15 5 14 0 11 10 7 1 4 13 0 9
7 0 0 0 12 10 0 16 0 4 14 0 5 11 0 15
4 9 11 0 0 3 0 0 1 0 0 0 14 0 0 10
0 7 0 10 5 4 11 8 0 16 3 13 12 0 0 0
0 16 3 12 1 15 2 7 0 11 4 0 0 0 13 6
0 0 13 0 0 0 0 9 0 0 12 6 0 3 1 4
5 2 4 13 11 8 0 0 15 0 1 0 3 10 9 16
16 0 7 3 4 0 0 0 13 8 0 0 0 0 2 5
0 1 9 0 0 16 12 0 0 3 5 10 0 0 4 0
10 15 12 14 9 2 5 3 0 6 0 11 1 8 0 0
