0 13 16 4 14 8 2 1 0 12 0 7 0 6 10 0
8 1 0 11 5 10 0 7 0 0 0 16 0 12 0 0
15 0 10 0 16 9 6 0 14 3 1 0 7 11 8 2
7 0 14 0 3 13 12 11 5 0 0 0 0 0 9 0
14 15 0 0 0 6 0 0 0 0 11 5 10 4 3 0
11 0 4 10 1 12 0 0 13 0 0 14 16 0 7 9
13 16 3 7 15 0 10 14 12 0 6 0 5 2 0 0
0 9 8 0 13 0 11 0 0 16 15 0 1 14 6 12
16 12 11 5 8 0 0 13 0 14 7 0 0 10 0 0
4 14 0 15 0 16 5 0 0 0 2 1 3 0 0 0
2 0 13 0 6 11 1 15 10 5 16 12 0 7 0 14
10 7 1 0 12 14 3 0 0 0 13 0 2 0 0 0
9 11 7 0 0 0 0 0 0 15 12 6 13 0 0 10
12 0 15 13 2 3 0 8 0 0 0 11 6 0 14 7
1 0 5 0 0 15 7 6 0 13 10 2 0 9 0 0
6 0 0 16 0 1 0 12 0 0 14 0 11 3 0 15
