0 0 0 0 13 11 0 0 14 0 0 0 7 12 15 0
14 0 7 0 12 9 0 8 0 0 3 10 0 0 0 2
0 11 0 3 10 14 2 0 16 15 0 7 4 13 9 8
0 0 10 4 7 16 15 6 0 5 13 12 11 14 0 0
9 0 0 0 14 10 16 0 0 6 15 5 3 0 0 0
0 10 6 11 8 2 0 9 0 14 7 0 0 1 12 0
16 7 13 0 5 3 6 15 1 0 12 9 0 0 0 4
3 12 0 0 0 0 0 0 8 0 2 0 14 9 0 6
13 3 1 2 16 6 0 14 15 4 0 8 12 7 0 9
10 0 14 16 0 0 12 7 6 2 0 0 13 0 0 15
0 6 11 8 0 0 5 10 7 0 0 0 0 2 3 16
15 4 5 7 0 13 0 2 0 0 0 3 0 6 0 14
11 1 2 0 0 4 14 3 5 0 0 0 16 0 7 13
8 0 0 0 2 1 0 16 12 0 14 15 5 0 0 11
5 16 0 0 9 12 8 0 2 7 0 0 0 0 0 1
7 0 0 0 6 5 10 0 13 16 8 1 9 3 0 0
