0 0 13 12 0 0 0 4 0 11 3 0 0 0 7 0
0 2 15 8 0 0 0 0 5 6 4 0 10 3 14 9
14 0 9 0 0 0 5 15 16 7 0 1 8 0 2 0
10 0 1 0 0 0 13 14 9 0 0 8 12 5 11 4
0 16 0 14 12 0 0 0 0 0 1 7 6 0 10 0
0 10 0 0 0 11 0 5 0 0 0 6 0 4 15 12
3 9 0 15 10 2 1 0 0 8 16 12 0 0 13 5
0 0 0 0 13 0 14 8 15 10 5 2 3 9 0 16
0 0 16 0 2 9 12 13 0 3 8 10 7 11 6 14
0 8 3 10 14 0 16 0 2 13 0 0 4 1 0 0
0 0 6 9 15 7 0 3 12 14 11 16 13 0 0 8
12 13 14 0 0 0 10 0 4 5 0 0 9 0 16 3
0 14 0 0 0 13 6 16 0 1 0 3 0 0 8 11
1 0 8 16 5 14 0 10 13 12 0 0 2 6 0 0
6 3 10 7 0 1 9 12 8 2 0 0 16 0 4 0
15 0 0 13 7 3 8 2 0 0 14 0 1 0 9 10
