12 5 3 0 15 0 13 1 4 2 16 0 14 0 0 9
9 7 13 0 6 0 11 5 0 8 15 12 16 0 0 4
0 11 2 0 0 10 3 4 0 13 1 14 5 12 0 15
0 4 15 8 0 2 0 9 0 11 0 0 0 0 0 6
1 16 8 0 9 0 2 11 0 12 0 10 15 4 0 13
3 0 5 0 0 0 8 10 15 1 0 4 2 9 11 7
15 0 9 2 0 4 0 3 8 7 0 0 12 5 14 10
10 12 0 4 0 0 15 13 2 5 6 9 3 0 16 0
7 15 10 5 13 12 9 0 0 0 8 0 0 0 1 0
0 0 0 12 3 1 4 14 13 0 0 15 10 7 5 0
2 8 1 0 11 0 0 7 0 4 0 0 0 6 0 3
13 9 0 3 5 6 16 8 0 0 14 0 11 2 0 0
0 1 0 0 0 3 7 0 0 15 9 0 0 10 0 16
0 0 12 11 0 9 0 15 0 3 0 0 0 0 4 5
8 0 0 0 4 0 5 0 1 0 0 0 6 0 9 11
5 10 0 9 8 11 1 0 12 0 0 0 0 15 0 0
