5 0 6 15 0 8 0 0 11 0 1 0 16 0 0 9
3 2 1 13 14 9 6 0 7 10 0 0 8 5 0 15
4 14 0 0 7 16 12 0 9 0 3 15 13 11 0 0
0 0 0 0 5 0 0 0 8 6 4 0 14 1 0 12
0 15 0 16 3 0 0 0 13 2 14 10 11 0 0 6
8 7 10 14 2 11 0 4 0 0 5 0 12 0 1 0
2 5 0 6 10 0 13 9 1 11 0 12 0 4 0 7
1 0 12 0 0 6 0 16 0 0 15 7 3 0 0 10
16 10 13 0 0 15 0 5 3 7 6 0 1 14 2 0
0 9 0 8 0 3 16 6 0 0 10 0 0 12 0 11
6 0 0 1 0 4 0 10 16 13 2 0 0 3 9 8
7 4 5 0 0 2 0 0 0 0 9 11 0 6 0 0
0 0 16 2 0 0 0 0 14 8 0 9 0 7 12 0
15 1 0 5 11 0 0 14 0 12 0 6 2 16 0 3
0 0 11 7 0 0 8 2 0 4 16 5 0 13 10 14
10 8 14 0 16 0 0 12 2 0 13 1 6 15 11 5
