0 10 16 0 0 14 0 8 11 0 15 2 6 4 0 3
12 0 4 0 0 2 0 0 0 16 0 10 0 9 13 0
2 5 0 15 7 0 9 4 0 13 8 6 16 0 11 10
9 11 0 3 0 6 0 1 12 0 4 0 8 0 14 0
13 7 0 10 0 15 0 6 14 1 5 11 0 16 3 0
16 12 1 0 0 7 0 9 0 3 2 0 10 8 0 11
14 9 3 0 0 0 0 13 16 12 10 15 7 0 0 2
0 0 6 0 10 0 0 0 0 0 9 4 13 0 0 0
8 14 12 13 0 4 0 16 10 0 1 5 15 0 2 9
11 0 10 0 9 0 7 14 0 2 13 12 0 5 8 16
0 16 15 7 0 5 13 2 9 0 11 0 0 0 1 6
0 1 2 9 0 8 11 0 4 0 0 0 14 12 7 0
4 0 0 16 14 9 6 0 13 0 12 0 2 7 0 0
0 8 9 2 3 10 0 0 5 0 0 16 12 13 0 0
0 0 5 0 0 16 1 0 0 0 0 14 0 15 9 0
10 0 7 0 0 13 12 0 0 0 6 9 1 3 16 5
