10 3 16 0 9 14 0 0 0 4 12 11 0 0 0 0
0 5 12 4 16 0 10 0 1 7 0 0 0 9 3 14
0 0 7 11 6 15 8 0 2 0 13 0 10 0 4 0
0 13 15 1 0 4 0 12 0 0 16 9 11 0 2 0
16 0 0 12 11 0 14 15 0 0 2 0 0 0 0 0
0 0 14 7 0 12 9 10 16 0 6 8 1 0 13 3
2 9 1 0 8 6 16 0 4 0 7 0 0 0 14 0
13 4 10 15 2 1 0 5 9 14 11 12 0 0 0 8
0 0 9 16 0 0 11 0 0 0 0 7 6 10 0 1
11 12 5 0 10 9 2 4 0 0 0 13 14 3 16 0
15 6 3 0 0 8 0 0 5 2 10 4 9 11 12 0
0 1 13 10 5 0 12 0 0 0 0 14 4 8 15 2
14 16 4 5 0 2 1 11 7 0 15 6 3 0 10 9
3 0 11 13 7 0 0 0 12 9 5 1 2 0 0 0
12 15 2 9 13 5 0 3 0 0 0 0 0 0 8 4
0 0 0 0 0 10 0 9 3 13 4 0 0 0 0 16
