10 0 9 0 0 8 2 0 0 0 0 11 16 5 0 12
0 2 0 5 15 0 1 11 16 0 0 4 14 10 0 6
11 1 6 0 0 0 14 16 0 5 15 10 0 2 13 8
16 12 15 14 6 10 5 9 2 0 3 13 7 1 4 11
0 8 0 15 0 0 0 0 13 0 0 1 6 0 0 4
1 0 11 0 7 3 15 8 0 14 0 0 0 0 0 0
6 9 5 0 0 0 0 10 15 2 11 0 8 13 1 0
14 7 0 2 0 0 0 0 0 0 0 0 0 0 9 0
8 0 0 1 10 4 0 0 9 0 14 15 11 0 5 2
15 11 16 13 0 14 9 6 3 1 12 2 4 7 0 0
9 14 0 6 0 2 0 1 5 4 0 0 13 0 12 0
4 0 0 0 12 0 3 15 0 11 6 8 1 0 14 9
5 6 0 0 13 1 10 0 11 15 2 14 3 0 16 7
7 15 0 12 0 0 0 14 0 16 0 0 0 0 2 13
3 16 13 0 0 9 4 0 1 0 0 6 12 15 11 14
2 10 14 0 16 0 7 0 0 0 13 0 0 4 0 0
