9 11 3 2 0 14 13 8 0 12 6 7 0 1 4 5
13 6 8 0 10 7 0 3 4 9 0 0 0 14 0 16
0 0 0 5 4 0 12 0 0 2 3 8 9 11 0 13
0 0 0 12 11 6 0 0 5 0 13 14 0 0 3 7
5 16 9 4 0 10 6 0 0 0 0 3 7 13 0 0
10 12 2 0 14 3 0 9 7 1 16 0 6 8 0 15
7 3 0 8 0 0 11 16 0 0 15 0 1 10 2 0
0 0 0 11 7 8 0 12 10 13 14 0 16 0 0 3
2 5 0 14 12 0 8 0 1 0 0 0 11 3 16 0
0 9 12 0 0 0 15 7 14 0 4 11 5 6 10 0
15 4 13 0 0 0 0 11 0 5 0 16 0 0 8 14
6 8 11 0 16 0 14 5 0 7 0 12 13 0 15 0
8 0 16 3 0 0 7 0 11 0 1 0 0 12 0 0
0 14 15 7 0 0 0 0 9 0 5 0 3 0 0 11
11 0 1 0 6 15 0 13 0 0 12 4 14 0 0 0
0 10 5 6 0 11 3 14 0 16 7 15 4 2 1 0
