4 0 9 8 0 3 0 14 0 0 2 0 10 12 0 7
5 0 1 0 0 6 12 2 0 13 0 10 0 0 3 0
14 0 16 3 0 1 10 0 5 9 11 12 0 0 4 0
6 10 2 12 16 4 11 0 7 15 3 8 1 0 14 0
0 14 0 6 0 15 0 16 10 2 0 11 9 0 5 4
1 4 0 15 11 14 7 12 0 5 6 0 0 0 0 0
0 8 11 2 0 0 0 10 3 0 0 16 14 0 0 0
3 5 0 16 0 9 0 4 0 0 7 0 11 0 6 0
0 2 0 11 0 12 0 3 16 8 5 4 0 10 0 0
16 9 0 4 0 0 0 7 2 0 0 1 8 13 0 12
8 0 0 0 10 0 4 13 0 6 15 7 5 14 0 2
0 0 5 10 2 0 1 6 0 12 0 0 0 3 16 11
12 0 4 13 0 7 15 5 14 11 8 2 0 0 10 1
11 1 7 14 4 13 0 0 0 10 0 5 12 0 0 9
10 3 0 9 0 2 14 0 0 7 0 0 16 11 8 0
0 0 0 5 12 10 0 11 0 1 9 3 13 0 0 0
