0 5 0 0 0 15 0 3 6 13 9 11 0 1 0 0
0 1 0 9 11 8 4 2 10 0 3 0 5 7 14 0
11 7 0 3 10 5 0 13 14 0 0 1 0 15 6 8
13 0 0 2 6 16 0 12 0 0 5 0 9 0 11 3
16 4 0 10 7 6 0 0 0 0 13 3 11 2 0 9
0 2 0 6 0 10 3 11 4 9 15 12 0 0 7 0
9 12 0 13 2 4 15 1 11 0 14 5 0 0 8 0
1 11 0 0 0 0 16 0 0 6 0 2 13 0 4 15
0 0 9 0 15 0 6 16 3 11 1 0 14 5 10 0
14 3 11 0 8 12 13 0 5 0 0 6 0 16 15 0
12 0 0 0 1 11 0 0 0 14 0 7 8 0 3 4
7 10 5 15 3 14 0 4 9 0 16 0 1 11 13 6
0 14 0 12 0 2 0 10 13 0 11 15 7 8 0 16
8 0 1 11 0 0 14 6 2 0 0 10 0 0 0 5
0 0 2 5 0 0 0 0 0 0 8 0 0 6 1 14
10 0 0 7 16 0 0 15 12 5 0 14 0 0 0 0
