1 0 6 15 9 16 2 0 4 3 11 14 8 5 12 0
8 9 14 11 0 0 13 3 5 12 2 7 1 0 0 0
0 7 3 0 0 0 0 0 15 8 16 0 0 13 6 0
0 0 16 10 5 14 15 0 6 9 13 1 0 3 0 7
10 0 0 3 0 0 16 15 0 1 5 4 0 8 0 11
0 15 1 12 8 3 5 6 0 0 0 0 4 0 7 0
0 0 0 7 0 0 0 9 0 13 0 12 0 6 5 14
0 5 0 8 0 0 7 13 0 0 15 16 0 2 1 0
5 12 0 4 7 13 0 16 0 15 1 0 9 14 0 0
0 0 9 0 3 12 14 10 2 4 8 0 0 7 15 6
0 3 0 13 0 5 0 0 0 11 6 9 0 10 4 0
0 0 0 0 11 8 9 4 0 0 0 0 3 0 0 2
0 8 12 1 2 0 0 14 0 5 4 0 7 0 10 16
4 0 0 2 0 9 3 0 1 16 0 11 13 12 8 15
3 0 5 9 0 0 8 0 13 2 0 0 0 4 14 0
6 0 15 14 0 7 0 1 12 10 9 8 2 0 0 5
