7 11 5 0 16 12 0 4 0 3 0 0 0 0 0 0
0 0 0 0 11 5 14 0 0 10 16 0 12 8 0 9
16 0 0 14 0 10 13 0 5 0 12 0 6 0 4 3
3 6 12 8 0 0 0 0 15 13 11 4 0 16 10 0
15 1 0 12 13 6 2 0 0 5 14 3 9 0 16 11
11 0 16 0 9 8 12 0 10 0 15 6 0 0 0 14
0 0 0 2 0 4 0 5 0 0 0 16 8 12 0 7
6 5 14 13 7 11 3 16 12 0 8 0 2 10 15 0
9 10 0 0 0 0 0 14 0 0 6 5 1 13 0 12
0 2 3 6 0 0 0 0 0 15 1 0 16 7 8 4
12 0 0 1 0 3 11 0 13 0 4 8 10 5 0 2
0 0 0 0 10 0 0 0 14 7 3 0 11 15 0 6
0 14 1 0 12 0 0 9 0 0 0 0 15 2 5 8
8 12 11 0 3 2 7 13 16 0 5 15 4 6 1 10
2 0 6 0 0 0 5 11 3 0 10 0 7 0 12 0
5 4 0 7 0 0 8 6 9 12 2 0 3 0 11 16
