12 0 8 9 2 3 5 0 0 0 0 0 7 6 0 0
7 0 4 0 6 0 16 0 8 5 2 15 1 3 0 0
5 15 0 11 8 0 10 7 0 0 0 0 16 2 13 14
6 0 0 0 13 0 12 0 7 0 14 0 4 8 5 0
0 0 13 15 16 6 0 12 3 14 9 7 10 4 11 5
9 6 5 3 1 15 14 0 0 10 4 0 0 7 8 0
0 16 0 14 10 0 7 0 13 0 0 5 0 0 15 3
11 4 10 0 0 0 2 3 0 15 0 0 0 0 6 9
14 0 0 0 12 0 11 5 16 4 0 9 0 13 2 0
0 5 11 0 3 7 15 0 0 2 13 0 14 9 0 6
0 10 0 13 14 8 4 2 0 7 6 0 11 0 0 1
0 0 0 4 0 0 13 6 0 0 12 0 15 5 7 10
13 9 0 0 4 0 3 0 0 11 10 0 8 15 0 7
2 11 6 1 0 12 9 8 4 0 0 14 5 10 3 13
0 7 15 8 0 0 0 13 9 3 0 0 0 0 12 0
0 12 3 16 0 5 0 10 0 8 0 0 9 0 0 2
