0 0 11 10 8 2 13 15 0 1 0 0 3 0 16 9
13 0 0 9 0 1 11 16 0 0 4 7 0 0 0 0
0 12 8 0 10 9 5 7 0 0 0 0 0 0 14 1
0 16 0 0 3 14 4 6 11 5 9 0 10 0 0 12
0 0 0 4 0 0 0 0 1 0 0 0 0 14 5 0
3 0 13 1 6 5 0 9 8 15 16 0 12 10 7 11
0 14 0 11 2 0 12 4 7 3 0 6 0 8 1 13
12 0 0 0 1 8 0 0 0 0 2 0 4 3 6 0
8 11 0 0 0 4 0 0 2 6 14 1 5 0 15 10
2 15 12 0 14 10 1 5 0 0 13 3 7 6 9 8
0 0 4 0 11 6 0 12 0 0 7 15 2 0 3 16
0 0 0 0 0 3 15 2 16 10 8 12 0 1 11 4
14 0 0 12 0 0 2 0 9 8 0 16 0 15 0 5
0 6 0 8 0 12 0 14 15 0 0 10 13 11 2 7
0 10 0 13 15 0 3 0 6 0 12 5 1 9 0 0
0 0 5 15 0 11 6 10 13 0 1 2 8 16 0 3
