0 9 7 0 0 0 0 13 0 0 2 16 0 0 14 0
4 0 15 2 6 9 0 16 0 8 11 0 1 0 0 7
11 0 8 0 7 14 0 0 0 0 0 12 4 5 6 0
0 0 0 0 0 0 12 11 4 6 9 7 16 15 2 0
5 10 16 12 0 0 3 1 9 7 13 11 0 14 8 6
9 2 1 13 0 0 8 0 16 5 4 3 0 11 0 12
8 0 11 15 13 0 7 9 0 10 12 0 2 3 5 4
3 4 0 7 11 0 10 5 15 0 8 14 13 9 0 0
14 0 0 0 0 5 13 10 8 0 1 2 0 0 0 3
0 7 13 16 12 0 0 3 11 14 0 0 0 6 4 0
2 5 9 1 8 7 16 0 0 3 0 4 0 0 0 13
12 0 3 8 0 6 11 0 7 9 16 0 14 0 10 0
0 0 12 14 16 0 2 7 1 0 0 0 0 0 13 8
13 6 0 0 5 3 14 0 0 16 10 0 0 4 0 0
0 1 0 11 0 4 6 0 3 13 7 15 0 0 0 0
0 8 5 4 10 0 0 0 2 0 0 6 3 0 9 15
