2 16 5 0 1 0 3 8 0 4 13 15 9 12 0 0
0 0 0 15 0 14 4 0 0 0 7 6 0 0 2 16
8 0 0 0 7 9 5 16 0 1 0 0 0 0 15 0
0 10 9 7 13 0 2 0 5 16 8 12 14 0 6 0
0 0 16 0 0 0 6 14 12 8 15 3 13 0 1 0
0 0 3 14 2 0 0 5 1 0 10 0 0 6 4 0
1 6 0 2 15 0 0 3 11 13 5 14 8 0 0 7
12 0 0 13 16 0 1 0 6 0 4 0 0 0 0 9
0 3 0 5 0 1 7 6 0 15 0 13 0 10 16 0
0 1 7 0 0 5 0 4 2 12 0 0 6 0 8 13
13 14 0 4 0 15 0 11 0 0 6 0 2 1 0 3
0 0 6 0 9 0 10 13 16 0 1 4 7 14 5 0
14 4 11 0 0 10 15 9 13 0 0 0 1 7 0 8
16 5 0 1 11 3 13 7 4 6 9 8 0 0 0 0
0 7 13 3 5 4 8 2 10 14 12 1 0 0 11 6
6 2 8 0 0 16 0 1 15 0 0 0 0 4 0 5
