3 0 10 0 5 8 1 7 9 0 16 6 0 4 13 0
4 0 9 8 6 0 0 14 0 5 1 0 0 0 0 0
11 0 1 0 15 4 0 10 0 14 0 0 5 0 9 16
5 7 12 13 2 16 3 0 11 0 15 4 14 0 8 1
0 14 15 10 4 0 0 0 1 13 0 9 0 16 3 0
16 0 2 11 0 0 0 0 0 6 14 0 0 9 0 0
8 3 4 7 0 6 9 2 12 16 5 0 10 1 0 13
0 0 0 0 3 15 16 12 0 4 10 11 6 0 0 8
15 0 14 1 7 0 0 0 16 2 4 5 8 0 0 6
0 8 7 9 0 14 15 5 0 3 0 0 0 0 0 4
13 0 0 16 0 12 2 0 14 8 0 1 0 0 0 0
2 0 0 12 0 13 6 0 10 0 11 7 0 0 14 9
0 0 0 0 13 7 14 8 15 0 6 0 4 0 16 10
0 13 8 0 10 3 0 0 0 0 0 0 1 7 6 12
7 0 16 3 12 1 0 6 4 0 13 14 9 0 2 15
12 1 0 15 9 0 0 16 0 7 3 10 0 11 5 0
