1 13 14 0 0 5 0 9 0 0 0 3 2 15 16 4
0 0 0 0 16 0 3 0 5 11 1 14 8 7 0 0
0 12 16 0 15 1 13 8 7 10 2 0 14 0 11 9
4 0 0 0 0 12 0 0 0 9 13 15 5 10 0 0
0 5 8 1 7 0 0 0 0 0 0 0 15 13 0 12
0 0 7 13 8 2 0 5 12 0 0 6 0 14 0 16
9 15 6 10 3 13 12 16 0 0 11 7 0 0 1 8
12 16 11 0 14 0 1 0 0 8 0 10 6 3 5 7
0 0 1 6 12 14 2 10 15 4 0 0 7 0 13 0
0 7 0 4 0 0 0 0 9 14 5 0 0 12 8 0
0 0 5 12 9 11 4 0 0 7 3 2 1 0 6 15
16 10 0 0 0 8 15 7 0 0 0 1 3 4 2 0
0 0 10 16 0 0 5 15 0 3 14 12 0 1 0 2
15 0 3 0 0 0 8 14 0 16 10 9 12 11 0 6
13 2 0 8 0 0 16 1 0 15 7 11 9 5 0 3
0 9 4 14 0 0 11 0 1 0 6 0 0 0 15 0
