1 0 10 0 3 12 5 14 0 2 6 8 9 0 0 0
0 0 5 0 0 7 0 0 0 14 0 16 2 6 15 8
15 0 8 0 0 11 6 2 5 4 13 0 0 0 0 0
14 2 13 6 15 16 8 9 0 3 7 11 5 4 0 12
0 7 0 1 0 9 0 6 13 0 16 4 0 5 0 14
13 0 0 0 0 4 7 10 0 6 5 12 11 1 0 9
0 6 9 16 14 1 12 5 7 15 11 0 3 2 0 0
8 5 12 0 0 13 0 0 0 0 14 1 15 0 0 4
12 9 0 13 0 0 0 0 16 11 1 0 8 0 14 2
6 8 16 0 0 15 0 0 0 5 0 0 0 0 4 7
10 0 4 5 16 0 0 13 0 0 0 2 0 0 0 3
0 1 0 0 12 0 10 0 14 13 4 0 16 15 9 5
0 0 0 8 6 5 3 15 4 0 2 7 13 9 12 0
2 0 1 0 7 0 11 16 9 12 0 13 10 0 0 0
0 13 0 0 4 10 0 12 11 16 3 0 7 8 0 0
16 12 7 9 13 0 0 0 0 10 8 0 0 11 0 15
