0 0 13 0 0 1 0 0 0 10 15 9 0 0 3 0
10 14 9 1 6 15 0 16 0 0 12 0 4 0 0 0
3 0 0 11 9 7 14 2 6 13 8 4 0 0 0 0
2 0 0 0 0 8 0 5 1 0 0 0 0 9 15 6
11 0 0 0 0 12 2 9 0 0 0 0 3 0 8 10
0 0 0 7 0 6 15 0 10 12 0 11 14 2 9 16
4 1 2 0 14 10 7 8 9 0 0 6 12 0 5 0
5 0 0 0 0 11 13 3 14 4 2 0 15 6 7 1
1 13 16 0 0 0 0 4 2 8 0 0 7 5 6 3
0 0 4 2 3 0 12 7 0 1 0 0 0 11 16 13
12 3 0 0 0 5 8 13 0 0 0 0 1 0 0 0
0 0 8 5 0 16 6 10 13 0 4 3 9 12 2 14
0 0 6 16 0 4 0 14 0 5 0 2 13 15 10 8
0 2 5 10 7 0 0 11 0 15 1 0 6 3 0 0
0 12 1 3 10 2 0 0 0 6 9 13 16 7 11 4
15 0 7 13 8 3 9 6 12 16 0 0 2 1 0 0
