0 11 3 14 5 0 16 2 15 0 0 7 4 13 12 9
12 15 7 10 13 0 0 8 14 0 6 0 0 0 16 11
9 2 1 4 12 14 0 6 0 0 16 11 15 3 8 0
0 0 0 5 4 0 0 11 12 10 9 0 7 2 6 0
3 0 4 0 9 2 8 15 5 16 0 0 14 0 11 0
13 0 2 0 0 0 5 4 0 11 0 8 0 9 0 3
0 0 8 15 0 3 10 16 1 6 14 9 13 0 0 4
7 0 9 6 1 0 0 14 0 0 0 0 0 8 5 15
10 0 0 0 8 0 0 5 2 15 0 16 12 0 0 0
16 0 11 0 3 0 0 1 9 0 10 12 6 0 4 0
15 0 0 0 0 11 9 0 0 0 0 6 0 7 0 8
1 4 0 0 0 0 15 10 7 8 11 0 3 0 13 0
2 7 6 8 0 0 12 9 16 3 4 0 0 5 15 0
14 0 16 11 0 5 4 3 8 7 0 10 9 6 1 0
0 1 10 12 0 8 0 0 6 9 0 0 2 0 0 16
4 9 15 0 2 16 6 0 0 12 0 0 0 14 0 0
