2 0 0 0 0 0 0 9 11 0 0 1 5 8 4 14
9 0 0 14 1 8 0 0 12 7 2 4 11 6 10 16
0 15 0 0 0 12 0 14 0 16 8 0 3 0 0 9
16 11 7 0 0 0 4 10 3 0 0 0 0 0 0 1
8 9 3 11 7 2 12 6 14 5 10 0 0 1 16 0
12 0 0 0 0 0 0 5 0 1 9 0 14 0 0 0
10 0 0 7 4 0 0 1 0 0 0 16 2 0 5 3
5 6 0 0 13 0 10 16 4 0 12 3 0 11 9 8
0 0 5 0 11 1 0 4 0 14 15 6 16 0 13 2
14 1 16 0 6 10 0 7 5 0 4 0 8 9 0 0
0 4 11 0 8 0 9 15 2 12 0 0 0 14 0 7
6 10 2 9 12 14 0 13 7 0 1 0 0 0 3 4
3 16 10 13 0 0 5 0 15 0 0 0 0 4 11 0
15 7 8 2 10 4 1 12 6 13 3 11 9 16 14 0
0 12 1 6 14 0 0 0 0 4 5 0 10 7 0 15
0 14 0 0 0 0 0 11 0 0 7 0 13 3 8 12
