0 0 14 0 13 3 0 12 0 1 6 0 0 15 11 0
6 0 15 0 0 10 0 0 3 16 0 2 1 0 12 8
5 0 0 11 6 9 0 2 7 0 8 0 16 0 3 4
0 0 4 0 16 1 0 8 0 5 0 11 0 14 0 0
0 0 9 1 10 0 16 0 5 11 4 0 6 0 0 0
0 0 0 0 0 14 0 0 16 0 0 0 13 0 4 5
10 15 5 6 0 0 0 4 0 13 12 0 14 7 0 0
12 13 16 0 0 5 0 3 8 7 1 14 2 10 15 0
2 11 0 0 8 0 14 0 13 15 0 4 5 12 9 0
0 4 12 9 0 0 0 5 10 6 16 8 0 11 14 0
15 14 6 5 12 4 13 0 0 0 0 0 0 0 7 0
7 16 0 8 3 11 10 9 0 12 14 0 4 2 6 15
16 0 0 7 5 0 8 0 0 4 0 13 12 9 2 14
0 0 11 14 7 16 3 13 0 2 0 1 8 4 0 10
13 3 0 15 0 12 4 10 0 8 5 0 11 6 1 0
0 5 0 12 9 2 0 0 0 10 0 7 15 16 0 3
