2 7 0 10 0 0 13 8 9 16 5 12 4 0 14 0
6 15 0 1 5 9 11 16 13 0 0 0 0 8 0 7
9 3 0 16 0 14 0 4 0 0 0 0 0 12 0 0
8 0 14 13 12 0 15 1 0 3 7 0 11 16 0 5
7 0 0 5 0 0 3 0 1 0 15 11 8 0 12 16
0 8 0 4 0 12 0 0 0 2 0 0 15 6 0 13
11 14 13 0 4 0 0 15 0 0 0 7 0 0 0 9
15 0 0 0 2 11 0 5 8 6 0 0 0 10 0 14
0 5 6 7 0 10 0 0 0 1 3 0 0 11 15 2
3 10 0 0 7 1 6 0 15 12 0 0 16 0 0 8
13 0 8 0 0 4 12 0 14 0 0 6 1 0 0 3
14 1 15 2 8 5 9 3 7 0 10 16 12 13 0 4
4 11 9 14 13 3 8 6 10 7 12 15 5 0 0 0
10 13 0 0 14 16 5 0 2 0 1 0 0 3 0 0
5 6 2 0 0 0 4 10 0 13 0 0 0 9 0 0
1 12 16 3 11 0 2 9 0 4 6 0 13 15 8 10
