0 0 5 12 3 1 10 8 0 11 0 7 16 9 4 0
3 0 0 11 0 0 0 0 0 0 0 12 0 0 15 1
8 4 0 13 5 9 2 7 14 3 0 15 0 0 12 0
16 0 7 2 0 11 0 0 0 0 4 1 14 0 5 0
7 0 16 15 4 12 0 2 0 0 6 10 0 5 3 14
0 11 10 5 0 14 9 1 12 16 0 2 4 15 13 7
13 0 4 0 6 10 16 0 7 5 15 0 0 11 0 12
0 3 2 0 0 0 15 0 13 4 14 9 0 6 0 10
0 0 6 16 1 2 14 9 8 0 0 0 10 3 11 0
0 0 8 3 0 13 0 16 0 15 0 0 0 14 7 0
0 1 0 4 15 0 11 5 3 2 0 14 13 0 0 6
10 5 0 7 12 8 3 0 16 13 0 4 0 1 0 2
2 12 13 0 0 0 0 14 15 0 8 0 5 0 0 16
0 14 11 0 2 15 1 12 4 9 7 0 3 13 0 8
4 16 0 8 0 0 5 13 10 12 0 0 0 0 0 0
0 7 3 9 0 4 8 0 0 14 0 0 0 0 6 0
