0 7 8 15 6 9 0 0 0 0 10 0 3 0 0 0
0 1 13 0 0 0 5 4 11 0 0 7 10 16 15 6
5 0 0 0 15 7 13 2 0 0 6 16 11 0 14 0
11 2 6 4 0 14 8 10 0 0 0 15 0 0 0 7
9 0 2 16 10 0 4 3 6 11 14 13 7 0 0 0
1 6 15 8 0 11 2 7 0 16 4 10 0 13 12 0
10 12 0 0 0 1 6 0 7 15 5 9 0 4 0 0
0 13 0 0 14 15 0 16 0 12 2 0 5 6 0 11
13 0 0 2 11 8 7 6 15 1 0 0 16 14 0 0
0 15 1 11 13 16 14 12 0 8 9 0 6 0 0 0
0 14 0 0 0 2 0 5 16 13 0 6 15 7 0 1
8 0 0 6 1 4 0 15 10 14 0 12 13 0 11 0
6 0 0 0 4 0 0 0 0 5 0 3 8 0 7 0
0 4 7 0 3 0 0 8 9 0 13 0 14 10 2 16
15 0 14 0 2 0 0 9 0 0 1 0 4 0 0 5
2 0 16 5 0 6 0 11 14 10 15 4 12 3 9 0
