1 0 16 14 4 3 9 15 7 0 2 0 13 12 5 10
0 10 0 0 0 0 0 0 0 16 0 5 0 4 8 15
9 0 0 0 10 6 0 8 12 13 0 0 7 1 14 0
15 0 4 0 5 7 12 0 10 14 1 0 11 0 2 9
4 11 14 13 9 0 0 0 1 3 7 15 6 8 16 2
0 16 7 0 0 13 0 0 14 2 0 0 4 15 12 5
2 8 0 0 14 16 0 6 13 0 12 9 10 11 3 0
3 0 0 5 11 0 15 7 8 4 0 0 9 0 1 0
0 14 11 15 0 5 0 9 0 0 4 10 2 0 7 8
16 1 10 0 0 4 3 0 0 7 5 0 0 14 0 0
0 9 5 7 0 11 0 0 2 15 0 0 0 10 0 1
0 3 2 0 0 0 16 10 0 0 14 0 5 9 0 12
0 15 13 3 0 0 7 0 4 0 16 14 1 5 10 0
0 4 0 16 6 9 0 0 0 10 8 0 12 0 0 3
0 7 9 0 15 1 14 4 0 12 0 0 0 16 13 0
6 0 8 0 16 10 0 3 15 11 0 0 0 7 0 0
