11 0 2 4 0 6 13 15 0 8 0 14 1 3 12 0
0 1 5 0 0 2 14 7 0 3 12 9 11 0 15 0
0 14 15 12 0 0 11 8 13 4 7 1 6 10 16 2
8 3 16 0 1 0 0 9 15 11 0 6 4 5 14 7
0 0 9 1 0 14 3 0 2 6 13 0 16 0 7 0
7 0 0 15 8 0 1 0 0 10 14 11 12 2 0 5
0 11 12 0 2 16 0 13 0 9 8 5 3 0 0 14
14 0 0 0 10 0 12 0 4 0 0 16 0 0 6 0
2 13 0 0 12 0 16 0 0 5 15 7 8 6 0 1
0 0 0 16 0 5 0 1 9 0 6 0 0 0 13 11
15 6 7 9 0 11 0 10 0 12 4 2 0 0 0 0
0 0 4 5 0 15 6 14 11 0 0 3 2 0 0 12
0 9 0 0 0 0 7 2 12 0 0 0 0 0 0 4
5 4 0 7 0 1 0 16 0 0 0 13 10 12 0 15
16 0 1 0 0 0 15 12 0 7 5 0 13 9 11 6
0 0 0 0 0 13 5 0 8 1 9 10 7 14 2 16
