0 15 13 6 4 2 10 16 0 0 14 3 1 7 9 0
14 0 1 0 6 0 13 15 0 12 16 7 2 0 0 0
0 0 8 4 0 11 0 3 0 9 1 0 0 0 0 6
0 9 0 2 0 0 5 7 0 10 0 6 0 4 11 14
0 10 0 12 0 7 0 0 0 0 6 0 0 0 13 9
11 0 0 14 0 0 0 0 12 0 7 9 0 1 2 15
9 8 7 16 0 0 0 0 10 0 2 15 0 5 14 4
2 1 5 15 0 6 11 0 14 13 4 8 0 12 0 7
0 0 2 0 0 0 0 8 0 5 3 16 4 9 15 0
0 5 0 0 11 15 0 1 2 7 10 4 0 0 0 16
4 0 10 7 0 3 6 13 9 0 0 12 14 0 8 0
15 6 0 0 9 0 2 0 0 1 8 0 0 10 0 0
0 3 14 1 0 4 9 10 0 0 0 0 5 16 7 12
5 0 15 9 7 14 16 11 3 0 12 0 13 8 6 0
13 12 0 0 0 0 3 0 7 14 9 0 11 15 0 2
0 4 11 0 15 12 0 2 16 6 0 13 9 14 1 3
