2 0 0 0 10 4 0 0 0 14 0 0 0 13 0 0
0 15 4 5 1 16 3 0 9 0 7 12 2 0 0 0
0 16 13 0 9 0 14 15 0 10 1 0 0 6 5 3
0 11 0 0 12 0 0 5 15 13 0 16 8 0 0 9
11 7 14 0 15 5 1 12 10 3 0 0 13 16 6 0
12 8 6 0 7 3 13 0 5 11 9 1 10 2 0 0
5 2 0 10 0 0 0 4 7 6 16 13 0 12 0 1
0 0 1 16 0 10 0 0 0 12 4 15 9 0 8 0
9 12 0 7 6 13 4 2 0 0 0 14 0 0 3 0
0 0 0 13 0 0 12 0 8 5 0 9 4 7 2 16
15 0 3 14 5 9 0 7 2 4 0 0 1 11 0 0
4 0 16 0 8 1 0 10 12 0 0 7 6 0 0 0
10 0 5 0 0 11 0 9 13 2 14 8 15 3 4 12
0 14 0 15 0 6 10 8 16 0 0 3 11 0 0 2
0 0 9 0 0 12 0 1 0 7 15 0 0 0 13 6
7 4 0 0 13 14 0 0 6 1 12 11 0 9 10 5
