0 8 0 14 0 0 11 9 0 0 4 0 10 0 0 13
5 0 1 2 0 0 15 0 0 10 7 9 6 11 4 0
15 0 6 11 3 10 7 0 0 12 0 13 0 1 16 0
13 16 0 4 0 5 0 2 15 0 0 6 14 9 0 7
0 1 13 0 0 7 3 14 0 15 5 0 12 10 0 0
0 10 15 7 0 2 0 5 12 6 16 0 1 0 0 0
8 0 11 9 0 16 1 15 7 0 13 14 0 0 0 0
2 0 16 5 8 12 0 6 0 9 10 0 0 4 0 0
7 0 3 0 4 0 6 0 16 0 14 2 0 5 0 0
6 2 4 15 14 0 0 7 0 0 9 0 16 13 12 11
1 5 0 0 15 0 0 16 11 13 12 10 4 6 7 2
16 11 9 0 0 13 0 12 6 7 0 4 3 14 8 0
0 0 8 0 0 9 14 1 0 5 6 0 0 12 0 0
0 7 0 13 6 4 12 0 9 0 3 0 11 16 0 5
9 6 5 0 0 15 0 10 0 2 11 12 0 0 0 3
14 4 0 0 2 0 0 0 13 1 0 0 9 15 6 10
