15 6 0 10 14 4 8 13 11 0 0 16 12 0 0 3
0 2 0 12 6 16 0 0 0 3 0 0 0 0 0 0
0 0 9 13 0 7 2 3 15 6 0 8 0 1 0 16
0 0 0 8 0 0 0 10 13 14 0 2 0 4 0 11
16 0 8 0 4 15 10 0 6 11 0 0 5 12 0 0
10 1 11 15 0 0 16 0 4 2 0 12 3 0 0 0
7 13 0 0 0 3 0 0 1 8 0 5 0 0 0 4
5 12 0 0 7 0 13 0 3 0 15 10 0 6 2 9
0 0 4 11 8 0 5 9 12 7 16 6 1 0 0 0
12 0 0 7 3 0 14 0 5 13 0 1 8 16 0 2
0 14 0 16 0 10 0 4 0 0 0 9 7 0 0 6
3 0 6 0 1 0 7 16 14 0 2 11 9 0 0 13
0 0 16 1 0 11 4 7 2 12 0 14 13 8 3 15
8 11 12 2 15 0 3 5 0 0 1 0 4 0 6 10
6 10 15 0 13 1 0 0 7 4 8 3 2 0 0 5
0 7 13 3 0 2 6 8 10 5 0 15 14 0 0 12
