0 7 0 6 10 0 15 0 0 3 0 0 0 9 0 0
4 0 0 0 0 9 0 2 16 10 6 15 7 13 3 0
0 2 0 12 16 0 0 3 0 0 14 13 6 10 8 5
3 0 0 10 0 1 4 0 8 5 0 0 0 2 0 0
12 13 0 16 0 10 0 0 4 0 0 0 0 0 0 9
14 1 8 3 0 0 13 4 0 9 10 0 0 12 0 2
0 4 6 5 8 14 0 9 0 2 15 3 0 16 11 0
0 0 0 0 1 5 3 0 0 12 8 0 14 4 6 0
0 0 12 2 11 0 9 0 0 14 0 8 3 6 0 16
0 15 0 11 3 2 0 8 9 0 0 5 10 14 1 7
7 6 10 0 14 13 1 16 3 15 2 0 0 0 9 0
0 16 0 0 5 12 10 15 0 0 1 0 0 8 13 4
11 0 0 9 0 0 16 0 0 6 3 10 4 0 2 8
0 10 1 4 0 6 7 5 15 13 0 0 0 11 14 3
16 12 2 13 0 3 0 0 14 0 7 9 5 0 10 6
6 0 5 0 9 0 0 10 2 0 4 1 16 7 12 13
