0 5 0 7 13 0 8 0 0 0 0 6 16 10 15 11
11 0 0 0 9 7 0 1 15 13 8 0 0 2 6 4
6 0 0 15 0 3 10 11 16 0 0 5 7 12 8 9
8 0 2 4 0 5 6 0 0 0 12 11 0 0 14 0
0 3 4 0 0 1 14 7 8 0 0 13 9 0 10 0
0 0 13 0 0 15 3 10 9 0 0 7 14 0 4 2
2 14 9 11 8 0 0 12 0 4 3 10 0 6 1 7
0 7 0 10 0 0 0 0 0 0 16 15 0 5 3 0
0 12 5 0 0 4 9 0 0 6 0 2 0 0 13 16
13 15 8 0 10 16 1 0 0 5 7 3 2 4 11 0
4 11 0 1 2 12 5 3 0 10 13 16 0 15 9 0
0 6 0 0 0 0 0 13 4 8 9 1 3 7 12 5
9 0 6 14 1 10 0 0 0 3 0 8 0 0 16 15
16 8 10 0 15 9 7 0 1 11 0 12 0 14 2 3
0 0 0 5 12 8 2 16 0 0 14 4 0 0 0 0
7 4 15 0 0 0 0 0 0 0 10 0 11 0 5 0
