13 5 0 0 14 0 0 0 0 0 0 2 0 4 0 6
4 8 14 10 11 0 0 0 1 0 6 0 0 0 0 0
0 0 0 1 12 4 16 6 3 0 13 9 10 8 0 0
3 0 0 6 0 10 2 15 11 8 0 0 0 0 1 14
14 10 6 0 1 9 7 16 0 0 0 0 4 0 13 0
12 0 1 2 3 14 5 4 0 9 16 0 8 0 0 0
0 16 13 4 2 11 0 0 0 0 14 0 0 0 0 15
0 7 3 0 8 15 6 0 0 0 4 10 2 16 14 1
2 0 10 16 0 7 1 8 9 5 0 0 14 11 4 3
0 1 0 13 4 2 0 0 0 7 0 14 0 0 15 8
9 0 15 12 0 16 14 3 13 0 8 0 1 0 2 0
7 3 0 14 15 6 11 5 2 0 0 0 12 9 0 13
1 15 2 0 0 13 4 0 7 10 9 3 0 0 0 0
16 13 0 7 9 0 15 10 14 0 11 6 0 0 8 0
0 0 0 3 0 0 8 0 0 12 5 15 13 0 7 16
6 14 4 5 7 12 3 11 0 13 0 0 15 2 10 9
