12 0 15 0 13 3 0 14 9 2 7 1 0 0 11 0
11 0 13 7 0 2 0 0 0 0 5 16 0 12 9 0
0 8 3 2 5 15 9 0 0 6 0 13 4 1 0 16
0 0 9 0 11 7 6 16 12 3 14 0 13 10 15 0
0 0 12 11 2 0 0 5 0 0 0 0 1 0 3 0
3 0 16 0 7 6 8 0 0 11 13 0 0 0 5 12
2 15 5 13 0 1 10 3 0 0 9 14 8 0 6 11
6 14 10 1 0 12 11 9 3 0 2 5 0 16 0 15
7 12 14 9 15 0 16 0 6 0 8 0 3 13 0 0
16 0 0 8 0 5 13 6 14 0 0 3 15 0 12 9
0 13 0 3 0 0 7 11 0 0 1 0 6 0 2 14
1 0 0 6 0 14 12 10 0 0 15 0 0 8 4 7
0 0 8 0 0 0 15 0 0 0 0 0 0 0 14 0
0 11 6 0 0 16 5 7 0 1 3 15 12 2 8 4
10 2 7 12 14 0 3 4 0 16 0 0 11 0 0 0
9 0 1 15 0 0 2 13 8 0 0 7 0 3 16 5
