14 0 11 16 9 3 7 2 10 0 15 5 1 8 12 0
0 7 0 0 6 0 11 0 13 0 2 14 10 16 0 3
0 6 2 0 1 10 0 13 9 3 12 0 4 0 0 14
0 3 10 13 0 0 0 0 11 7 0 16 5 2 6 15
0 13 0 0 16 7 0 0 15 0 8 4 0 10 0 11
4 0 7 0 0 0 0 0 1 0 9 12 0 0 0 16
8 0 9 0 0 14 0 10 0 0 0 7 12 0 0 1
0 1 6 14 4 0 0 12 2 13 10 3 8 0 0 0
0 10 14 4 0 0 0 7 12 1 3 15 9 0 8 0
13 16 3 0 15 1 9 6 0 0 0 0 2 5 14 4
7 5 0 1 10 8 0 11 14 9 0 6 0 13 3 0
11 9 0 0 0 4 12 14 5 0 0 0 15 0 7 10
0 0 0 7 11 9 4 15 3 5 6 2 13 0 10 0
0 0 0 9 0 6 0 0 4 0 0 11 0 0 0 2
10 8 0 2 0 5 0 3 16 0 0 1 11 0 0 9
0 11 0 15 7 0 13 1 8 10 0 9 3 12 0 5
