6 0 14 0 11 13 15 7 3 0 0 0 4 1 9 0
9 13 0 0 12 0 0 0 10 0 2 0 0 0 7 3
11 8 0 3 2 4 16 10 12 9 15 0 0 0 0 14
0 0 0 5 0 0 0 1 7 13 11 0 15 0 0 10
7 0 2 0 0 8 11 0 1 15 12 0 14 3 0 0
14 15 16 0 6 9 1 12 0 0 0 0 7 0 0 11
10 3 0 0 16 0 2 0 0 14 5 7 8 0 6 1
0 0 0 0 7 0 5 3 0 11 0 0 0 0 16 0
0 0 0 11 14 16 9 0 4 7 0 3 0 0 2 5
0 0 9 1 13 0 10 5 6 12 0 11 3 15 0 4
15 0 0 7 0 12 3 11 16 0 0 8 9 0 14 6
13 0 3 14 4 2 6 0 5 1 9 0 16 7 11 12
1 0 15 2 3 0 0 16 0 0 4 9 12 0 5 7
3 0 0 0 5 6 7 0 0 16 1 12 2 4 15 13
5 9 0 4 8 0 0 0 0 0 0 0 6 11 3 16
12 7 6 0 15 0 0 2 14 5 3 13 0 0 1 0
