14 11 4 0 7 3 0 0 0 2 0 10 8 16 0 12
13 0 16 0 0 8 2 0 4 0 9 12 6 15 0 7
0 0 0 3 9 4 0 12 0 16 13 5 1 0 0 2
0 6 2 0 16 5 0 1 0 0 0 7 0 13 11 0
0 10 8 0 3 6 0 2 0 11 0 13 0 5 0 1
0 0 3 1 8 0 0 5 10 0 12 0 0 0 15 6
5 0 12 2 1 0 11 0 0 7 0 14 9 0 4 0
0 14 13 0 15 7 0 0 1 5 8 0 16 3 12 0
0 0 1 7 5 16 0 14 0 12 0 8 3 6 13 11
11 0 15 0 10 1 0 0 14 0 7 6 0 0 2 0
8 12 14 6 13 11 0 0 2 10 0 3 15 7 1 0
0 0 0 4 0 12 7 6 16 0 15 11 10 0 8 9
1 0 6 0 0 0 3 0 12 14 11 16 7 2 10 0
16 0 9 14 11 15 5 10 13 0 2 0 12 0 3 0
2 3 0 15 12 14 0 0 7 0 0 0 0 0 6 0
0 4 0 0 6 2 0 0 5 8 0 0 11 0 16 14
