6 8 0 4 16 3 14 0 0 12 9 15 0 5 0 10
0 15 0 0 0 4 11 9 0 0 5 0 13 0 0 12
14 13 0 9 12 15 0 1 6 0 0 0 0 0 0 4
10 12 7 11 8 0 2 6 13 4 0 16 0 9 1 0
0 9 8 0 0 0 7 0 5 3 6 10 12 0 0 11
12 4 2 14 0 0 0 8 11 1 15 7 3 0 5 0
3 0 6 10 4 0 1 12 0 0 13 2 9 14 0 0
0 11 0 0 0 10 15 3 0 14 4 0 0 0 0 0
13 0 11 1 0 12 0 5 0 9 0 0 0 4 0 2
0 2 3 0 15 9 0 0 10 0 16 0 0 0 0 0
0 6 14 0 1 0 8 10 12 0 2 3 0 16 9 15
15 10 9 0 14 0 16 0 1 8 0 5 6 3 12 0
0 1 12 0 11 0 4 7 16 15 10 9 0 0 13 3
11 3 0 13 9 8 5 0 0 0 14 0 10 0 16 0
9 0 15 8 10 16 12 0 3 5 1 13 0 0 0 6
0 7 0 6 13 0 0 14 4 11 12 0 0 15 2 0
