0 0 8 10 0 0 0 3 6 14 1 5 0 0 12 9
0 0 14 9 4 6 5 8 13 0 0 16 1 11 0 0
0 5 0 0 15 0 1 0 7 0 11 0 14 3 13 0
0 7 0 11 0 13 0 12 10 3 0 0 6 0 0 5
3 13 0 14 8 9 0 11 12 6 16 10 0 1 4 7
0 0 16 0 0 5 3 2 0 11 7 0 0 14 10 8
0 10 2 7 0 0 14 1 0 5 0 0 0 0 9 11
12 11 0 0 16 0 0 7 0 0 0 13 5 0 3 0
5 14 13 3 7 11 8 0 4 0 6 12 9 0 0 1
0 12 1 15 3 0 0 0 11 0 0 2 0 5 6 16
0 8 11 0 1 0 0 0 5 0 15 7 0 10 14 12
9 16 10 0 12 15 0 0 0 0 0 14 0 7 0 13
2 1 15 5 10 0 0 0 16 0 0 6 11 9 0 3
10 0 0 16 9 1 0 0 8 2 12 11 0 0 5 14
11 0 0 13 0 8 0 0 0 15 0 0 10 12 1 0
14 0 12 8 5 3 0 4 9 7 10 1 13 16 0 15
