13 0 9 7 0 0 6 10 0 0 0 0 8 0 3 0
5 2 0 4 12 0 0 16 3 0 1 9 10 13 15 11
0 15 0 8 13 9 4 3 0 7 0 10 0 0 6 1
0 12 3 10 5 0 11 0 8 4 0 13 2 9 14 0
0 7 0 0 11 0 0 0 12 0 9 0 0 0 5 14
0 8 15 11 9 0 2 7 0 1 0 5 0 0 16 6
4 0 0 0 15 1 0 0 0 0 0 7 11 0 0 0
0 5 0 13 10 6 3 12 15 2 0 16 0 0 1 4
0 13 0 14 2 0 12 15 5 0 4 3 1 16 0 0
0 0 0 6 4 0 0 0 14 0 15 0 0 0 8 13
7 4 0 0 8 10 9 14 13 0 12 0 0 6 0 0
0 9 1 16 0 3 5 0 7 0 8 0 4 14 12 2
1 0 7 15 3 0 8 0 0 5 0 6 0 12 13 10
3 14 0 0 0 11 10 0 16 0 0 8 9 0 2 0
8 16 13 5 7 12 15 2 9 11 10 14 6 1 4 0
2 6 10 9 16 0 0 4 1 12 0 0 14 0 0 0
