8 0 1 15 0 7 9 2 0 0 6 13 0 0 0 14
0 12 0 0 0 3 5 8 0 0 2 0 0 13 4 0
0 0 0 0 13 0 11 15 9 0 10 0 5 0 3 8
0 0 13 3 14 16 0 12 4 0 8 0 7 1 0 0
0 0 0 0 0 4 3 1 0 10 11 12 9 0 5 13
0 1 3 0 0 0 6 0 0 5 0 0 12 15 8 7
0 16 10 4 11 0 12 7 0 0 0 9 14 0 0 3
12 0 2 0 5 14 15 0 7 0 1 0 0 0 11 16
0 11 5 1 12 13 16 0 0 4 0 8 0 9 0 2
13 0 6 2 7 9 8 4 5 0 12 15 3 16 14 0
4 7 9 14 15 0 0 6 13 3 0 2 0 0 12 11
0 0 12 0 2 11 14 0 6 0 9 0 13 0 0 0
14 6 11 5 8 12 13 10 2 0 3 0 0 0 0 4
3 0 8 0 1 0 2 0 12 13 0 7 11 0 0 10
0 0 0 10 0 6 0 14 11 0 5 0 0 3 13 12
2 13 16 0 3 0 7 11 10 14 4 0 1 8 9 5
