7 6 1 15 0 0 4 0 0 0 0 16 2 11 0 5
0 9 16 0 7 0 8 0 0 2 0 0 15 14 4 3
8 0 0 2 0 0 0 0 5 0 14 0 16 0 0 9
5 3 0 0 11 6 0 16 9 0 15 13 0 8 10 12
9 0 6 5 0 3 15 0 13 11 0 0 4 12 16 10
0 0 13 14 0 4 0 8 2 16 0 3 5 0 15 1
0 7 4 8 0 0 0 13 10 12 5 0 6 3 11 14
0 0 3 11 12 0 5 9 15 4 6 14 0 7 8 0
2 0 0 0 0 5 0 1 16 8 0 6 0 0 14 11
0 13 8 0 16 2 0 0 3 10 0 0 9 1 0 6
16 0 0 6 8 0 0 3 11 14 0 0 10 0 5 0
0 0 10 0 0 11 0 6 1 9 12 15 0 2 7 16
4 0 0 9 0 0 16 0 0 6 3 0 1 0 2 15
6 14 7 13 1 0 9 0 12 5 16 2 0 10 0 0
0 0 2 0 0 12 0 0 4 0 9 1 14 13 6 7
0 15 0 1 0 7 6 2 0 13 8 0 0 0 9 4
