0 0 0 14 5 10 6 0 7 0 0 11 0 16 9 3
0 0 3 0 0 0 0 0 5 16 1 0 6 15 0 0
0 0 12 1 11 9 8 0 0 14 0 15 13 5 7 10
0 10 7 5 0 3 0 12 0 0 9 6 0 14 2 0
3 0 5 0 0 7 13 2 0 15 4 9 14 12 16 0
0 0 1 15 10 14 5 11 0 0 16 2 7 4 8 6
0 2 14 0 12 16 9 0 1 7 10 0 0 3 0 0
0 12 11 0 15 4 0 1 14 0 0 8 9 0 0 0
10 5 6 11 0 0 7 3 16 1 15 0 4 0 12 9
0 0 0 4 0 0 1 0 0 11 0 0 10 0 5 2
0 7 9 13 16 5 11 10 0 0 0 12 3 0 0 14
1 3 15 12 0 0 0 9 0 0 2 5 0 0 0 0
0 0 8 0 4 0 10 14 12 0 0 16 5 9 0 0
0 16 0 0 7 11 2 5 15 0 0 0 12 10 3 8
5 0 10 0 9 15 12 13 8 2 14 0 16 6 1 0
0 0 13 7 3 1 0 8 6 10 0 4 0 11 14 0
