10 0 6 0 4 0 0 16 3 1 2 0 0 15 11 12
0 0 0 0 6 0 0 10 9 0 4 0 0 0 1 0
14 0 9 3 5 8 11 2 7 16 15 0 4 0 13 0
15 4 2 7 1 3 0 9 11 0 0 0 5 16 0 8
0 16 11 4 0 0 0 0 13 7 12 0 2 5 0 14
13 14 0 0 10 5 0 0 2 0 0 8 6 11 0 7
0 0 7 0 0 0 6 3 0 0 10 16 8 0 12 0
8 10 5 12 13 0 0 7 1 0 14 11 0 0 4 0
3 11 12 0 9 0 2 13 8 14 16 0 1 7 5 0
0 2 8 14 0 15 0 4 12 0 7 1 0 0 9 11
7 13 4 15 16 12 1 0 6 5 3 9 0 8 0 10
5 0 0 0 7 10 8 14 0 11 13 0 0 12 15 0
0 7 0 2 0 0 10 0 0 3 8 4 15 0 6 1
1 3 0 0 0 0 0 6 0 0 5 13 12 0 8 0
0 0 10 5 0 0 0 15 14 12 1 7 0 2 3 0
4 12 0 0 2 16 3 1 15 0 0 6 0 0 0 0
