16 0 4 0 12 3 0 0 5 15 0 8 13 0 9 6
0 2 6 5 16 0 8 13 0 12 10 14 0 0 11 0
9 12 0 11 0 0 0 15 0 0 13 0 0 0 8 0
15 3 13 0 9 10 2 0 16 1 0 0 5 0 14 12
6 11 0 12 5 0 0 1 8 0 0 0 0 0 15 0
14 0 1 0 15 0 0 11 0 3 5 2 9 0 16 0
0 9 0 10 8 0 0 0 15 0 0 0 12 7 3 1
13 0 0 15 0 7 0 0 0 0 0 0 11 6 0 5
0 1 7 16 0 8 0 0 10 14 4 11 6 0 5 0
0 10 9 0 0 0 7 0 0 0 0 15 16 3 13 8
11 5 0 13 10 15 3 0 6 7 8 16 4 12 1 9
12 8 0 2 6 0 0 4 1 9 3 0 10 14 0 11
1 0 0 14 0 9 0 5 4 10 16 0 8 0 0 0
8 0 16 0 0 6 12 10 0 13 0 0 3 5 4 14
10 13 0 3 0 11 0 8 0 2 0 5 15 0 6 7
5 15 11 4 1 14 13 0 7 0 0 12 0 9 10 16
