0 16 0 0 5 11 0 0 12 0 0 7 10 3 8 0
0 0 0 5 1 16 13 3 0 0 0 0 14 0 12 0
0 0 4 0 0 14 12 0 0 2 0 0 15 0 0 0
8 3 14 0 10 15 0 0 13 0 0 11 5 16 2 9
0 1 0 0 13 9 2 7 10 0 0 6 0 0 15 14
15 9 0 3 11 0 16 14 0 0 12 4 1 10 13 5
13 5 2 4 12 0 15 10 14 9 0 1 16 8 7 0
14 11 10 7 3 0 0 5 15 0 0 0 0 0 9 0
7 0 9 1 6 5 0 0 3 0 14 0 4 2 10 16
0 14 3 2 4 0 8 0 0 10 13 5 6 15 0 0
5 0 0 8 2 0 10 16 4 0 0 9 0 0 14 0
0 4 11 10 14 0 1 0 0 12 0 0 0 9 0 0
0 12 7 14 16 0 9 1 0 13 10 0 0 5 3 15
9 8 0 15 0 10 14 13 0 0 4 16 12 6 1 2
3 0 16 0 15 12 5 11 0 1 0 14 0 7 0 8
0 2 1 0 0 0 3 6 0 15 5 0 0 14 0 10
