7 14 9 11 0 1 10 0 0 6 0 3 4 16 8 0
2 6 0 15 13 0 0 3 7 0 4 10 14 0 0 11
10 0 13 4 6 0 8 14 5 0 2 16 0 0 12 3
8 0 5 0 0 0 11 4 0 13 0 0 2 15 6 0
9 0 0 0 11 5 7 16 0 0 8 1 0 10 0 12
11 7 16 0 4 10 0 1 13 0 5 12 0 0 2 14
0 10 0 5 8 12 15 9 0 0 14 6 11 0 16 0
0 0 6 1 0 13 3 2 0 16 0 9 8 7 5 15
3 12 11 0 0 0 5 0 9 2 16 0 0 0 4 0
15 0 8 0 1 9 0 12 14 0 0 0 0 11 0 5
6 16 4 0 0 0 2 11 10 0 15 0 0 12 7 0
1 5 10 14 7 0 13 15 0 12 11 8 16 0 9 0
0 0 7 0 9 0 0 0 0 10 0 0 0 8 0 2
4 0 2 0 0 11 12 7 8 14 0 15 0 0 10 0
14 13 0 3 16 8 0 10 6 0 7 0 12 0 11 9
0 8 0 10 15 2 0 0 12 9 0 0 0 6 0 0
