0 0 0 12 0 6 0 13 0 9 5 8 10 3 0 7
13 4 0 8 3 9 1 0 15 6 7 0 16 11 12 2
0 7 3 0 16 11 14 8 2 12 0 0 6 0 0 0
9 6 11 0 7 0 0 10 3 4 16 13 8 15 0 0
16 13 7 0 0 1 0 0 14 5 8 0 15 0 6 0
10 0 6 15 2 0 5 7 0 0 0 0 0 12 0 3
0 0 0 9 10 14 3 0 0 0 0 0 13 7 8 11
11 0 4 0 15 0 0 9 7 1 3 12 14 0 10 0
0 0 0 0 0 15 0 12 0 0 0 9 0 14 0 0
0 15 5 7 0 10 0 3 0 0 13 0 11 0 0 1
6 2 0 0 1 4 13 11 5 10 0 0 0 9 3 8
0 1 0 0 5 0 2 0 8 0 0 7 0 10 15 12
5 0 14 0 0 0 16 0 0 2 1 4 0 8 7 6
2 3 13 0 14 7 0 1 9 8 12 15 5 0 11 10
0 0 15 16 0 3 8 6 0 7 11 0 12 4 2 0
7 12 0 4 0 5 10 2 0 16 0 0 0 1 13 15
