6 14 0 8 3 4 1 0 0 13 15 10 0 0 9 0
0 16 13 4 7 0 0 14 8 0 0 9 3 1 0 11
12 0 5 0 0 8 0 13 2 3 0 16 6 4 7 14
2 10 0 3 9 16 0 12 14 0 6 7 8 13 0 15
14 1 3 0 8 0 4 0 0 16 0 0 13 0 0 9
16 2 4 0 0 3 0 15 0 7 0 6 10 0 11 0
0 0 0 0 6 13 10 16 0 0 0 8 0 3 14 5
13 6 8 0 2 0 5 1 9 14 3 0 0 7 15 0
4 0 14 16 0 10 13 9 12 0 0 0 0 11 6 2
5 12 0 2 15 7 0 0 3 10 0 4 1 14 13 8
7 15 10 0 0 14 0 0 1 2 0 0 16 0 4 0
0 0 0 0 11 2 3 0 0 0 16 0 0 0 0 7
3 13 0 0 16 9 0 2 0 0 14 0 7 12 0 4
0 0 16 14 13 0 6 0 7 0 4 0 0 2 0 10
0 0 2 1 12 5 7 11 6 0 8 3 0 0 16 13
8 9 0 0 4 0 0 10 0 0 0 2 11 5 0 6
