0 10 0 7 16 0 4 11 1 3 14 5 9 8 0 0
0 0 4 3 8 6 0 0 0 13 16 9 10 0 11 1
0 8 2 13 0 0 3 1 0 6 11 4 7 0 16 14
5 0 11 0 7 9 0 13 0 0 0 0 4 6 0 0
0 0 12 0 0 15 0 0 13 11 0 1 8 3 0 0
4 2 14 0 9 16 13 5 0 0 0 0 6 10 1 11
11 9 7 0 0 3 0 0 16 8 10 2 0 13 0 5
13 3 0 0 0 8 11 0 0 9 4 0 2 16 0 0
8 11 9 6 0 0 1 14 3 5 13 16 0 4 10 15
1 15 0 14 3 0 0 9 4 0 12 10 13 11 0 0
10 0 0 0 4 11 16 6 0 14 0 15 1 7 5 0
0 5 0 0 10 13 12 0 0 1 0 0 16 0 8 9
15 0 6 0 0 2 0 0 5 0 1 0 3 0 7 8
14 16 0 5 6 0 9 0 0 2 7 0 0 0 4 0
2 7 10 0 0 4 15 0 0 0 8 0 5 0 14 6
0 4 0 9 0 14 7 0 10 15 6 0 11 2 0 0
