0 0 0 16 0 12 0 13 8 7 0 11 15 0 0 3
0 3 0 0 0 5 9 0 10 0 1 12 0 11 2 0
0 10 8 7 0 6 4 0 16 9 0 0 13 1 14 0
12 13 0 0 0 11 0 8 0 3 0 0 5 10 0 0
0 12 0 0 0 0 14 9 2 6 0 1 4 0 5 0
9 6 5 13 12 0 16 1 11 14 3 4 7 8 0 10
8 14 0 1 0 4 0 0 7 0 0 0 9 12 3 0
4 15 0 11 8 7 3 0 0 0 0 16 6 0 0 0
0 0 0 0 3 10 11 0 1 16 0 6 0 15 0 5
16 8 15 5 9 14 1 0 3 11 0 7 0 13 10 4
10 0 13 6 2 0 0 16 5 15 9 14 3 7 0 0
3 1 11 0 5 13 15 0 0 8 4 0 0 0 0 0
14 0 0 15 6 9 0 0 13 2 16 0 1 0 0 0
13 16 0 9 7 0 8 11 14 0 12 0 10 2 6 15
0 2 10 0 0 16 13 15 6 1 0 0 11 4 12 9
0 7 12 8 4 1 0 2 0 10 0 0 0 0 13 0
