10 7 4 16 3 0 0 2 5 0 0 11 12 9 0 0
0 6 0 0 9 0 16 15 10 0 7 0 0 0 1 11
5 0 1 0 0 11 7 12 0 8 0 13 0 4 2 0
11 0 0 0 0 0 0 0 12 15 0 0 0 0 6 3
15 4 0 0 0 6 9 7 0 13 0 0 3 0 8 0
0 5 0 0 16 12 0 14 11 4 0 0 9 0 13 0
0 10 7 9 0 2 0 8 14 12 0 0 6 0 16 0
13 14 11 2 0 0 10 0 8 6 16 9 0 0 0 1
14 1 0 8 15 9 0 13 6 11 0 12 16 3 5 7
0 12 5 11 0 3 2 1 0 16 15 14 0 6 10 13
0 3 6 10 0 0 14 0 13 2 0 0 0 1 9 15
0 16 13 15 0 0 0 6 3 9 8 1 0 0 11 12
0 0 0 0 14 13 0 0 15 5 12 0 0 7 4 9
12 13 10 0 2 15 0 9 4 7 0 6 0 8 0 16
0 11 0 4 0 0 0 16 0 10 13 8 2 15 0 6
0 9 15 7 0 8 6 4 2 0 0 3 5 0 12 10
