10 0 9 3 0 0 6 12 0 0 13 15 0 16 5 0
0 2 5 0 8 0 0 15 6 0 0 0 3 0 1 11
1 0 15 16 14 0 5 0 0 9 0 3 2 0 0 12
4 7 0 0 0 0 0 16 14 12 11 5 0 0 0 0
6 12 0 5 4 0 13 2 15 11 0 0 8 0 7 0
11 0 4 0 0 6 0 0 0 0 5 2 0 14 0 13
2 0 10 0 0 12 0 8 7 13 14 4 0 0 3 6
13 1 0 7 10 3 11 5 16 0 0 0 0 0 15 2
0 0 1 10 0 7 4 3 13 5 0 6 15 0 0 0
5 0 6 0 15 0 0 0 3 14 12 11 0 0 0 7
3 0 7 0 5 9 8 11 4 0 2 0 12 6 13 1
0 0 0 0 0 2 14 0 9 0 0 0 0 3 10 5
9 0 0 1 0 0 2 4 11 7 0 0 13 5 0 10
15 10 2 4 16 0 7 0 0 6 9 8 0 0 12 3
14 6 0 0 0 5 12 9 0 1 4 0 7 15 0 16
0 5 12 13 11 15 1 10 2 3 16 14 6 4 9 8
