0 0 4 5 7 10 13 0 9 1 0 0 2 0 11 3
0 0 3 15 6 4 12 16 10 0 2 0 5 0 0 8
0 13 0 11 9 3 15 8 16 4 0 0 0 14 1 12
0 0 8 0 11 0 5 1 0 12 0 3 15 9 16 4
0 0 11 0 13 0 0 0 14 0 9 12 3 1 0 7
5 0 0 0 0 0 10 15 0 16 3 4 12 0 8 0
13 3 0 0 0 0 7 0 6 0 1 0 11 0 0 16
0 0 12 2 0 14 11 0 0 0 0 8 9 0 6 10
0 0 1 14 8 0 3 7 12 0 11 0 4 16 9 2
0 0 0 13 1 0 0 0 7 0 15 0 14 3 0 6
0 8 10 0 14 0 0 11 0 6 0 0 1 12 7 15
0 5 7 12 15 9 0 6 0 0 14 0 8 0 10 13
12 0 13 0 0 15 14 0 0 9 4 0 7 10 3 0
0 4 5 7 0 6 0 12 2 15 16 1 13 8 0 11
0 11 2 16 0 7 1 0 0 0 0 13 6 15 12 0
0 9 15 3 0 11 8 13 0 7 12 0 0 4 2 1
