0 3 0 13 12 0 1 14 16 0 7 0 0 0 4 0
0 0 0 0 0 0 4 13 3 8 0 1 16 10 0 5
0 12 4 10 0 2 0 8 13 0 0 15 0 7 9 6
0 16 11 0 0 9 0 15 10 2 0 0 0 3 0 14
3 7 10 0 16 15 0 4 0 0 5 2 0 6 11 1
14 0 16 0 0 1 0 5 7 15 0 0 13 8 0 4
0 0 15 4 0 6 0 0 1 14 0 12 7 16 10 0
2 0 0 8 0 12 10 7 9 4 16 0 0 0 0 15
16 2 0 0 14 0 11 1 0 5 9 3 0 12 0 0
9 0 14 0 4 0 0 0 15 0 13 8 0 11 16 0
0 4 12 3 15 0 9 16 0 6 11 0 5 1 14 0
7 0 0 0 0 3 13 0 0 0 1 16 4 0 0 2
0 15 0 16 8 4 0 10 6 0 2 14 9 13 1 0
4 9 0 5 1 16 0 11 12 3 0 0 0 14 6 0
6 13 0 1 2 14 12 9 0 16 0 0 11 15 0 0
0 10 0 14 6 13 15 3 11 1 0 9 0 4 5 16
