0 9 0 0 13 0 11 2 1 0 0 10 6 0 0 14
15 5 0 0 0 0 16 0 7 0 12 6 0 0 3 0
0 11 0 1 5 8 15 6 4 13 0 3 2 7 10 0
10 2 0 0 0 12 0 1 0 0 0 0 8 0 13 5
0 0 3 2 15 0 0 5 10 0 16 0 7 11 14 0
4 6 10 0 1 11 0 0 14 3 7 5 0 9 8 0
14 0 0 15 0 0 0 4 0 6 0 0 16 0 5 1
11 1 0 7 0 0 3 16 8 4 2 0 10 0 0 13
0 0 0 8 3 0 9 13 11 15 4 16 0 2 7 0
5 7 15 4 16 0 2 11 12 8 6 14 0 0 0 3
2 16 0 0 4 5 6 7 0 10 0 13 1 8 12 15
0 3 0 9 8 15 12 10 2 7 0 1 11 14 0 0
12 4 0 10 11 13 0 0 0 0 1 0 14 6 15 0
8 0 0 0 6 0 0 3 15 9 10 0 12 0 0 0
9 13 0 0 0 0 4 15 0 0 0 0 3 0 1 10
0 15 0 0 12 10 14 8 5 11 13 7 0 16 0 9
