0 0 0 4 13 0 0 0 0 15 10 0 0 2 0 0
0 0 3 0 4 15 1 2 12 0 0 0 0 0 11 0
0 8 14 7 5 0 0 9 2 0 13 1 3 4 0 10
1 0 0 0 7 6 10 0 14 9 0 0 0 8 13 12
2 4 5 0 3 14 13 0 11 7 15 10 0 6 12 16
0 14 0 3 2 0 11 0 8 6 12 0 10 15 0 0
0 0 0 15 10 7 6 4 0 0 0 9 0 0 3 14
0 6 11 0 0 0 0 12 0 13 0 0 0 0 7 0
11 1 0 13 15 9 8 0 10 16 0 7 14 12 0 6
3 0 0 0 0 0 0 14 13 4 0 6 0 0 9 8
8 12 0 0 1 0 0 6 9 14 0 15 0 13 16 0
5 0 6 14 0 13 4 7 1 0 0 8 0 3 10 15
15 0 13 9 6 3 0 10 4 1 0 2 12 0 14 7
16 2 0 12 14 11 7 0 0 5 0 13 15 0 0 3
4 7 0 5 8 0 0 13 0 3 14 12 6 0 1 11
0 3 1 6 12 0 9 0 16 10 7 11 13 0 8 0
