0 0 0 0 11 0 4 0 0 0 0 8 0 2 5 0
0 12 0 5 0 6 0 13 0 7 15 2 0 11 0 0
0 4 0 2 9 7 14 15 0 0 13 5 0 0 16 0
9 6 0 11 0 0 0 0 14 4 0 16 0 0 15 1
5 2 0 8 13 0 0 0 3 16 0 0 12 1 10 6
0 10 0 0 0 14 3 6 0 11 0 9 0 0 13 8
0 3 6 16 0 0 7 12 13 5 8 1 9 0 11 0
0 11 0 14 0 9 16 0 15 0 6 0 2 0 3 5
0 7 2 13 0 1 11 0 10 8 3 0 0 6 0 4
6 9 0 1 4 10 2 0 12 0 0 11 14 3 8 15
3 8 0 12 6 16 0 0 0 15 2 4 1 9 0 11
11 0 15 4 0 5 12 0 0 1 9 6 0 10 0 16
0 15 0 3 0 11 6 0 0 9 7 0 0 14 1 0
0 16 13 0 7 15 0 4 8 0 0 0 0 5 9 0
12 1 0 9 14 13 8 0 6 10 0 15 3 16 4 0
14 5 0 0 16 3 0 1 4 2 11 12 0 8 0 13
