2 8 9 0 12 3 10 11 15 16 0 0 7 6 0 1
5 1 12 15 2 0 6 4 0 0 0 13 0 9 11 16
0 4 10 7 9 0 0 13 0 0 6 1 0 15 0 8
0 11 16 0 0 15 5 1 0 0 0 3 0 0 13 0
9 0 13 16 0 0 0 0 5 11 4 0 6 0 12 7
0 6 0 8 10 0 13 0 0 1 16 12 9 11 0 0
7 0 0 10 16 12 0 9 3 8 0 6 0 2 15 13
0 0 0 1 4 0 0 6 9 0 0 7 0 10 0 5
0 13 0 0 0 4 9 0 0 0 0 0 5 8 0 11
0 9 0 12 0 6 2 5 10 4 1 11 0 7 3 14
4 0 3 0 1 7 15 16 6 2 8 5 0 13 0 0
10 7 6 0 8 11 12 14 0 0 0 0 4 1 0 15
11 0 5 0 6 0 4 0 0 0 13 8 14 16 0 0
0 10 8 9 5 16 7 2 0 0 3 0 0 0 1 6
1 16 0 0 14 0 0 12 0 5 11 2 15 0 10 9
0 0 0 4 11 10 1 3 0 0 0 9 13 0 0 12
