0 0 13 0 7 0 0 0 14 0 0 0 4 12 0 0
1 14 0 0 16 0 11 0 0 15 5 0 0 0 6 0
6 0 0 0 0 9 4 0 13 1 10 0 0 0 16 0
2 4 0 8 14 0 0 0 0 0 3 16 1 11 13 0
16 0 6 0 5 4 0 0 10 0 7 0 8 0 0 0
0 7 1 12 11 15 16 14 8 0 9 0 13 3 2 4
8 13 4 2 9 3 0 1 0 0 0 0 7 5 0 16
14 0 0 3 0 7 8 0 0 4 0 2 9 6 12 0
7 8 9 16 1 2 3 0 5 10 11 13 0 4 0 0
0 10 0 0 12 0 0 15 0 7 8 4 0 16 9 1
0 12 15 0 0 0 10 9 2 16 14 0 0 0 0 13
4 1 0 0 8 14 0 16 0 12 0 9 2 10 3 5
13 0 16 10 0 1 5 4 9 8 0 15 12 14 0 7
0 0 0 9 0 8 0 10 11 3 4 5 16 15 1 6
11 3 0 0 0 16 15 7 12 14 13 10 0 0 4 0
15 0 14 0 2 12 0 11 0 6 1 7 0 13 8 0
