8 10 0 6 0 2 11 0 15 0 9 0 16 0 5 0
0 3 0 0 0 16 0 15 0 8 14 5 0 0 2 7
1 0 0 15 9 12 0 0 2 7 10 0 0 11 4 0
5 2 0 12 13 7 1 0 4 16 3 0 9 8 0 15
11 8 16 0 0 3 0 0 12 0 2 0 10 9 0 4
0 0 0 5 0 8 0 0 0 0 0 10 0 15 0 11
2 0 10 0 0 6 15 13 8 0 5 11 14 0 12 0
0 14 0 7 12 10 16 11 9 13 0 0 0 0 0 8
7 0 13 16 3 0 12 8 6 0 0 0 0 2 0 0
3 0 12 4 0 9 6 0 14 2 13 8 15 16 7 1
10 0 9 8 0 4 14 2 1 3 7 0 6 0 11 12
0 1 0 14 0 13 0 16 0 15 0 9 4 0 8 3
0 0 8 1 0 11 0 12 0 5 0 2 7 4 0 14
0 12 6 11 0 0 13 0 10 9 0 7 8 3 0 0
16 0 0 2 0 15 9 0 3 11 0 14 12 1 13 0
0 7 0 10 8 0 0 0 13 1 0 12 11 6 16 0
