0 3 6 0 0 15 2 10 0 0 0 14 13 4 5 7
0 7 5 12 1 0 0 0 0 15 4 13 0 10 6 9
11 14 0 4 0 13 5 0 1 7 0 10 12 0 8 15
13 0 10 0 0 0 3 7 5 6 2 0 11 16 1 14
16 0 0 2 0 8 14 0 0 12 6 11 1 5 3 0
0 0 11 1 7 0 12 0 8 0 0 3 0 0 13 2
0 0 0 0 0 4 0 6 0 0 15 5 14 11 16 0
12 6 0 5 11 2 9 0 13 16 1 4 10 0 7 0
0 0 12 0 0 6 0 15 0 13 0 9 4 0 2 16
0 0 0 0 0 0 4 0 0 0 8 0 5 0 12 0
15 13 4 0 3 5 0 8 14 0 0 2 7 9 10 0
5 1 9 14 12 0 13 0 0 10 0 7 6 8 15 3
0 2 8 0 5 0 15 14 10 4 9 0 16 7 11 1
0 12 0 0 0 0 7 4 11 0 13 1 8 0 0 6
7 4 0 11 8 0 6 0 0 3 14 16 0 0 0 0
0 0 0 9 13 1 11 0 0 8 7 15 0 0 4 0
