10 0 0 6 0 0 16 0 9 0 7 0 0 0 5 0
11 16 0 9 0 3 4 0 8 5 10 0 6 12 1 0
0 13 0 12 8 10 9 0 0 15 1 4 3 0 7 14
4 8 0 0 7 0 0 6 16 0 0 0 10 0 15 0
0 0 0 0 3 0 11 10 2 1 0 0 0 15 16 4
0 0 0 0 0 0 15 2 4 0 5 7 14 8 9 10
14 0 15 0 0 1 0 9 0 6 11 0 7 0 0 5
0 5 0 13 16 4 0 7 12 9 15 8 1 6 0 0
0 7 0 8 14 16 12 0 11 10 2 6 4 0 13 0
0 14 13 0 9 11 0 0 15 7 0 5 0 10 0 0
16 2 12 10 5 0 13 4 1 14 0 0 0 7 8 15
0 0 5 15 2 7 0 8 13 4 0 16 9 3 14 0
0 0 14 5 4 9 0 12 7 8 16 11 0 1 0 3
0 10 8 3 0 0 0 0 0 2 9 1 16 14 4 0
9 0 16 0 0 0 3 5 14 0 0 0 15 2 6 0
0 0 0 2 1 14 0 16 10 3 6 0 5 0 0 8
