10 3 2 6 15 0 1 13 8 0 0 5 14 4 0 0
0 16 0 8 9 10 0 11 0 4 0 14 6 13 0 0
11 1 0 0 14 0 4 16 0 0 12 7 8 0 10 5
0 4 0 14 7 3 0 6 13 1 0 0 16 0 2 0
0 0 8 4 0 16 0 9 3 7 2 0 0 11 14 12
13 7 0 0 3 0 0 2 5 14 0 12 9 1 8 0
9 12 3 2 8 1 0 0 4 11 0 6 0 0 0 15
0 14 11 16 12 0 13 0 0 0 8 9 0 0 0 2
0 8 1 0 0 5 0 10 12 6 3 0 0 14 0 0
16 10 12 0 0 0 0 0 0 13 14 4 0 5 0 0
6 9 14 0 13 15 0 1 10 0 7 0 4 0 0 8
7 2 0 5 0 0 12 0 9 8 0 0 0 0 16 0
3 15 0 0 2 0 0 8 0 9 1 13 0 7 4 0
14 13 0 9 1 0 10 12 11 15 0 8 0 2 6 16
2 6 4 1 16 9 0 0 7 12 0 10 11 8 13 0
8 0 10 0 0 13 0 0 16 2 6 3 0 0 15 0
