10 5 0 12 16 13 9 15 1 0 6 0 11 3 7 8
0 0 0 0 0 0 0 1 14 0 0 5 0 16 10 4
8 16 2 7 5 0 0 4 0 11 15 13 0 0 9 12
0 4 0 0 6 8 0 12 7 10 0 16 0 0 0 0
13 0 0 0 2 15 5 0 9 7 11 0 4 12 0 14
0 15 12 2 0 4 0 10 5 0 16 3 7 0 0 0
0 9 0 0 8 1 0 0 13 4 2 6 16 0 0 10
7 0 4 6 0 16 0 14 12 0 0 15 2 0 5 9
5 0 0 10 14 7 2 0 0 3 13 0 12 4 16 0
0 12 7 4 1 6 10 3 11 16 0 0 5 9 0 0
0 13 0 11 0 0 0 9 0 0 4 0 0 0 8 3
2 0 0 0 0 5 8 13 0 12 10 0 0 0 6 11
0 0 10 5 0 3 6 0 4 13 0 0 9 11 0 0
9 2 15 0 13 11 0 16 8 0 5 0 14 10 4 0
0 7 11 1 0 9 4 2 10 0 0 14 8 6 13 0
4 6 13 8 10 14 0 5 16 9 0 0 0 0 0 1
