0 12 16 0 4 0 0 8 0 0 2 0 5 0 6 7
0 0 4 2 11 0 1 0 5 16 0 0 13 14 0 0
0 8 0 0 0 12 5 0 10 9 0 0 4 15 0 2
9 1 0 3 7 15 6 2 14 13 12 4 16 8 11 10
5 2 8 0 12 11 0 15 0 0 0 13 0 0 7 9
16 11 15 6 0 0 13 0 2 7 0 0 8 10 0 14
0 7 0 9 10 0 0 14 0 12 5 11 2 4 13 6
12 0 10 4 2 7 0 6 9 0 1 14 15 0 5 0
11 0 1 0 8 0 0 4 12 2 0 0 0 9 10 15
0 0 2 0 15 16 0 0 0 0 0 1 6 0 0 13
4 0 0 7 0 0 0 10 0 15 6 0 0 0 3 1
15 9 12 0 0 6 0 13 3 14 7 0 11 0 0 0
0 3 9 0 6 0 8 12 0 0 0 2 10 0 0 5
2 5 0 0 0 0 15 7 8 10 0 9 1 6 16 4
7 4 11 1 16 2 10 0 6 3 14 0 9 0 0 0
8 10 0 16 14 9 11 0 0 0 0 5 0 12 0 3
