1 9 0 6 0 11 8 3 0 0 16 13 0 7 5 0
0 2 12 0 13 15 0 0 4 10 7 0 16 14 8 6
0 13 8 0 0 0 0 0 0 14 0 3 9 0 11 1
16 11 0 7 14 6 0 0 12 0 0 0 0 0 0 3
12 15 4 9 7 8 1 13 2 3 0 5 6 16 14 11
0 0 0 10 9 12 4 14 16 13 0 6 2 5 0 0
11 16 7 0 0 5 0 0 0 1 4 0 0 9 0 0
6 14 5 13 0 0 2 11 0 7 0 0 1 0 10 4
0 6 16 1 0 0 14 8 5 0 15 0 0 11 0 13
10 0 3 15 2 4 11 7 0 8 0 0 0 6 1 16
0 7 0 5 0 10 0 9 1 11 0 0 0 15 0 14
0 0 9 0 1 13 0 5 0 0 6 7 10 12 2 0
9 0 0 0 8 14 0 0 0 0 1 0 0 0 0 0
4 0 6 0 11 0 0 0 7 0 3 8 0 1 12 2
0 0 0 8 6 1 16 0 0 5 2 14 15 10 4 7
7 1 15 14 5 0 3 4 0 0 0 16 11 8 6 9
