9 0 5 11 2 0 0 15 14 0 0 0 0 0 1 12
3 0 0 14 0 10 5 0 0 11 16 1 4 2 8 7
0 0 0 0 0 0 14 7 5 0 0 9 11 10 15 0
0 0 10 0 0 3 4 0 13 0 0 0 5 6 9 14
0 5 0 4 8 0 3 13 1 0 10 0 0 11 0 0
0 8 0 6 15 7 2 5 11 0 0 0 10 0 14 0
10 12 11 0 14 6 16 0 8 0 0 3 0 0 5 9
15 2 0 0 10 11 0 0 4 5 0 14 0 0 13 8
0 4 14 0 1 5 0 0 10 9 0 8 0 12 0 6
11 0 0 0 0 8 9 0 15 14 0 16 0 0 7 13
0 9 8 5 16 12 0 10 2 1 13 0 14 15 3 0
16 3 0 15 13 14 6 0 7 0 5 4 0 8 11 10
12 1 0 16 3 0 0 8 6 15 14 0 0 7 10 11
7 0 2 3 0 1 10 6 16 0 11 0 12 0 4 0
0 14 0 0 7 15 0 16 0 4 12 2 0 9 0 0
4 0 6 8 5 0 0 0 9 0 1 7 0 3 16 15
