0 7 0 0 0 12 2 0 0 9 0 0 15 14 16 13
16 0 15 0 4 14 0 6 1 7 0 12 0 11 10 3
0 2 14 0 7 11 0 15 6 0 0 0 1 8 0 12
1 12 3 0 0 9 10 16 14 2 0 15 0 0 0 0
7 10 12 0 9 6 0 0 5 0 0 16 11 0 14 0
0 16 0 0 10 0 5 7 2 0 1 0 12 9 0 0
0 0 0 4 0 0 1 13 0 0 11 6 16 15 3 7
15 14 1 0 0 0 0 12 0 0 9 0 0 6 0 0
0 8 11 10 12 5 0 2 4 1 16 3 7 13 15 0
0 3 2 1 15 0 4 14 0 6 13 0 9 0 11 0
0 15 0 12 3 0 16 11 9 14 2 10 8 5 4 0
14 0 4 16 6 13 7 0 12 0 15 0 0 0 0 0
0 0 13 15 2 0 0 9 0 3 0 1 6 0 0 8
9 6 5 2 11 4 0 3 0 10 0 8 0 1 12 15
3 1 0 0 0 15 6 10 13 5 12 0 0 0 2 11
12 0 8 0 0 0 0 5 15 4 0 2 0 0 7 9
