15 0 6 0 2 14 11 0 13 0 9 0 0 0 3 1
0 0 13 0 0 8 0 4 16 11 14 0 0 0 0 12
1 4 0 16 0 5 0 0 0 0 12 0 7 11 0 0
0 11 0 0 0 0 3 9 15 5 0 0 13 4 0 8
6 13 0 1 0 12 0 0 0 9 3 0 4 0 0 2
12 3 4 7 13 6 5 11 10 1 0 2 16 9 0 0
5 0 0 0 4 1 0 2 6 15 16 0 11 12 7 3
0 15 16 0 0 0 8 14 0 0 7 12 0 0 0 5
3 1 0 13 14 0 0 0 9 0 5 0 0 0 8 6
11 0 14 0 12 13 0 8 0 10 2 16 3 7 15 4
16 8 0 12 1 0 7 10 0 3 0 6 14 5 0 0
4 0 9 0 5 0 0 6 14 8 15 11 12 13 1 0
14 0 1 0 9 0 12 0 3 13 11 15 8 6 16 0
8 6 0 0 0 4 16 13 0 14 10 0 1 0 5 11
13 0 0 15 0 0 0 0 0 2 4 1 9 14 12 10
0 0 0 11 8 0 14 0 0 16 0 5 15 3 4 13
