7 0 1 12 0 0 0 0 15 14 0 13 0 6 3 0
10 6 8 15 0 0 3 12 0 1 11 4 16 0 0 13
0 0 11 0 0 13 0 15 0 0 9 6 0 8 5 1
0 5 9 13 6 0 10 0 12 0 0 0 0 0 15 4
6 0 16 0 0 2 1 0 0 0 0 11 0 0 12 7
2 7 13 9 12 0 8 0 1 6 5 10 0 4 16 14
0 0 15 4 5 16 13 7 2 9 14 0 0 3 1 6
8 0 14 1 0 0 11 0 4 3 7 0 15 5 13 2
13 9 0 0 0 7 0 5 8 4 6 1 3 0 14 11
0 15 0 0 8 0 9 0 3 0 2 0 0 1 10 5
12 0 3 0 1 0 0 0 0 0 10 15 0 7 0 0
0 0 7 8 0 3 0 10 0 16 0 14 6 12 9 0
1 13 5 0 0 0 6 9 16 0 4 2 7 15 8 0
0 8 0 0 4 0 15 1 7 0 12 0 0 0 11 10
0 0 0 7 0 12 2 11 14 0 8 0 1 0 6 16
0 0 0 0 0 8 7 14 6 10 1 9 0 13 4 3
