8 7 12 0 9 0 16 5 1 11 15 6 0 4 10 0
2 0 5 0 10 0 8 0 7 12 0 14 9 11 0 16
0 16 0 1 15 3 0 0 0 0 8 5 0 6 0 14
15 6 0 9 0 0 11 7 0 10 3 0 8 5 1 0
0 0 0 8 6 11 0 9 4 15 13 7 0 0 16 3
0 12 0 2 3 15 7 14 6 1 16 0 0 10 0 4
3 4 0 0 8 5 0 2 0 0 0 0 0 1 6 7
0 15 6 7 4 0 0 1 3 5 2 0 13 8 14 9
0 0 2 12 0 10 0 13 11 0 0 0 0 7 9 0
7 5 0 0 0 2 9 8 12 0 0 16 0 0 13 6
14 0 0 13 0 6 1 0 5 2 10 9 12 0 0 8
9 10 8 0 16 4 0 12 13 3 0 1 0 2 0 11
6 0 0 11 2 14 0 0 8 7 0 0 1 16 0 0
1 0 3 10 0 0 0 16 0 14 9 11 0 0 8 0
12 0 0 0 0 9 3 0 0 16 5 13 0 0 0 10
0 0 7 0 0 8 4 15 10 0 1 3 11 0 2 0
