5 0 0 0 15 6 0 9 16 1 11 8 3 7 0 4
0 0 16 3 4 14 0 1 0 15 9 10 2 11 5 8
11 13 1 4 8 5 0 0 7 3 0 6 14 0 0 9
0 15 10 0 7 3 0 2 14 5 0 0 0 16 6 12
0 0 0 15 12 13 0 0 5 11 14 0 10 1 0 7
0 0 0 5 1 9 0 0 10 7 0 12 6 14 11 13
2 0 13 0 14 0 5 11 0 0 0 9 0 3 0 16
7 14 0 12 0 8 15 0 13 16 0 0 0 0 9 2
4 5 7 9 0 15 0 14 0 13 0 0 8 0 0 0
0 1 6 13 16 0 0 5 0 9 0 3 0 0 14 0
0 12 0 11 0 1 9 0 8 6 5 0 0 13 0 0
0 0 14 16 0 11 4 6 1 2 0 0 0 12 7 5
1 0 5 7 3 2 14 12 15 0 0 4 0 0 16 6
14 16 3 6 0 0 7 8 0 0 1 0 0 0 0 15
0 11 8 0 9 16 1 15 3 0 0 0 0 0 2 14
12 4 0 2 11 10 0 0 9 14 0 5 0 0 0 0
