4 3 0 11 9 2 14 0 10 0 16 13 0 15 12 0
12 0 2 0 10 11 0 0 8 0 0 1 13 0 3 0
0 8 15 10 16 0 0 13 5 0 0 3 2 0 1 0
1 9 13 14 3 6 7 8 0 11 0 0 16 10 5 0
8 0 12 16 0 0 0 9 4 0 0 11 0 13 6 0
11 0 0 2 13 15 8 7 6 1 0 0 4 0 16 0
0 0 1 15 0 0 0 6 0 0 0 8 5 7 9 0
13 4 0 0 14 0 12 10 0 0 15 7 0 8 11 3
3 12 9 1 15 0 10 0 0 6 8 0 7 5 4 13
14 0 0 0 6 7 11 3 0 0 0 5 0 16 15 1
0 0 10 0 5 0 2 4 0 0 0 14 12 6 0 11
6 15 11 5 8 13 1 12 9 0 7 4 3 2 14 0
0 10 7 8 0 16 0 11 14 4 0 0 0 3 2 5
5 1 16 0 0 3 9 0 2 10 0 0 8 4 0 0
15 11 4 13 1 0 6 2 7 0 5 0 0 0 0 12
0 0 0 0 0 0 0 0 0 0 13 0 0 1 7 0
