8 0 6 0 5 0 0 0 11 0 15 3 12 9 4 0
4 9 0 0 0 14 0 0 0 8 16 0 0 0 1 0
12 13 7 15 11 1 4 8 10 6 2 0 14 5 16 0
16 3 1 10 12 0 0 9 13 14 0 0 0 7 0 8
0 1 3 0 0 16 0 14 6 11 10 0 5 8 0 0
2 0 14 0 8 0 0 3 16 13 1 0 10 12 0 6
10 0 0 13 0 0 0 4 5 0 0 15 9 0 14 1
6 5 4 0 10 12 15 0 14 9 3 0 0 16 0 2
13 10 0 16 0 2 0 5 0 0 0 0 4 0 12 0
11 0 0 6 1 3 0 10 9 16 12 7 8 0 2 0
1 7 12 0 6 0 16 15 0 10 13 14 0 11 5 0
14 8 15 0 0 9 12 11 0 4 0 0 0 10 6 7
0 6 0 11 0 5 3 0 0 0 8 0 15 14 0 12
5 12 10 1 0 0 6 0 0 0 9 0 0 4 8 0
0 15 0 8 0 10 1 12 0 0 14 11 0 0 3 5
3 14 13 4 15 8 9 0 0 0 6 0 0 0 10 0
