0 2 0 5 4 15 0 12 10 0 13 0 0 6 0 0
0 0 0 16 9 0 7 13 5 0 6 11 0 14 3 12
0 0 15 0 2 14 10 6 0 12 8 9 5 0 0 0
13 0 9 6 11 0 3 16 2 1 14 0 4 0 10 15
0 0 0 3 12 0 0 0 8 0 9 13 16 11 4 0
9 0 10 12 14 13 0 0 15 0 1 6 3 2 8 7
15 7 0 8 0 9 0 3 0 2 0 10 13 1 0 6
11 13 0 4 8 7 1 2 12 5 0 3 10 0 0 14
8 0 12 0 0 16 0 10 1 0 0 0 0 15 0 2
0 10 11 0 1 4 0 5 13 0 7 8 12 16 6 3
16 3 7 1 15 0 12 14 0 0 0 2 8 13 5 9
0 0 0 9 0 0 13 0 16 14 0 12 0 0 1 0
4 9 13 14 0 0 0 7 0 6 0 15 1 12 0 11
1 11 8 2 0 0 15 0 0 13 12 14 7 0 0 10
6 16 0 7 0 0 14 0 0 0 0 4 0 0 9 0
12 0 3 10 0 0 11 0 0 0 0 1 0 0 14 0
