11 0 0 0 8 0 0 16 0 0 13 5 0 12 0 10
0 14 2 9 3 0 7 0 15 0 12 8 1 11 0 5
15 5 12 7 1 10 0 4 0 2 0 11 0 0 0 8
0 13 0 0 0 0 0 11 0 0 4 16 9 0 3 2
0 0 6 14 15 0 0 0 1 5 0 4 0 3 0 7
3 10 1 0 0 0 4 14 0 15 0 0 5 16 12 9
9 4 0 8 13 0 0 0 0 0 7 0 11 0 15 14
5 7 0 0 16 0 0 3 11 0 0 9 8 6 13 4
0 11 0 16 7 9 14 1 4 13 0 15 10 5 0 12
0 9 14 0 2 12 8 0 0 0 11 0 4 7 0 15
7 2 0 0 10 0 13 15 16 0 9 1 3 8 0 6
6 15 0 12 0 3 0 5 14 8 2 0 13 9 0 11
0 0 9 0 0 0 0 10 2 0 5 0 7 15 8 13
2 0 13 0 14 4 0 0 9 16 15 0 12 10 0 0
4 16 11 10 9 0 0 12 0 0 1 0 0 2 5 3
0 0 7 0 5 0 6 8 10 11 0 13 0 4 9 0
