4 0 5 0 0 15 3 16 0 2 0 13 0 6 0 0
14 15 16 3 1 6 0 0 5 4 9 10 12 2 0 11
0 12 0 6 9 4 2 11 0 15 0 8 0 0 0 10
0 0 0 1 0 5 13 0 6 7 14 16 4 0 0 15
9 3 15 0 0 0 12 14 0 0 0 7 2 11 0 5
0 5 14 0 0 11 4 0 0 16 2 9 3 0 7 13
8 11 6 2 0 3 0 15 13 0 0 12 14 4 0 0
1 0 4 0 16 9 0 2 0 14 15 3 0 10 12 8
0 4 3 0 0 1 16 6 2 0 0 5 0 8 0 0
0 2 0 15 4 0 7 0 10 0 0 0 1 0 0 6
16 1 0 0 5 10 9 0 14 0 6 0 13 0 0 2
6 7 0 0 0 2 14 13 4 0 0 1 0 9 11 0
3 6 1 5 8 0 15 0 16 13 0 4 11 0 0 7
15 0 0 0 0 0 10 5 9 1 12 6 8 13 0 4
0 16 0 4 0 12 6 1 7 11 0 2 0 0 15 0
0 9 0 13 3 0 11 0 0 0 0 0 10 1 6 16
