3 0 8 2 0 0 13 0 0 0 11 16 7 0 14 15
6 0 0 12 0 3 0 0 8 9 15 14 1 0 0 0
0 15 10 1 0 4 8 11 2 5 12 6 13 9 3 0
16 0 4 0 0 0 6 0 13 7 0 0 0 12 5 0
8 12 2 11 0 14 7 1 10 16 0 0 0 3 0 0
0 0 7 6 0 0 10 0 11 0 9 15 16 1 8 0
0 0 14 16 11 9 0 0 6 4 0 0 10 2 12 7
5 9 1 10 0 16 4 3 0 0 0 0 11 13 6 14
0 6 16 13 0 7 0 12 3 15 0 9 5 10 0 11
12 0 5 4 8 11 0 0 1 0 16 7 6 14 13 0
10 8 3 15 0 6 1 0 0 2 14 11 0 0 0 0
0 0 11 7 0 0 0 0 0 13 6 0 0 8 0 1
0 16 0 14 10 5 9 0 15 12 4 8 0 11 1 13
13 0 0 5 3 0 0 0 9 0 0 0 14 0 7 12
11 1 0 0 16 0 0 4 14 0 7 5 8 15 0 2
7 10 12 0 0 15 0 0 0 3 0 0 0 5 9 0
