10 3 6 14 12 5 0 0 2 4 9 0 11 0 0 16
4 0 15 16 0 7 6 0 0 10 3 0 5 14 0 9
0 0 0 9 0 0 10 16 8 14 0 5 2 0 4 1
2 0 1 8 0 4 0 14 7 13 0 15 12 10 0 3
0 0 4 1 8 0 12 0 0 15 7 0 9 6 2 10
0 0 0 0 1 0 0 7 10 5 12 0 15 0 3 14
0 15 7 10 14 0 0 6 9 0 2 3 4 0 13 5
3 9 0 2 0 10 5 4 13 6 0 0 1 12 16 0
9 1 0 7 16 8 15 0 4 0 0 6 0 3 0 12
13 4 10 0 0 0 0 11 12 2 15 0 16 0 1 0
8 2 0 12 0 14 3 13 0 7 1 0 6 0 0 0
15 6 0 0 0 0 4 12 0 16 0 13 10 7 14 0
0 0 0 15 0 12 0 9 0 3 0 0 0 0 10 13
14 0 0 0 4 0 0 0 15 12 0 10 7 0 0 6
1 12 0 0 0 2 14 0 6 0 5 0 3 16 15 11
0 0 0 5 7 16 11 0 0 0 13 2 8 1 12 0
