1 6 9 0 12 3 0 16 0 11 0 7 0 10 0 2
8 10 0 0 11 1 6 9 2 0 13 4 3 0 7 0
11 16 0 2 14 0 15 10 0 1 3 9 0 8 0 13
3 12 7 14 8 0 4 0 0 0 0 5 0 11 0 1
7 0 0 4 15 13 8 0 0 14 6 0 1 3 2 0
15 0 6 0 10 0 16 7 9 2 0 0 13 4 8 0
9 5 8 16 0 12 1 0 3 0 0 13 0 0 10 0
2 13 1 10 6 9 0 0 0 8 4 0 0 0 0 0
5 3 2 9 16 0 0 0 12 0 0 0 0 0 13 7
6 0 14 12 0 0 0 0 10 0 0 2 16 0 1 3
13 15 11 8 0 6 14 2 0 16 0 3 10 0 0 4
0 0 0 0 3 5 7 0 13 0 0 8 15 0 11 0
14 8 0 0 1 10 13 6 4 7 2 0 0 12 9 0
12 0 0 11 4 8 9 15 1 13 0 0 0 7 3 10
0 0 15 6 7 0 0 11 8 0 0 12 5 13 0 16
4 0 13 7 5 0 0 0 0 0 0 0 2 1 0 8
