14 16 8 0 0 0 10 0 4 0 0 0 0 11 9 15
0 7 4 0 0 9 2 14 15 11 6 0 1 0 13 10
2 0 6 12 0 13 0 0 8 10 0 5 14 0 16 0
0 13 10 11 8 0 0 1 9 0 16 2 5 0 12 7
1 14 15 0 10 6 11 3 2 5 9 16 0 0 7 8
7 10 0 0 12 0 0 5 13 0 15 3 0 16 0 14
0 11 5 0 0 7 0 0 0 12 4 8 15 2 6 1
12 0 0 0 0 15 13 0 0 0 11 0 0 5 0 9
10 0 14 2 0 5 1 7 16 0 0 0 0 0 0 12
11 4 3 0 9 0 15 0 0 8 0 0 7 1 14 0
8 0 1 16 13 0 3 0 7 0 14 9 0 4 0 0
13 12 7 9 0 8 14 0 5 0 2 0 11 15 3 0
9 8 0 15 7 4 0 11 6 0 0 14 0 12 1 0
16 3 0 0 0 10 0 13 0 9 12 0 8 7 5 0
4 0 12 0 0 0 16 0 0 2 8 0 6 14 15 13
0 1 0 0 0 0 12 0 3 16 5 0 9 0 4 11
