0 6 3 10 0 12 0 13 0 0 14 2 0 0 8 11
13 4 0 11 1 0 0 14 5 7 15 0 0 10 0 6
0 12 2 14 11 9 0 16 0 4 6 8 1 13 7 0
9 8 7 1 3 5 0 6 10 11 12 13 15 2 14 0
0 3 5 0 0 0 0 0 9 14 16 4 0 8 15 10
16 14 4 0 8 2 6 15 13 5 10 11 12 0 1 3
0 9 0 0 14 10 0 3 1 0 0 12 0 0 13 4
0 0 0 0 9 0 0 0 0 0 0 3 14 6 0 0
0 1 0 0 0 15 8 5 11 0 13 0 6 12 0 0
11 15 0 0 0 0 0 2 12 16 0 0 0 0 0 0
0 7 12 2 0 0 0 11 0 9 4 0 10 1 0 15
4 10 13 5 12 0 14 9 0 3 1 0 16 7 11 8
10 0 1 9 5 14 15 4 0 13 0 0 0 0 2 12
0 2 11 4 6 0 0 8 0 12 0 0 13 0 0 0
0 5 0 15 13 0 12 0 0 0 0 1 7 0 6 14
0 0 0 0 2 11 0 7 8 0 3 10 5 16 4 1
