15 0 1 10 0 0 9 0 5 0 0 8 0 7 11 0
0 13 0 0 7 14 0 0 4 6 0 0 0 0 5 0
0 7 12 8 0 1 2 0 0 0 0 0 9 0 13 6
5 0 2 0 3 4 0 0 0 9 13 7 0 12 0 0
0 16 0 15 5 11 1 0 0 0 8 6 2 0 4 9
11 0 14 4 8 6 0 2 0 0 12 9 15 0 16 1
0 0 6 2 9 7 14 0 1 4 0 16 8 0 0 5
8 1 13 9 0 0 16 0 0 0 5 0 3 6 7 10
1 10 0 0 11 0 0 15 0 0 0 4 0 9 8 16
13 11 4 16 2 3 7 0 0 0 9 14 5 10 6 12
14 8 5 7 16 0 0 0 6 10 0 1 13 0 0 15
2 9 15 0 14 10 0 8 0 0 0 5 11 4 0 7
7 0 0 0 1 12 3 9 8 0 0 0 6 15 0 11
0 0 11 0 0 16 0 0 7 15 0 13 12 0 3 0
3 12 8 5 0 2 15 6 9 16 0 11 0 1 0 4
0 15 0 14 4 8 11 0 2 1 0 12 0 5 9 0
