12 8 7 0 0 11 1 14 0 0 0 9 10 4 2 0
9 2 4 0 0 0 0 0 7 6 14 10 0 0 1 0
10 6 13 0 3 0 5 0 0 0 16 0 7 12 0 14
5 14 11 0 0 9 7 0 13 0 8 0 6 16 0 0
7 12 15 0 14 4 16 1 2 3 13 11 9 10 0 5
0 4 9 5 0 3 12 2 0 10 0 16 0 7 15 8
6 0 0 10 7 13 15 0 14 5 9 0 11 3 0 2
2 11 3 13 5 10 6 9 4 0 15 8 0 0 12 0
4 15 2 0 0 7 0 13 10 0 3 0 0 5 0 12
13 10 5 0 0 14 0 0 0 4 1 15 3 0 0 6
1 0 0 9 0 0 0 0 0 0 7 5 2 13 0 4
16 7 0 0 4 5 0 0 0 0 0 0 0 1 10 0
15 0 14 2 0 0 11 3 0 13 10 0 4 6 8 7
11 0 16 4 10 6 0 5 0 0 0 0 14 9 0 3
8 5 0 0 13 0 0 0 16 9 4 0 0 15 0 0
3 0 0 0 9 1 4 15 6 0 11 14 0 0 0 0
