11 0 0 0 0 0 0 0 16 10 13 0 2 0 3 5
13 15 0 0 11 3 9 2 14 1 4 0 16 8 0 12
10 0 0 0 1 0 8 0 0 0 6 0 9 15 13 11
14 0 3 0 5 0 13 0 11 8 15 0 7 6 0 0
0 0 1 6 9 0 2 0 7 5 0 0 0 13 15 0
12 13 11 0 3 7 10 1 0 0 0 15 0 9 6 8
0 0 0 0 8 6 16 0 12 9 0 10 0 2 7 0
7 9 0 14 4 11 15 5 6 13 0 16 0 0 12 10
9 14 5 10 0 0 0 15 0 16 3 2 0 12 0 0
0 3 16 0 0 5 7 0 9 11 12 0 0 0 14 0
0 0 8 4 14 0 3 0 13 7 10 0 1 0 0 0
6 12 7 0 10 0 11 9 15 14 5 0 8 4 0 3
0 0 13 11 0 8 0 10 0 6 9 14 15 7 5 2
0 0 10 1 16 0 0 11 5 0 7 0 12 3 0 6
3 0 14 0 2 9 5 7 0 0 16 8 0 11 4 0
0 0 9 12 0 0 0 3 0 4 0 11 0 16 8 1
