13 0 8 11 0 5 10 15 0 0 16 14 12 3 4 0
0 3 0 0 7 0 0 0 15 0 10 9 5 8 0 13
10 9 15 16 8 0 0 0 5 0 13 4 0 6 0 7
6 12 0 0 0 0 0 9 0 0 7 3 10 0 15 0
2 10 0 6 3 1 9 0 0 13 0 5 0 7 8 0
0 8 0 0 5 7 2 4 0 0 0 16 0 0 12 0
11 4 12 5 16 15 13 8 10 9 14 7 0 0 0 1
0 0 7 0 0 0 6 0 3 8 0 2 0 13 0 0
4 13 0 0 6 11 0 7 9 0 8 15 0 0 0 0
16 6 0 2 0 0 0 0 0 0 3 10 13 14 0 8
0 0 0 0 9 8 5 10 0 2 12 13 0 4 16 11
12 0 0 8 13 2 3 16 14 4 0 0 0 15 0 6
8 11 0 7 10 12 0 0 0 14 0 6 2 1 13 0
0 0 6 1 0 14 16 13 4 0 0 12 8 0 7 0
15 14 3 12 2 9 7 1 0 0 5 8 0 11 6 16
9 0 13 10 4 6 0 0 1 0 2 0 15 12 0 3
