0 12 0 0 13 14 0 1 9 15 4 11 2 0 16 0
8 0 0 0 11 9 0 16 0 0 12 0 0 15 0 0
0 11 0 0 3 2 15 12 0 8 14 5 6 1 13 7
15 10 2 14 8 5 0 6 7 0 0 0 0 0 0 0
0 13 12 0 0 7 9 0 5 0 8 16 0 0 3 15
1 7 8 4 0 10 0 3 6 2 9 0 14 0 0 16
0 0 0 9 1 12 6 8 0 10 13 0 0 11 0 0
0 0 0 0 15 13 16 0 0 1 7 12 8 9 10 2
13 5 0 6 0 0 2 9 14 16 10 0 12 8 15 3
16 0 1 12 0 0 0 10 4 0 2 13 11 7 0 0
0 0 0 2 7 3 0 11 15 12 0 8 0 0 6 0
7 0 10 0 12 16 0 0 1 11 3 6 13 2 0 0
0 0 7 0 0 6 0 15 0 5 1 0 3 0 8 10
12 0 0 1 0 0 3 7 8 0 0 0 16 5 9 13
0 0 3 8 0 0 1 5 13 7 0 0 15 12 2 0
5 16 0 0 9 0 0 13 12 0 15 2 7 4 1 11
