0 9 16 0 13 0 11 8 0 4 2 0 1 7 3 10
0 0 8 2 1 5 10 14 13 16 0 9 0 4 12 0
12 0 7 0 16 0 9 0 11 6 10 15 0 2 0 5
10 0 14 4 7 6 0 2 0 3 0 8 16 9 11 13
2 0 0 12 0 0 0 0 0 0 14 6 10 13 15 7
0 0 5 0 9 10 0 0 15 2 0 0 12 14 6 0
0 6 0 15 0 12 2 16 3 0 11 10 0 0 4 8
13 0 0 0 0 4 0 0 5 9 0 7 2 3 16 0
4 7 3 8 0 1 13 12 9 0 16 0 15 0 5 6
1 0 13 0 11 0 16 6 0 0 0 0 7 0 0 4
0 0 0 6 0 7 5 9 0 10 8 1 0 0 13 0
0 16 0 0 0 8 0 10 6 0 4 13 0 0 2 9
0 11 0 0 10 0 0 1 7 5 0 0 0 8 9 12
8 0 0 0 3 9 15 7 0 0 13 0 5 6 1 0
9 13 0 1 0 16 14 5 0 0 6 3 11 15 7 2
0 0 2 0 0 13 6 0 8 1 0 0 0 16 10 3
