10 0 0 1 3 0 6 0 16 5 15 12 0 0 13 8
5 12 0 0 10 4 15 16 0 8 2 0 6 3 0 1
0 0 0 6 12 8 0 13 0 1 0 9 0 0 16 2
0 7 0 0 0 11 1 9 0 4 0 0 0 5 15 12
8 0 1 0 6 14 16 5 4 15 10 3 0 12 7 11
11 3 7 0 2 15 12 0 6 13 5 1 8 9 0 0
16 10 15 4 0 3 8 0 11 12 0 0 0 6 14 5
12 6 5 0 7 10 13 0 8 9 0 0 1 0 3 0
0 5 0 8 13 0 0 0 2 7 0 0 0 0 1 9
0 1 2 3 5 7 0 0 9 14 4 15 11 0 8 6
0 16 12 0 0 6 9 2 0 0 3 8 7 0 5 0
0 0 14 7 8 1 0 3 0 16 0 10 12 15 2 0
0 0 3 0 15 5 0 0 13 6 0 14 9 1 11 0
0 0 0 5 0 13 0 6 0 2 0 4 0 0 0 3
0 0 0 13 0 0 0 0 12 3 8 0 15 0 6 7
9 0 0 15 16 0 0 0 0 0 0 11 5 0 4 13
