0 7 0 0 0 10 15 2 4 0 5 14 12 11 0 8
0 0 8 14 16 0 0 7 0 11 0 10 15 4 0 1
0 0 10 13 11 4 1 12 0 0 2 15 0 7 0 0
15 12 11 4 0 0 0 14 6 7 1 13 0 0 0 0
8 0 13 16 0 1 0 3 12 0 6 0 0 14 0 0
0 14 0 1 0 0 0 0 13 0 15 0 3 6 7 11
0 0 15 0 0 9 0 0 5 0 14 7 2 13 0 16
0 10 7 2 0 0 14 0 0 0 0 0 4 8 0 9
13 0 2 12 14 7 0 0 16 15 0 5 11 1 0 6
7 15 4 3 10 11 16 0 1 9 0 8 14 12 5 0
16 0 9 0 0 0 2 13 14 0 0 0 0 15 3 7
11 5 0 6 15 0 4 0 2 12 7 3 16 9 10 0
0 0 0 0 0 14 0 0 11 4 16 12 0 5 9 0
9 16 12 5 0 2 0 15 0 0 8 0 0 3 0 14
4 11 0 15 9 5 7 0 10 14 3 1 13 2 8 12
0 13 0 8 1 0 0 0 15 5 9 2 0 10 0 0
