10 0 6 0 0 0 15 7 0 5 1 0 0 0 0 0
0 0 0 0 0 13 12 3 0 8 9 0 4 5 0 0
0 0 0 0 0 10 0 5 14 15 0 6 0 0 16 0
15 0 4 7 14 9 2 6 0 0 13 11 8 0 0 0
0 9 0 0 15 0 10 0 12 0 5 16 0 14 11 0
0 7 5 0 3 0 9 2 10 0 8 13 0 0 0 0
3 0 1 6 13 5 4 12 0 11 0 0 10 0 0 0
12 15 14 10 0 16 7 11 9 0 6 2 3 4 0 0
7 3 16 0 9 0 0 0 1 10 12 4 11 13 2 0
11 0 0 4 2 0 5 16 8 13 0 3 1 0 0 14
0 10 12 0 4 0 0 0 6 0 16 0 5 7 3 8
0 0 15 1 7 12 3 0 11 14 2 0 16 0 4 9
5 4 7 12 10 3 16 0 0 6 0 1 0 15 8 2
2 16 0 15 6 0 13 4 5 12 3 0 9 11 0 10
0 0 3 0 12 2 0 0 0 7 10 8 0 16 13 5
0 0 10 0 5 0 14 0 16 2 15 9 12 3 0 4
