1 3 7 0 10 6 12 2 5 0 0 0 8 14 9 15
0 0 0 0 5 0 0 0 0 0 7 0 0 0 0 6
14 0 0 4 0 0 0 8 0 9 6 0 0 2 5 0
2 5 0 6 13 3 15 0 10 12 0 0 7 16 11 1
16 0 8 0 6 2 0 0 0 0 4 0 0 7 15 0
5 0 12 7 8 0 10 9 3 0 1 6 13 11 16 2
6 0 3 0 0 13 14 1 2 15 0 16 12 0 0 10
0 0 0 2 4 12 16 3 7 8 0 0 6 5 1 14
0 12 11 0 14 4 13 0 0 1 0 0 0 0 6 9
8 2 1 13 0 16 0 0 9 4 15 10 0 3 7 11
4 14 5 15 0 0 7 11 13 6 3 12 2 0 0 16
9 6 0 10 0 0 3 15 0 5 11 7 0 12 0 0
0 8 0 0 16 9 2 13 0 0 10 1 11 0 0 5
0 0 4 1 0 0 8 0 6 3 14 0 0 0 0 0
3 7 0 16 1 5 0 0 0 2 13 9 0 10 12 8
0 0 2 0 3 0 6 0 8 16 12 0 0 1 0 13
