9 3 0 8 11 1 14 10 16 4 0 0 13 15 2 0
14 0 0 12 8 0 0 0 0 3 2 0 9 1 0 0
0 0 0 0 4 0 7 3 1 0 9 13 0 0 14 0
1 15 6 16 0 0 13 0 0 0 0 14 3 0 10 7
0 0 0 0 0 0 2 15 6 13 0 0 0 0 1 10
6 9 10 0 1 8 11 0 12 14 4 0 0 2 5 3
16 13 0 0 9 4 0 0 0 0 0 15 0 7 8 12
0 0 0 0 10 12 0 0 2 11 7 0 4 0 13 14
13 0 12 6 15 0 8 1 4 0 10 0 0 0 3 9
8 16 9 0 0 0 0 14 0 2 15 0 10 11 7 4
0 14 0 4 5 11 10 7 8 0 16 0 0 13 12 6
0 7 0 0 16 0 4 0 0 0 13 0 1 5 15 8
2 11 0 14 0 10 5 8 13 0 6 4 0 12 9 0
0 0 4 0 2 15 6 0 7 1 11 3 0 14 0 13
7 0 8 3 13 16 1 4 9 12 0 2 0 10 11 0
12 1 16 13 14 0 0 11 0 0 0 10 6 3 0 0
