7 1 6 10 0 0 8 14 12 0 2 0 0 3 0 9
5 0 0 8 0 4 0 0 1 0 9 13 15 14 0 2
3 0 16 14 6 0 12 9 0 0 0 8 0 4 0 1
4 0 9 15 1 5 0 2 10 0 16 0 6 0 0 0
1 7 0 16 0 11 0 0 2 3 12 0 9 13 5 14
13 10 0 0 14 0 16 0 0 9 0 0 0 1 0 0
6 9 0 0 15 0 0 13 0 5 0 16 10 0 0 0
11 3 0 5 0 2 0 10 0 1 13 15 12 0 0 16
0 6 0 7 0 9 4 15 16 0 3 1 8 5 14 12
8 15 5 0 0 14 0 6 4 0 10 9 2 16 13 0
12 0 0 4 10 0 0 16 11 0 8 0 1 0 9 3
9 16 1 11 3 13 0 8 0 0 15 14 7 10 0 4
0 0 10 0 5 0 0 1 15 11 0 12 4 2 7 0
0 4 11 0 2 8 15 12 0 0 0 0 0 9 0 10
2 0 7 0 0 16 0 11 0 0 0 4 0 12 15 6
15 12 0 1 4 6 13 7 0 10 0 0 0 0 8 5
