0 10 16 2 0 15 12 9 11 0 3 6 13 0 8 4
0 0 8 5 0 6 1 0 2 0 0 0 12 0 0 0
1 0 12 4 0 14 0 7 5 0 0 15 6 2 16 3
14 6 13 0 4 0 3 2 9 12 0 7 1 10 0 0
8 0 0 6 0 0 16 12 0 2 15 0 7 0 0 10
0 0 15 0 7 0 13 0 0 0 9 4 0 0 6 11
9 0 3 10 0 0 0 6 0 7 5 1 0 15 12 13
0 0 14 13 9 0 15 1 0 0 11 12 2 0 3 8
0 0 5 0 6 0 10 16 3 0 0 9 0 13 11 14
0 14 6 15 0 9 7 13 0 5 0 0 0 16 0 12
11 0 1 0 12 5 0 4 7 15 13 10 0 9 2 6
10 13 0 9 0 0 8 15 0 6 12 14 4 7 1 0
12 4 0 0 0 7 0 3 0 9 16 0 0 0 15 0
13 0 0 0 16 12 6 11 0 14 7 0 10 0 0 2
2 15 7 8 0 0 0 14 0 10 0 0 0 3 0 0
6 16 10 3 15 13 0 8 4 0 0 2 9 0 0 7
