7 5 6 1 14 0 15 0 16 11 9 2 12 13 10 0
9 11 0 0 10 16 8 0 14 7 13 0 0 5 15 4
16 0 0 0 0 11 12 7 5 0 10 0 0 0 0 0
10 12 8 0 13 5 6 9 0 0 1 0 0 0 0 2
3 7 5 10 16 15 13 14 0 1 4 0 0 8 2 0
8 0 15 0 9 6 11 0 7 16 5 14 1 10 3 13
1 14 12 16 3 0 0 8 13 0 0 6 0 4 0 15
6 0 0 11 1 4 2 0 0 15 0 10 16 12 7 14
11 1 0 15 0 12 9 0 0 0 16 0 2 0 0 0
12 8 9 6 0 2 4 11 1 13 14 0 0 0 0 10
0 0 16 7 0 0 5 0 0 4 2 11 14 6 0 12
0 4 0 0 15 14 0 3 0 12 0 0 8 0 0 0
14 10 7 0 4 8 1 6 0 0 0 0 15 0 12 16
0 0 11 0 0 0 3 16 2 14 12 4 0 0 6 1
0 0 0 0 12 0 14 0 6 0 7 1 0 0 8 0
5 0 1 0 0 0 0 0 8 10 15 16 0 9 0 0
