11 0 0 0 4 10 14 12 5 15 13 0 8 0 0 0
0 12 0 0 0 0 13 16 0 11 9 2 0 0 0 0
0 2 13 14 1 15 9 0 4 10 0 12 5 16 0 0
0 15 8 0 5 0 3 0 16 0 14 7 4 13 12 0
12 14 9 0 13 0 1 7 0 0 6 0 3 11 15 4
16 4 3 0 0 11 0 9 7 0 15 5 0 12 13 1
0 0 5 6 8 12 0 0 11 4 1 13 16 0 9 2
13 1 15 11 2 0 10 4 9 3 12 14 0 0 0 0
1 9 14 15 10 0 11 6 0 7 4 0 0 0 16 5
2 0 0 0 0 1 4 0 0 0 0 15 14 6 0 8
0 6 4 13 16 0 0 5 12 0 0 0 1 0 7 3
0 11 0 0 15 8 7 0 2 0 16 0 9 0 0 13
0 0 11 0 6 4 16 0 0 0 0 3 2 8 5 9
0 0 0 0 9 0 8 0 0 0 10 0 11 0 1 15
9 5 0 10 3 0 12 15 1 0 8 11 6 0 14 16
0 0 6 4 11 0 5 0 15 16 0 9 0 0 10 0
