15 0 0 13 3 1 14 8 10 7 2 9 6 0 5 4
12 1 14 4 5 10 0 6 0 13 8 15 0 0 2 0
0 6 0 0 12 13 15 0 14 0 0 5 8 11 10 0
8 0 5 10 0 16 11 2 3 0 0 0 14 15 0 0
9 0 0 0 0 11 0 0 15 0 3 6 5 2 14 0
0 0 2 0 7 4 1 15 0 8 16 0 0 0 11 0
6 10 15 12 14 0 0 0 4 0 5 2 0 0 0 8
11 16 0 0 0 0 2 0 0 9 0 0 15 0 3 12
10 15 4 14 11 8 5 0 13 2 6 12 7 9 0 0
0 0 0 0 15 0 10 9 1 0 0 0 12 0 4 13
0 5 12 11 16 7 13 14 9 3 15 0 10 8 0 0
0 0 3 9 2 12 6 4 16 0 0 0 0 0 0 0
5 13 8 1 9 0 0 11 2 0 14 0 16 0 7 0
0 12 0 0 0 14 4 13 8 15 7 3 1 10 0 5
0 0 0 0 8 0 3 10 0 1 0 16 4 14 12 0
4 0 0 0 1 5 7 16 6 0 0 11 0 0 8 0
