5 7 8 15 0 0 3 0 2 0 10 14 0 1 12 0
12 2 0 14 0 0 0 0 0 0 3 8 13 10 0 11
0 0 0 4 0 8 0 0 5 15 0 0 0 7 14 6
0 13 0 0 0 12 0 14 4 0 1 16 0 0 0 15
0 0 10 0 0 3 0 0 12 8 0 0 0 14 11 1
0 12 15 11 1 0 0 8 14 0 4 5 9 6 10 0
1 14 0 8 16 10 4 11 9 0 0 0 15 12 0 2
3 4 0 0 12 14 0 9 0 1 11 15 7 0 0 0
15 8 4 16 10 0 12 0 11 2 9 13 0 0 7 5
11 0 14 9 0 4 0 13 0 5 0 0 0 0 15 16
0 0 0 0 0 2 14 15 16 4 8 10 11 9 1 13
7 0 13 0 0 11 0 0 0 14 15 12 6 4 8 10
4 15 9 12 8 0 6 3 1 11 14 0 10 0 16 0
0 0 0 0 4 0 11 12 8 10 7 9 3 15 0 14
0 0 0 0 14 16 10 2 0 6 0 0 0 0 9 0
0 6 0 0 15 9 1 7 13 0 16 3 0 11 2 4
