0 5 7 0 0 0 11 15 3 9 0 0 0 14 10 13
11 0 0 2 0 0 1 0 0 0 0 16 0 12 0 0
0 0 13 0 0 0 9 3 11 5 12 1 4 7 8 16
0 0 16 12 10 0 0 4 0 7 0 0 1 0 11 0
9 0 0 15 0 11 12 14 5 8 10 6 3 16 7 1
5 3 10 14 0 13 8 16 1 2 0 9 0 0 0 0
16 0 0 0 0 0 10 6 14 15 0 0 0 0 0 8
0 0 8 0 15 9 3 2 0 12 4 13 0 10 14 0
0 0 3 0 1 15 0 9 8 0 14 0 0 0 6 0
4 0 11 8 16 10 2 0 0 0 0 7 9 1 0 0
2 6 12 7 3 4 13 0 9 0 0 15 10 8 5 0
15 16 1 9 6 12 0 8 0 10 2 0 0 3 13 11
0 4 15 13 11 7 16 0 12 0 0 2 0 5 0 9
14 11 5 1 9 0 6 13 7 0 8 10 12 4 0 0
10 0 0 0 8 14 0 0 15 3 5 11 0 13 1 0
12 0 6 3 2 0 15 1 13 14 0 0 0 0 0 0
