0 10 12 2 0 7 13 5 0 0 0 0 4 6 0 0
0 0 11 14 0 2 8 3 6 0 12 0 0 0 0 0
9 0 0 0 0 6 0 16 10 2 7 15 0 0 12 1
0 0 0 0 12 10 9 0 5 0 0 0 0 11 7 0
0 15 0 0 0 0 4 14 3 0 2 8 11 9 1 0
0 7 0 3 13 0 0 8 11 15 1 6 0 5 0 10
5 0 1 0 2 0 10 15 0 4 9 0 7 0 6 8
0 2 9 4 3 0 0 11 0 0 0 0 15 0 14 12
0 0 6 11 8 4 3 0 13 0 0 7 9 0 2 15
2 8 0 12 5 13 14 9 0 0 3 1 10 4 0 0
4 0 13 0 0 11 15 0 0 16 0 0 0 14 3 5
0 5 3 10 6 16 2 12 8 14 4 0 1 7 13 0
6 0 2 13 16 15 7 0 4 0 11 14 0 1 0 9
0 12 16 7 4 8 1 13 0 6 15 5 14 0 0 0
14 1 5 0 0 3 0 6 2 7 16 0 13 15 8 4
11 0 0 15 0 14 0 2 0 3 0 0 0 0 10 7
