10 7 9 3 0 12 14 0 0 0 0 0 4 0 11 6
13 14 2 0 10 6 1 15 3 0 4 11 0 5 0 16
4 8 0 0 2 9 13 7 1 14 6 16 12 3 15 0
0 16 0 15 4 11 0 8 5 0 0 7 14 0 13 0
0 0 0 0 8 4 0 1 0 15 5 12 2 10 16 11
8 6 16 0 14 0 5 0 0 1 0 0 13 0 0 15
2 0 11 0 6 0 0 0 10 7 0 8 0 12 1 0
5 0 0 0 11 0 0 0 4 0 0 0 6 0 0 8
7 5 0 0 13 3 6 0 0 0 0 0 11 15 0 0
3 12 14 8 15 0 4 0 0 2 0 5 0 0 9 7
11 0 10 6 5 0 9 0 0 0 0 0 1 0 0 13
0 13 15 2 12 1 8 10 11 6 7 14 0 16 0 5
15 10 13 1 7 8 11 0 0 5 0 9 0 14 0 0
16 2 4 9 0 5 0 0 14 11 0 6 0 8 0 0
12 3 0 14 0 2 0 0 0 0 0 1 15 11 0 4
6 11 8 5 1 14 0 16 7 0 10 0 9 13 0 3
