6 0 15 9 3 8 13 16 0 0 5 12 0 11 0 10
13 0 11 12 9 1 10 0 0 0 15 3 0 0 0 0
1 0 10 0 0 11 0 2 0 13 9 14 0 0 6 12
0 7 14 16 0 0 0 0 11 0 2 0 0 0 13 1
3 14 7 0 10 12 16 0 13 5 11 1 15 0 8 4
11 1 9 8 15 0 0 6 0 0 0 2 16 10 7 0
0 15 0 6 8 2 0 4 0 0 3 16 0 1 0 0
0 0 12 0 7 0 1 11 15 6 0 0 13 2 0 9
16 0 0 11 0 7 0 1 0 15 8 4 0 0 0 2
0 9 1 14 5 0 4 0 12 2 13 11 0 0 0 7
2 12 0 7 0 16 0 15 9 10 0 6 0 13 0 3
8 3 4 10 0 6 0 13 5 0 1 0 9 0 0 11
0 10 3 1 0 0 11 0 8 0 0 0 2 0 9 6
0 4 0 13 1 9 0 0 0 3 6 0 8 5 11 16
0 0 8 0 0 0 12 3 2 0 16 9 0 4 1 15
9 0 0 15 2 4 6 0 0 0 7 5 12 3 10 0
