0 0 3 16 0 0 0 14 13 0 7 10 4 9 0 0
0 14 0 0 13 0 2 9 0 5 12 0 0 6 7 0
0 1 2 10 6 7 0 3 0 0 11 0 12 0 16 0
7 6 0 4 11 5 10 0 0 1 16 8 13 0 0 14
5 0 0 9 0 0 0 15 16 0 13 7 14 0 12 4
4 0 0 6 0 0 7 8 0 2 14 0 9 1 5 13
0 15 0 8 14 13 0 4 0 0 9 1 7 0 0 16
2 0 13 0 5 9 0 0 0 12 0 0 11 3 15 8
6 0 0 0 10 15 0 0 1 14 0 12 3 0 13 7
16 0 7 0 0 0 14 11 15 3 0 13 0 4 0 0
0 10 0 3 7 4 13 6 11 0 5 0 0 0 0 0
0 0 4 0 16 3 5 1 10 0 8 0 0 11 9 0
8 0 10 1 3 0 0 5 7 0 2 6 0 0 0 0
0 4 0 0 0 2 16 10 9 0 3 5 8 12 11 6
9 2 0 5 0 8 15 13 0 10 1 11 16 0 14 3
3 0 16 12 0 0 6 7 8 4 15 0 10 5 1 2
