15 3 2 0 0 0 7 9 0 0 0 0 10 13 0 8
0 7 0 0 3 11 5 0 0 0 13 6 1 4 16 14
5 0 10 1 15 0 6 16 9 0 7 8 12 11 0 2
16 14 4 6 0 13 8 2 11 0 0 3 0 15 5 9
6 0 1 2 9 12 4 8 15 7 0 0 0 3 0 13
3 9 13 12 16 10 0 15 0 8 14 4 2 0 0 0
0 15 14 0 1 5 2 13 0 11 16 9 6 0 0 12
0 10 0 5 7 6 0 14 13 2 0 1 16 8 0 0
0 0 12 3 6 0 10 0 8 0 15 0 0 0 0 11
0 5 15 0 0 2 0 3 0 6 11 0 9 16 0 0
0 0 8 0 11 15 0 0 0 5 9 0 13 0 2 0
13 0 0 10 8 9 16 0 1 12 0 2 0 0 15 6
2 0 3 0 4 0 0 12 10 0 5 11 0 6 14 0
7 12 0 13 0 0 0 0 0 1 0 15 0 9 0 0
11 8 0 0 10 0 0 6 0 4 2 13 15 1 0 5
10 0 6 0 5 0 0 0 12 0 0 14 0 2 13 16
