0 0 14 8 15 0 10 16 0 0 0 13 7 0 0 12
11 7 0 5 14 0 8 12 0 0 0 0 0 0 0 4
3 4 12 16 5 0 7 0 0 6 0 14 0 0 1 9
15 9 10 6 2 3 0 4 16 0 0 0 0 13 0 14
12 0 2 0 11 0 14 0 1 8 0 0 9 7 16 15
14 1 6 15 12 8 0 2 11 7 0 5 4 0 3 13
4 10 5 9 3 0 16 7 13 12 0 0 0 11 2 8
0 0 0 0 0 13 15 10 0 9 0 0 0 5 12 1
0 12 0 4 0 2 0 5 0 14 0 0 3 0 9 7
5 0 1 7 16 12 0 15 0 3 2 4 8 14 0 0
9 13 0 10 0 0 3 1 12 16 6 11 5 0 15 0
0 0 3 0 0 0 4 0 5 0 1 7 12 6 11 16
6 16 0 0 9 15 5 0 8 4 12 0 13 2 10 11
0 0 4 2 10 0 0 8 3 0 11 0 0 12 0 5
0 0 0 0 0 7 2 11 0 10 0 0 16 9 0 3
10 0 9 1 13 4 0 3 0 0 0 0 0 0 0 6
