0 0 0 0 1 0 4 0 0 6 0 0 13 11 0 2
4 11 0 1 3 7 0 6 15 0 0 16 0 14 0 0
7 0 0 0 8 16 5 12 0 9 11 0 4 15 0 6
12 0 0 3 2 0 0 13 0 4 0 14 1 0 10 7
14 1 3 12 6 0 0 4 0 15 9 10 5 0 8 0
0 5 0 0 0 2 3 0 7 1 12 0 0 10 14 11
0 0 7 0 9 0 15 0 0 0 6 0 0 12 0 0
2 10 4 0 0 0 16 0 0 0 5 0 7 3 15 9
0 15 12 0 5 0 1 11 0 0 13 9 8 7 2 10
10 0 1 0 16 0 8 0 6 0 0 15 14 0 0 0
0 16 2 14 0 6 13 7 10 3 4 8 0 0 11 0
13 8 9 7 0 4 0 15 0 0 1 0 0 0 6 5
3 4 10 13 7 1 0 0 11 8 15 0 2 0 9 14
0 12 0 2 15 13 10 9 4 0 14 6 0 8 1 3
1 14 0 15 0 0 0 3 0 13 2 12 10 0 7 16
8 7 6 0 0 14 2 5 1 10 16 0 0 0 13 0
