11 3 2 8 15 13 9 0 7 12 16 5 0 4 10 0
16 9 15 0 10 0 7 3 8 0 13 0 5 12 6 2
13 0 0 0 0 4 8 0 10 0 0 2 7 16 0 11
14 1 7 10 12 16 0 0 6 0 0 0 0 0 0 0
4 2 8 0 0 0 0 0 0 5 0 13 0 7 12 16
12 5 0 0 16 15 11 0 0 0 0 3 2 13 9 0
15 0 0 0 2 9 5 0 14 0 12 0 0 0 0 4
3 16 14 7 6 0 4 13 9 2 0 8 1 11 0 5
1 15 0 0 0 0 3 0 12 16 0 0 9 2 4 0
10 0 9 2 4 14 15 11 0 7 8 0 16 3 1 0
6 11 0 0 9 7 1 0 13 0 2 0 0 5 14 0
7 8 0 0 5 0 13 16 0 10 1 9 12 0 0 0
0 0 13 0 3 10 16 0 1 8 9 7 11 15 0 6
0 0 16 3 11 0 12 0 0 0 0 10 0 14 0 8
0 10 0 6 7 0 0 2 11 15 0 0 0 9 16 3
0 4 0 0 0 8 0 9 0 3 5 14 0 0 7 12
