1 13 0 4 15 10 0 12 0 5 0 0 7 0 9 6
0 16 0 3 0 7 0 2 10 8 6 0 15 11 0 13
14 10 8 15 0 0 0 16 9 3 7 0 0 1 2 0
11 7 0 0 0 0 0 0 0 0 0 0 5 3 16 0
0 0 0 0 16 9 2 0 0 0 0 5 11 6 15 0
0 14 9 0 8 1 13 0 0 15 0 10 3 16 12 0
3 0 4 5 6 0 14 0 16 9 13 0 8 0 0 0
12 8 16 2 10 15 11 3 7 6 1 14 4 0 0 0
13 4 0 9 5 14 8 6 3 0 0 0 2 0 7 11
0 11 3 12 0 13 15 1 5 14 0 0 10 4 0 16
15 0 6 0 7 3 16 0 0 11 0 0 0 0 0 1
16 2 0 7 0 11 0 9 13 0 0 0 14 0 0 5
10 12 15 16 1 4 0 0 0 2 0 3 9 14 11 8
0 0 14 13 3 6 5 0 11 10 16 8 0 7 0 12
5 0 11 0 14 0 12 0 0 0 0 0 16 13 0 3
4 0 7 8 9 16 0 0 12 13 0 0 6 0 5 0
