0 1 12 4 0 5 16 9 3 0 7 15 0 11 8 0
8 0 5 11 0 6 3 4 10 14 13 12 7 16 0 1
0 7 0 0 8 0 0 12 0 0 2 0 0 10 9 4
15 0 0 0 0 0 0 0 0 9 1 8 5 3 2 0
16 0 11 1 5 13 8 15 0 0 6 0 0 7 3 0
13 3 6 0 4 0 0 0 0 0 8 7 2 0 10 14
4 0 7 0 1 0 0 0 12 0 5 9 15 0 0 8
0 12 8 0 0 10 7 0 15 0 16 13 4 1 6 0
11 13 0 9 16 14 0 0 2 8 15 0 0 4 0 0
0 8 0 10 13 0 0 0 7 12 4 0 0 0 14 16
12 4 0 2 0 0 0 8 13 16 11 0 0 15 0 0
0 5 0 16 3 4 10 0 6 1 0 14 0 0 12 2
0 14 16 7 11 0 4 10 0 15 0 2 0 6 13 0
3 0 2 0 12 16 6 0 9 0 10 0 0 0 11 0
10 0 9 0 15 7 0 3 8 13 14 11 0 0 4 5
5 11 4 8 9 0 13 14 16 7 0 6 10 0 0 0
