10 3 2 7 15 13 0 14 0 11 4 16 5 0 0 1
9 15 4 16 6 10 12 7 5 0 8 1 11 0 2 0
0 13 8 1 5 0 0 11 0 0 7 10 4 0 0 9
0 12 0 11 8 3 0 1 0 13 0 9 10 7 15 16
0 4 0 9 7 16 15 0 1 0 10 11 6 8 0 0
7 5 0 0 9 0 8 0 0 0 3 12 16 2 11 14
0 0 0 0 0 11 0 6 7 9 5 8 0 10 0 0
0 0 3 0 0 0 0 0 13 14 16 4 0 0 0 7
1 9 0 3 0 0 11 12 8 4 0 0 0 13 7 6
8 10 15 14 2 0 0 5 0 0 0 0 3 1 0 0
0 0 0 0 0 1 3 0 0 12 0 14 15 16 10 11
0 11 0 12 16 6 7 0 10 1 0 0 8 0 14 5
12 16 0 0 0 8 0 0 0 5 9 0 14 4 0 15
15 1 0 4 0 7 5 9 0 8 6 13 12 0 16 2
5 14 0 2 0 12 6 16 0 0 0 0 7 11 13 0
0 8 0 0 0 15 0 4 11 16 0 2 0 0 0 10
