6 13 10 14 0 4 1 5 0 0 0 2 15 8 7 0
12 0 7 8 2 3 0 15 13 11 14 4 1 9 0 6
0 1 11 3 7 9 0 0 10 8 6 0 0 4 12 0
2 4 5 0 6 0 12 0 1 0 16 0 3 0 0 0
10 9 2 15 4 0 8 0 6 7 13 0 11 0 0 0
0 8 4 0 0 0 15 7 11 0 0 16 0 10 9 5
0 5 6 0 13 1 2 0 12 9 0 0 14 0 15 3
0 0 14 0 9 16 0 6 15 1 5 10 2 13 8 4
0 11 3 0 5 0 0 0 0 0 8 0 0 0 0 0
9 2 16 0 14 12 7 0 5 10 0 13 0 11 3 15
7 15 0 5 0 10 3 8 0 14 0 9 0 0 0 16
0 0 8 0 11 0 6 0 2 0 0 12 9 0 0 1
0 6 0 0 0 0 16 12 0 0 10 3 0 0 14 9
0 0 13 0 0 6 0 9 8 5 15 0 0 0 0 7
0 0 15 12 10 7 0 14 9 0 0 0 0 6 11 0
5 7 9 16 15 11 13 1 14 4 12 6 10 0 0 0
