0 0 1 0 8 0 0 0 3 10 13 14 0 12 7 0
3 0 8 7 16 0 1 2 15 0 0 0 0 0 0 14
9 0 0 11 14 13 0 12 1 7 0 0 4 0 0 0
12 0 13 5 15 0 7 0 2 16 4 9 0 3 0 0
10 8 16 0 2 12 4 0 9 13 5 0 0 0 15 3
0 9 6 3 11 8 14 13 16 0 12 0 5 4 10 1
14 0 0 0 0 5 16 3 4 0 0 0 0 9 0 7
7 0 5 4 9 15 0 1 0 14 0 0 0 13 0 8
2 0 9 8 0 11 0 6 10 0 16 0 7 5 0 15
11 4 12 0 0 0 10 14 6 0 8 5 9 2 0 13
6 0 0 10 13 1 2 0 12 0 0 0 3 0 16 4
16 0 3 14 5 9 0 0 0 0 2 0 10 6 12 11
1 3 0 0 6 0 0 0 0 0 10 0 15 0 4 9
13 10 15 0 1 3 9 8 0 6 7 0 0 16 0 0
0 16 14 9 0 0 11 10 5 0 15 3 6 0 0 12
5 7 4 6 0 14 15 0 0 0 0 0 8 0 3 10
