8 2 0 0 15 13 0 0 5 0 6 3 7 11 16 9
1 0 13 11 10 12 5 0 16 0 7 0 8 0 2 14
0 16 9 4 7 0 1 8 14 0 0 12 6 0 0 5
0 3 0 14 0 11 16 0 0 0 10 0 4 12 0 1
0 13 0 0 1 15 10 0 0 0 9 7 11 5 14 16
0 11 14 0 4 9 0 7 0 0 12 0 0 2 0 3
0 9 2 16 6 0 0 0 0 3 0 11 0 8 1 7
0 0 15 0 14 16 3 0 13 10 0 0 0 6 0 4
9 8 4 2 5 7 15 0 12 6 0 0 0 0 11 0
6 0 0 0 12 0 2 9 4 5 0 10 0 16 0 15
16 14 5 13 0 0 0 0 0 11 0 9 2 7 0 12
12 0 1 10 11 0 13 0 7 0 8 0 5 0 0 6
0 10 0 0 0 1 4 0 11 0 3 6 0 13 12 8
0 0 3 0 13 0 0 12 0 8 2 0 0 4 5 10
13 12 6 9 0 0 0 5 10 14 4 15 16 1 7 2
0 4 0 0 16 0 0 0 1 0 5 13 15 3 6 0
