11 13 0 2 0 8 7 15 1 5 4 10 6 16 0 0
5 6 8 3 0 0 2 0 14 0 12 15 4 11 9 10
16 0 15 0 4 5 10 0 0 0 8 9 0 2 1 0
7 0 4 0 6 0 0 9 11 16 2 0 3 0 0 0
2 0 0 15 7 4 0 8 0 12 0 5 1 0 0 3
0 0 0 16 13 6 0 0 0 8 11 2 0 0 15 4
0 0 0 9 15 0 0 5 4 0 0 0 7 0 2 16
4 7 13 5 12 0 0 2 3 0 0 16 0 14 8 6
6 0 7 0 0 0 5 10 15 11 9 0 8 0 0 0
10 3 12 0 0 9 15 0 0 0 13 0 11 0 0 0
15 0 0 1 11 0 6 0 5 4 7 8 9 0 10 0
0 11 0 4 0 2 0 0 0 0 6 0 14 1 16 0
0 0 16 11 2 7 8 3 0 15 5 4 12 6 13 0
0 5 0 0 9 15 0 12 2 0 3 7 16 0 4 14
0 15 0 0 5 0 4 6 9 0 0 12 0 8 3 11
0 4 2 12 10 16 14 0 8 6 0 0 15 5 7 0
