11 5 4 8 10 12 0 0 0 0 0 14 3 7 16 6
12 0 14 0 0 11 8 15 5 16 10 6 4 2 9 1
1 15 16 0 0 7 6 0 0 4 11 12 0 0 8 0
9 0 0 0 0 5 0 0 0 8 3 7 10 0 12 15
0 0 8 0 0 0 12 0 0 0 14 0 0 13 11 10
6 10 5 0 0 9 0 3 12 0 8 0 2 16 14 7
14 9 0 0 8 16 15 6 0 0 7 10 0 0 0 0
0 7 12 0 5 14 2 0 0 0 6 0 9 0 15 8
5 1 0 6 12 15 10 0 0 7 0 0 0 14 0 16
0 14 0 12 0 0 16 7 0 0 0 1 0 9 2 0
0 4 10 3 0 2 0 5 13 6 16 11 7 15 0 12
0 2 15 0 0 0 0 13 8 0 12 0 0 6 0 0
0 11 7 0 14 8 0 12 16 3 0 13 15 4 6 0
16 12 6 14 0 1 0 4 7 10 9 0 13 0 0 11
2 0 0 4 0 10 9 16 0 0 5 8 1 0 7 0
15 0 1 5 0 13 0 0 14 12 4 2 0 10 0 9
