4 8 16 10 2 0 12 13 0 0 5 14 1 15 0 0
0 11 0 7 0 0 9 6 4 0 16 8 0 0 14 12
0 0 14 0 4 0 0 0 0 0 10 11 6 9 0 13
0 9 6 0 16 10 3 14 1 15 0 2 5 8 11 4
10 13 0 5 0 8 0 0 0 7 9 15 12 0 4 0
0 0 0 8 14 3 15 7 0 1 2 12 0 0 6 0
2 0 0 0 13 0 0 0 0 0 0 0 0 1 0 9
0 0 1 0 0 2 0 0 13 0 3 4 14 7 8 11
11 1 2 9 5 0 7 0 0 14 12 3 0 6 13 16
0 0 7 12 0 0 2 3 0 9 0 10 0 0 0 8
16 6 15 3 0 0 11 8 2 5 13 7 9 0 0 14
8 10 0 4 0 0 14 0 15 11 0 1 0 3 2 5
13 15 0 16 12 9 10 11 7 4 1 0 0 0 3 0
0 0 9 2 8 5 1 4 0 0 15 0 0 13 0 7
7 5 12 11 0 0 16 15 10 0 14 0 0 0 9 0
0 0 10 1 7 0 13 0 3 0 0 9 0 12 5 15
