0 13 5 0 0 0 0 15 0 2 0 11 0 0 1 0
0 0 0 0 0 1 0 16 0 0 13 7 0 12 11 14
0 11 3 0 8 0 0 0 16 0 10 0 9 5 2 0
9 1 4 0 2 3 11 7 12 0 8 0 6 16 10 0
13 3 0 7 0 0 0 12 0 14 0 9 0 2 15 5
0 15 0 8 0 5 0 9 11 0 2 0 7 13 0 0
11 0 0 1 15 0 2 0 0 13 7 16 12 0 4 10
0 0 2 0 3 0 7 13 0 5 15 10 11 14 0 1
0 0 0 2 10 12 0 6 15 8 16 3 13 0 14 9
0 14 8 13 4 0 3 0 1 9 11 2 15 10 12 0
10 6 0 15 9 16 0 11 5 7 14 0 2 1 8 0
3 0 1 0 0 0 15 8 6 0 12 13 5 0 16 0
14 0 0 0 0 6 0 0 0 0 3 15 16 0 7 11
0 0 0 3 7 14 0 10 13 16 5 8 1 0 0 2
8 7 13 0 0 9 0 0 2 0 6 14 0 0 5 12
1 0 16 6 0 0 8 0 0 0 9 12 14 3 13 4
