4 11 14 0 16 0 2 1 5 10 15 0 0 7 0 8
10 0 3 0 0 0 11 0 4 0 6 16 14 0 0 0
9 16 13 0 0 15 6 3 1 0 0 0 0 4 5 0
7 15 0 5 8 0 10 0 0 9 0 0 0 16 11 1
3 6 0 11 0 12 0 9 16 0 13 8 2 14 10 0
16 0 10 0 0 0 13 0 2 6 3 4 0 5 7 12
13 0 12 0 2 3 0 6 0 0 10 0 9 11 0 16
0 8 15 1 10 0 14 7 11 5 12 9 4 3 6 13
1 0 4 0 0 11 0 8 0 0 0 10 5 0 16 7
5 14 0 10 3 2 15 13 0 0 16 6 12 1 9 0
8 0 11 0 5 1 9 0 0 0 0 0 15 13 3 0
0 13 9 0 0 6 0 10 15 3 5 0 0 2 14 0
11 0 16 4 15 0 3 2 9 12 0 0 0 0 1 0
15 0 8 13 0 0 7 12 0 16 1 0 0 9 0 14
0 0 0 3 0 0 0 4 0 15 7 11 13 0 0 0
14 7 0 0 0 10 8 0 6 0 4 5 0 15 12 0
