0 8 15 16 0 2 0 0 0 9 0 5 4 0 11 0
6 13 0 0 15 9 16 12 11 3 7 1 8 10 0 5
11 0 9 12 13 14 6 5 15 8 0 0 1 3 16 0
1 0 5 0 3 11 8 0 13 16 10 0 6 9 15 0
16 4 8 13 9 0 0 0 0 11 0 7 5 0 3 10
0 3 11 0 5 16 13 2 1 0 12 4 9 7 0 8
5 0 0 9 7 6 0 14 8 15 0 10 13 0 0 11
0 7 14 6 4 8 0 0 0 5 0 13 15 16 12 0
8 9 0 0 16 10 0 13 5 2 1 15 0 0 0 0
13 0 0 0 0 0 4 0 0 10 3 14 2 0 7 0
0 0 3 0 0 0 0 0 0 4 13 0 0 0 5 12
0 0 4 0 11 3 0 15 0 0 8 16 14 0 0 9
9 5 12 3 0 13 0 0 0 1 2 6 10 0 8 4
0 16 0 0 0 15 2 0 4 13 0 0 12 5 1 14
0 0 0 0 8 0 5 16 10 12 0 0 7 2 0 0
0 15 10 0 12 1 0 0 0 7 5 0 3 0 13 0
