0 0 0 9 0 2 3 10 11 0 7 12 0 0 0 4
0 0 11 0 1 12 7 13 4 5 0 0 0 10 0 14
1 0 15 2 4 6 0 9 0 0 10 14 7 12 3 0
0 7 0 4 0 8 0 0 3 0 15 0 0 0 0 13
13 9 3 0 0 7 0 0 5 14 4 10 0 2 11 0
0 16 5 14 0 0 0 4 1 0 0 11 6 13 0 0
0 0 6 15 12 0 10 0 7 16 8 0 4 0 9 5
0 1 4 10 14 5 0 11 0 15 2 0 16 0 8 0
0 2 16 5 0 11 8 6 0 0 0 0 0 1 12 9
6 0 14 0 7 9 5 2 0 0 1 0 11 15 4 16
15 0 0 8 16 3 12 0 9 0 11 0 14 5 13 0
0 3 9 1 0 14 4 15 0 2 5 16 10 0 0 6
0 13 1 0 0 0 0 8 10 0 16 0 12 9 0 15
0 0 12 3 11 13 1 7 0 0 6 5 8 4 14 10
0 14 8 0 0 16 0 0 0 4 3 0 13 6 0 0
9 4 0 11 6 0 0 5 13 0 14 8 1 0 0 3
