12 0 0 16 10 6 0 8 15 2 11 4 13 0 5 0
0 0 4 0 0 11 3 0 16 0 13 12 0 0 6 1
13 8 3 10 0 5 0 12 14 1 9 0 0 7 11 0
0 0 14 6 9 4 13 0 0 0 10 5 0 16 12 0
1 12 2 0 0 0 0 5 13 0 0 9 0 0 0 10
7 14 6 9 0 8 15 2 0 11 5 0 4 0 16 3
16 13 0 4 0 12 10 3 6 0 0 0 5 0 7 9
11 0 0 5 13 14 0 0 0 3 0 0 1 0 2 6
3 16 13 0 0 15 0 0 0 12 0 7 0 0 0 2
0 6 15 1 0 0 0 10 4 16 0 11 0 8 13 5
0 0 0 12 14 13 8 0 0 9 2 0 6 1 0 11
0 0 11 0 7 9 1 6 0 0 3 13 0 4 0 0
8 3 5 15 0 0 0 7 10 13 12 14 11 0 4 0
10 4 12 11 0 16 0 15 0 0 7 3 0 9 0 0
0 7 16 0 0 10 11 0 9 5 0 0 12 6 0 15
0 0 9 14 8 2 12 13 11 0 0 16 0 5 10 7
