8 10 6 0 0 16 0 9 0 0 13 2 14 12 0 7
9 11 12 1 0 0 15 0 0 0 14 6 0 2 0 3
14 5 15 0 0 6 12 2 3 1 0 16 0 0 9 13
16 0 2 7 14 0 0 5 0 12 0 0 0 11 1 4
3 0 9 0 12 0 0 0 0 16 1 0 0 7 8 0
11 0 7 14 5 3 0 0 0 9 8 0 13 1 0 0
15 0 1 0 11 13 0 6 7 5 3 14 10 9 0 16
0 0 0 0 9 15 7 1 4 2 0 0 0 0 14 6
6 0 0 0 13 10 5 12 0 0 0 3 0 0 0 9
7 1 4 10 15 14 2 11 13 6 9 0 3 5 16 8
2 9 0 13 4 0 0 0 16 11 15 0 12 0 0 14
12 8 0 0 0 0 0 0 0 0 0 10 0 4 13 1
10 0 16 2 6 1 14 4 0 0 0 0 0 0 11 0
0 15 13 11 0 0 10 7 9 3 2 8 1 0 6 5
1 12 0 0 0 0 0 15 11 10 16 4 0 13 3 2
0 7 0 0 2 0 0 3 0 0 6 1 4 16 12 0
