5 12 0 0 13 0 16 14 3 10 0 2 1 11 4 0
14 15 1 0 0 7 10 4 13 0 0 0 16 0 0 8
13 8 11 10 0 0 6 0 15 0 7 0 12 0 14 5
2 4 3 16 5 0 12 8 0 1 0 9 0 0 15 7
4 5 0 3 14 0 0 13 0 16 1 0 11 8 12 10
11 0 0 12 16 3 9 0 6 0 2 0 5 0 0 13
0 14 16 0 0 1 7 5 12 15 0 0 6 3 0 4
6 10 2 0 12 4 11 15 5 0 0 13 14 0 7 16
12 0 13 0 0 0 0 11 16 2 9 8 7 0 10 6
0 0 4 6 10 2 13 12 7 0 0 0 0 0 8 0
7 0 5 0 0 14 1 6 0 13 0 12 0 16 9 0
10 0 0 0 9 0 0 0 1 0 15 3 0 0 13 12
1 0 12 0 3 10 0 0 4 9 16 6 0 7 5 14
8 0 9 14 7 13 0 16 0 5 0 15 3 0 0 0
0 0 0 0 0 0 14 0 0 3 13 10 0 4 0 2
3 0 10 4 0 0 0 0 11 0 0 1 0 0 16 15
