13 0 8 14 5 0 0 6 0 10 15 9 0 4 0 3
0 6 9 4 1 10 15 0 5 3 0 0 7 13 8 0
0 2 15 5 14 3 0 11 1 4 13 8 9 6 0 16
0 0 10 0 0 0 4 9 0 0 7 0 0 14 15 1
2 0 14 15 11 0 0 13 16 0 4 0 1 0 0 0
10 0 6 0 7 0 0 0 0 8 12 13 11 9 14 15
11 0 0 1 9 0 8 0 0 0 0 0 10 0 4 2
0 12 7 9 6 0 0 10 0 1 0 0 3 0 16 13
0 0 0 7 3 8 0 0 4 13 9 0 0 1 0 12
0 4 5 0 13 16 7 0 0 11 1 0 6 0 0 10
6 9 12 0 4 11 1 15 8 5 10 3 0 7 0 0
0 0 13 0 2 9 0 12 15 16 0 7 8 0 5 4
0 0 0 0 15 4 0 7 12 0 8 1 14 0 3 9
0 10 4 0 0 0 0 1 9 6 5 15 0 0 12 7
0 14 2 13 12 0 0 8 10 0 0 4 0 0 1 5
15 0 0 12 10 0 9 3 0 14 11 16 0 2 0 0
