0 8 1 16 7 0 0 4 6 0 0 0 0 0 14 0
0 11 0 4 0 0 6 0 0 14 12 9 0 0 7 13
0 7 10 0 0 9 5 13 15 0 2 16 0 8 11 4
3 13 0 9 11 16 0 0 8 4 7 0 0 10 12 5
0 10 11 13 1 3 16 5 14 6 9 15 0 12 2 8
0 5 2 3 0 0 0 15 13 10 0 8 7 1 0 0
8 0 14 0 4 0 0 10 3 2 0 12 0 0 0 16
0 16 12 0 2 8 0 6 0 7 0 11 14 3 15 10
16 12 0 10 0 0 0 9 0 0 11 0 0 0 8 15
0 3 0 5 0 0 1 12 16 9 0 0 0 2 0 6
13 1 0 0 16 0 10 7 12 0 0 6 0 0 3 14
11 0 9 14 6 13 15 2 7 8 0 0 0 5 0 1
1 0 3 8 5 15 7 0 0 0 6 0 0 0 10 12
10 14 0 0 13 0 0 3 0 12 8 0 15 4 0 2
5 2 13 0 10 0 0 11 9 0 15 0 8 0 0 3
6 0 4 12 0 0 8 1 11 5 0 0 16 13 0 0
