9 0 7 0 16 5 14 0 0 0 6 2 13 4 0 0
14 0 0 2 3 6 0 15 13 0 0 0 8 7 16 9
6 3 13 0 4 9 12 7 0 14 0 0 2 1 0 15
15 0 16 4 8 2 0 11 0 9 12 5 0 0 0 6
10 6 0 1 9 16 0 8 5 0 13 7 0 11 0 3
0 0 12 0 13 0 15 10 0 0 14 3 4 0 6 0
2 11 8 0 1 12 5 14 4 15 16 0 9 10 7 0
0 0 4 15 0 7 0 0 8 10 0 0 5 12 14 1
8 0 9 0 0 0 16 0 0 0 15 0 0 3 13 0
16 4 0 0 0 13 0 0 11 8 0 0 0 0 15 14
5 0 3 12 0 1 0 6 10 13 4 14 16 0 8 7
0 2 10 13 0 0 0 0 0 0 0 0 0 9 4 0
0 0 0 0 6 4 7 13 12 16 11 1 0 15 9 8
0 0 0 9 10 8 2 12 0 5 0 0 6 16 11 4
4 8 6 0 0 0 11 16 0 0 0 0 12 13 0 10
12 0 11 16 0 0 1 9 6 4 8 0 7 5 0 0
