3 4 9 1 5 11 10 14 2 15 16 0 13 0 6 0
12 14 13 8 2 0 6 15 0 0 0 1 0 5 7 4
11 10 7 0 3 1 4 9 8 13 0 0 0 2 0 0
15 0 16 0 8 0 7 12 0 14 5 0 0 0 1 10
16 9 11 0 1 0 8 13 6 7 4 0 14 3 5 0
2 3 0 7 0 14 15 6 0 0 13 0 0 16 0 12
5 8 1 0 10 0 0 7 16 12 15 2 0 0 0 11
6 0 0 0 0 0 5 0 11 0 14 0 0 0 9 2
0 1 2 10 0 0 13 0 0 0 11 0 9 4 12 0
0 11 0 15 0 0 1 0 0 0 2 5 16 14 8 0
0 0 12 9 14 6 11 10 1 16 0 8 0 0 0 0
8 16 0 3 0 7 12 0 0 0 0 0 0 1 0 5
0 12 0 6 0 0 9 4 0 11 8 0 7 0 0 14
9 0 5 4 12 3 14 11 7 2 0 0 0 8 16 0
14 0 8 11 0 10 16 1 9 4 6 12 0 15 0 0
10 0 0 16 6 0 2 8 0 5 0 13 0 11 0 0
