13 15 1 0 0 9 0 10 6 14 8 0 5 2 4 0
0 0 9 11 0 8 12 7 0 0 0 4 3 6 14 16
3 0 8 0 0 0 2 14 0 16 5 0 1 10 0 0
14 16 12 10 0 0 6 4 3 0 2 9 0 15 8 7
11 7 0 13 0 0 0 0 5 0 12 8 0 1 10 14
8 0 14 0 0 13 0 11 9 4 16 0 6 12 0 0
0 9 0 0 0 0 0 0 0 0 0 1 2 16 3 13
0 0 5 0 12 2 7 0 13 15 0 0 0 11 0 8
0 0 0 14 8 11 3 2 0 0 6 16 0 5 0 1
9 0 2 1 0 7 15 12 0 11 10 5 0 0 0 3
6 0 10 8 0 1 9 0 0 0 15 13 0 4 12 0
5 0 4 16 0 14 0 13 8 0 1 12 0 9 2 15
12 2 11 0 16 4 14 15 0 0 0 6 8 3 1 10
0 0 16 0 0 12 0 0 0 0 0 15 0 0 5 0
1 14 13 9 10 0 0 5 16 12 3 2 11 0 15 0
0 8 6 15 7 3 0 9 0 0 0 14 12 13 16 0
