12 0 7 0 0 0 0 0 0 10 0 9 14 2 16 1
14 4 0 0 9 1 12 3 8 0 0 5 7 0 0 0
0 10 0 0 2 7 8 11 0 0 0 16 0 9 3 4
0 2 1 3 0 0 0 10 11 0 0 12 6 15 5 8
0 6 0 0 0 0 0 14 4 3 0 1 13 11 12 7
0 16 3 13 8 0 7 0 0 0 10 11 0 0 1 9
0 0 2 12 0 9 0 13 0 0 15 7 0 16 4 14
0 7 14 0 1 15 0 4 12 16 9 13 3 6 8 2
2 8 0 0 10 5 14 7 15 1 4 0 0 0 13 0
7 5 6 0 0 0 9 0 0 12 0 0 0 0 0 3
0 12 15 0 0 0 0 0 2 9 8 6 0 7 0 0
13 3 9 10 6 8 0 12 5 0 0 14 0 4 15 0
0 9 0 7 12 6 0 1 10 0 0 0 0 13 0 15
8 0 10 11 7 0 0 0 0 0 1 2 0 14 0 0
16 13 5 2 3 0 15 8 9 6 12 4 11 1 7 10
0 14 0 1 4 0 10 2 7 0 16 0 8 3 0 5
