8 0 12 0 0 3 7 0 0 0 6 0 11 15 0 16
0 10 1 15 2 12 8 4 0 0 11 0 0 9 6 14
11 0 6 0 0 0 0 1 2 0 12 15 7 10 0 0
14 0 0 0 0 15 10 6 3 0 9 0 0 8 0 2
2 5 8 1 16 10 0 14 0 0 13 12 9 4 7 3
12 0 0 10 7 4 13 0 9 0 0 0 0 1 16 0
15 0 4 0 9 0 1 2 10 0 0 3 8 0 0 11
3 16 0 0 12 8 0 0 0 4 0 0 0 0 0 0
1 0 10 14 0 16 9 0 0 6 4 13 0 2 11 0
0 15 0 0 6 0 2 0 0 1 14 0 13 3 4 10
0 12 2 0 1 11 15 5 16 3 0 0 6 14 0 7
6 0 3 9 14 13 4 0 5 0 0 0 1 0 15 12
10 14 0 0 15 1 12 11 0 9 16 0 4 0 3 0
7 2 15 12 10 0 0 0 4 14 0 5 16 11 8 0
0 3 16 0 0 9 5 0 6 0 15 0 0 13 2 1
9 1 0 6 4 0 14 16 0 11 0 7 0 5 12 0
