6 3 0 0 5 15 0 11 14 0 0 0 1 8 4 2
0 5 0 0 0 9 4 0 7 11 3 10 6 15 0 13
4 16 11 9 0 0 3 6 2 0 8 15 0 12 5 7
0 0 7 1 10 0 8 0 0 4 6 0 0 14 0 3
16 9 1 3 6 11 0 0 10 8 0 0 4 2 13 0
0 12 15 0 7 0 0 4 6 16 0 13 9 1 3 14
0 6 0 0 9 12 0 0 15 3 0 1 7 0 11 0
0 14 13 7 16 5 0 0 9 2 11 0 8 6 12 0
0 11 3 0 13 1 0 12 0 0 10 0 0 4 0 6
0 0 9 15 3 0 2 8 11 0 13 5 0 16 1 0
0 0 16 0 11 4 14 10 0 0 2 0 12 5 0 0
1 8 0 10 15 16 0 7 0 9 0 0 0 0 2 0
14 7 0 11 0 0 0 13 16 0 0 2 5 0 0 1
0 10 12 0 2 0 0 0 3 5 1 8 16 0 0 4
3 1 0 4 0 0 16 0 0 10 9 14 2 11 15 12
0 0 5 0 1 0 0 9 4 0 0 0 3 0 14 8
