14 0 0 4 10 11 1 0 12 0 3 9 0 0 0 5
0 0 0 6 2 0 12 0 0 0 0 0 3 11 0 10
12 11 10 0 9 0 3 4 5 7 15 0 1 14 16 6
9 0 0 0 5 14 0 0 0 0 0 0 2 0 0 12
13 4 0 16 8 0 14 2 3 0 9 0 12 0 0 7
0 8 2 7 11 9 5 10 13 0 0 0 0 4 0 14
11 15 1 0 6 0 7 0 2 4 14 0 10 8 0 9
10 14 12 9 4 3 0 1 7 0 0 0 6 5 2 16
0 2 4 1 12 6 9 16 11 0 0 0 0 0 14 13
7 0 3 11 0 8 15 5 9 13 1 0 0 16 0 0
15 0 14 13 7 0 0 3 8 5 16 12 0 9 6 1
16 9 0 5 1 0 11 0 0 0 0 2 7 0 12 0
0 13 0 0 0 5 0 0 0 0 2 14 0 0 7 3
0 0 16 0 3 0 10 14 0 0 5 7 13 0 0 11
2 7 0 14 16 0 0 0 1 3 6 13 0 0 5 15
3 5 0 0 0 2 6 7 0 8 11 16 0 12 1 0
