0 1 13 16 7 0 3 0 0 12 10 4 0 0 8 2
0 0 0 0 2 5 9 13 0 8 16 0 10 1 0 15
10 11 3 9 16 0 0 15 0 5 0 2 4 13 12 14
14 8 2 0 4 1 10 12 0 9 15 0 0 0 0 7
0 14 0 3 0 0 0 7 13 6 4 0 0 0 0 16
16 15 0 0 6 12 0 9 0 14 1 0 13 4 0 0
0 0 5 0 3 4 0 11 2 16 8 0 0 7 10 12
0 13 4 0 0 10 14 16 12 3 5 11 9 8 1 6
9 6 0 0 14 16 4 2 0 15 0 5 0 0 0 11
2 0 14 10 12 0 6 3 8 11 9 1 0 5 4 13
11 3 15 0 5 0 0 0 0 0 14 12 6 10 2 0
0 5 16 4 0 0 0 0 3 0 0 6 0 0 14 0
0 0 6 0 10 3 0 0 0 2 11 0 15 14 13 0
13 0 9 0 11 0 0 0 4 0 0 7 0 16 6 10
8 4 0 15 0 7 16 0 0 10 12 14 0 0 0 3
0 10 0 14 9 0 0 0 15 13 0 16 0 12 5 0
