0 0 16 0 15 0 0 14 0 6 0 0 13 8 0 0
0 0 7 0 4 11 0 1 2 0 8 16 3 0 0 0
0 0 0 8 10 7 0 12 4 15 9 5 16 0 6 11
15 12 10 4 6 9 0 8 11 0 0 13 2 7 0 0
8 9 1 13 0 0 5 16 14 0 7 0 10 0 11 6
3 4 5 0 0 0 7 6 1 11 13 0 0 2 0 14
10 0 0 0 14 0 8 2 3 16 5 4 15 13 9 0
7 0 2 16 0 13 9 0 10 0 0 15 5 0 0 12
0 8 15 0 7 0 4 3 6 0 0 10 1 16 2 5
0 10 0 6 16 2 0 9 0 0 4 8 14 11 15 0
0 11 0 5 1 8 0 13 0 0 0 3 0 6 10 4
0 0 4 2 5 6 10 11 16 0 0 14 9 0 0 0
0 15 0 0 0 4 11 7 13 5 2 6 0 0 0 0
4 13 9 0 2 16 1 15 0 3 0 11 6 5 0 0
12 0 0 10 0 3 0 5 15 9 0 0 0 0 0 2
5 2 6 3 13 0 14 0 0 0 0 1 0 9 0 0
