3 11 0 0 6 0 14 16 0 0 10 15 13 0 0 4
0 4 0 0 5 0 0 12 3 0 0 0 6 15 1 0
0 6 0 0 3 0 0 15 0 5 0 4 10 0 0 0
0 15 0 12 10 4 1 0 2 9 0 6 5 16 3 11
6 5 0 15 13 16 4 14 1 8 0 7 2 3 0 0
0 3 0 0 0 0 0 0 11 10 2 0 0 0 4 0
0 13 12 0 0 10 0 2 9 3 4 0 7 8 0 5
4 0 2 8 11 0 0 0 15 14 0 5 0 13 10 0
5 9 3 7 2 14 12 0 8 0 15 0 11 0 13 10
15 0 0 0 0 11 0 1 4 2 7 0 0 5 6 16
1 0 0 0 0 3 0 5 13 12 0 0 0 2 0 15
0 2 11 13 16 0 0 4 10 6 5 14 0 1 0 0
11 1 6 4 8 0 16 10 14 15 3 2 9 0 7 13
0 0 0 0 12 1 0 0 0 13 9 0 4 0 16 6
0 12 16 2 0 9 7 11 6 4 0 0 15 0 0 0
0 10 5 3 4 6 0 13 7 0 16 0 1 14 8 2
