0 0 0 7 15 10 3 6 0 1 0 0 0 8 0 0
1 0 3 10 16 2 4 8 15 0 7 12 6 9 5 14
0 6 9 2 0 5 11 0 3 10 0 0 0 0 0 1
0 4 8 14 1 0 0 7 0 0 11 6 12 0 0 2
8 0 7 13 0 14 0 10 4 3 0 15 9 0 0 0
0 0 1 0 8 0 7 4 0 2 0 0 0 14 16 0
14 0 10 12 5 11 16 0 7 0 6 0 15 0 0 0
11 0 2 4 13 0 0 9 0 12 14 16 8 7 0 5
4 13 16 8 3 6 14 0 1 7 0 0 5 0 15 0
10 2 0 3 0 16 8 0 6 0 13 0 1 0 14 7
0 0 0 0 0 0 13 1 8 0 0 0 0 11 0 0
9 15 12 1 2 0 10 5 0 4 3 14 13 16 0 0
3 1 0 0 7 0 0 14 5 15 0 0 2 6 11 10
12 0 15 11 10 3 6 0 0 0 0 4 0 0 0 0
7 14 6 0 0 15 5 0 2 0 10 0 4 0 1 8
0 10 13 0 11 4 1 16 12 6 8 7 0 3 0 15
