0 10 5 0 0 0 4 0 0 12 0 15 0 7 6 1
0 2 8 1 13 12 0 0 4 10 14 0 0 0 0 0
15 7 6 3 1 14 9 5 2 0 13 8 0 11 10 0
0 4 0 11 7 0 10 0 5 6 0 1 2 14 0 13
0 0 7 9 6 1 8 16 0 13 0 4 0 0 15 0
0 6 13 16 11 10 7 0 12 0 2 0 1 4 0 8
0 8 4 0 0 0 0 9 0 7 0 0 0 6 12 3
1 5 11 15 3 2 12 4 6 0 0 9 7 13 0 16
6 11 16 4 0 15 2 0 0 1 5 10 14 12 3 0
7 13 0 12 0 11 14 3 0 9 6 0 0 1 4 0
10 0 15 0 5 0 16 12 13 0 4 0 0 8 0 0
0 0 3 8 0 0 0 10 7 0 0 0 16 15 0 0
8 3 14 6 16 5 13 0 9 0 7 0 0 0 0 0
0 0 10 0 14 9 6 0 0 5 0 13 12 3 7 0
4 0 9 7 10 0 0 0 14 11 0 3 0 16 0 0
13 0 1 5 12 0 3 0 10 2 0 6 0 9 0 0
