0 11 10 13 0 0 12 0 14 15 0 0 9 0 6 5
0 7 1 5 0 11 13 0 4 6 0 16 12 14 0 3
14 12 0 0 0 2 10 8 0 9 7 0 13 0 11 15
0 9 0 15 0 1 5 0 12 0 13 11 7 2 0 8
0 8 0 1 15 3 0 13 0 0 4 10 2 9 7 0
16 0 0 0 0 0 7 0 9 0 11 0 0 0 0 14
4 0 7 0 8 9 0 10 0 2 0 0 16 5 1 11
13 5 14 9 2 12 0 0 15 16 0 0 3 10 8 4
15 10 8 0 1 16 9 11 0 13 14 0 5 7 0 0
11 0 12 7 13 14 0 0 0 1 2 9 6 15 3 0
9 16 0 2 10 15 6 7 8 5 0 12 0 11 0 0
0 0 5 14 3 4 0 12 0 0 16 15 10 0 13 0
5 13 0 8 0 6 4 0 0 0 15 0 1 3 9 0
0 0 9 0 0 10 0 14 16 4 5 0 0 0 0 0
0 3 15 4 0 13 1 16 0 0 9 8 0 6 0 7
7 0 0 0 0 8 0 9 0 0 0 6 0 16 0 13
