0 3 13 12 0 0 0 0 6 0 7 15 8 0 1 16
2 0 0 0 8 12 3 0 0 0 9 5 11 7 0 0
0 9 0 0 15 0 5 0 16 2 13 11 0 3 0 0
0 4 0 15 16 10 7 13 12 0 1 3 6 14 0 2
12 2 6 0 0 5 10 0 7 0 4 0 0 1 8 0
0 0 15 5 11 0 0 16 0 10 2 9 0 13 0 0
0 14 0 9 0 0 4 15 13 0 3 0 10 0 7 5
13 7 8 10 9 0 1 6 5 11 12 0 16 4 2 15
7 0 3 11 0 0 0 12 2 9 15 0 5 0 0 10
16 10 4 0 0 9 0 0 0 0 0 7 0 0 0 0
14 0 9 0 7 0 0 0 0 0 0 13 0 0 4 1
1 15 5 2 0 14 8 3 11 0 0 0 0 0 12 0
0 13 12 0 6 0 9 10 0 3 11 1 0 0 0 8
6 5 2 0 0 11 0 7 0 13 8 12 15 10 16 9
9 0 10 0 12 13 16 5 15 7 6 0 1 11 3 0
3 11 14 7 0 15 0 8 9 16 5 10 0 0 13 0
