11 5 2 0 4 0 16 0 0 3 0 0 9 1 14 13
3 0 14 6 0 0 9 8 0 11 16 13 15 0 12 10
0 4 0 7 3 0 0 15 2 14 1 5 11 6 0 0
13 8 16 10 12 0 11 1 15 0 7 0 4 0 0 5
16 6 0 13 0 9 8 12 1 0 0 0 5 3 0 14
5 3 10 1 7 2 13 4 14 9 0 16 12 11 8 15
2 0 0 9 6 0 14 16 8 7 5 0 13 10 0 0
0 0 8 0 5 1 0 10 13 0 0 0 0 16 0 0
0 14 1 3 9 0 0 0 0 4 0 15 2 0 11 16
15 0 0 11 8 12 2 0 9 0 13 6 14 0 0 0
0 0 5 2 1 0 6 7 0 0 10 14 8 9 15 0
12 0 9 0 0 0 0 0 16 5 0 0 1 13 6 7
0 0 0 0 16 0 0 0 5 0 0 1 0 8 13 0
1 0 0 16 0 0 4 11 0 0 9 10 3 15 5 0
0 9 0 5 0 15 12 0 6 0 0 0 16 4 0 0
0 2 11 12 13 0 0 5 0 16 15 0 7 14 9 0
