15 0 13 0 0 0 0 0 1 9 0 0 0 4 16 12
0 0 16 14 0 7 0 9 13 5 0 10 0 8 0 3
5 0 0 1 4 0 2 13 16 0 0 14 11 15 0 10
9 0 2 0 0 0 0 14 0 0 3 4 7 1 13 5
0 2 0 0 15 14 7 3 0 8 5 1 4 12 0 0
0 0 5 4 6 0 0 0 15 0 0 12 3 0 8 7
0 10 0 7 2 4 16 0 9 0 0 0 5 6 14 0
3 15 14 6 0 8 0 12 4 0 10 0 0 0 0 0
2 13 6 15 8 0 4 7 11 14 0 9 16 3 5 1
10 11 12 0 5 16 0 15 7 1 13 0 9 0 4 2
1 14 0 0 0 0 0 11 3 10 0 0 0 7 0 0
0 0 0 9 14 1 6 2 0 15 4 0 0 13 12 0
0 0 0 12 1 0 14 5 0 13 9 0 2 10 0 4
0 0 15 2 0 3 12 4 14 0 7 11 0 0 0 16
0 9 0 13 0 2 0 0 0 0 16 15 0 5 3 14
0 4 10 0 9 13 15 16 2 12 1 5 0 11 7 6
