12 15 0 10 16 0 5 9 0 4 14 0 0 0 13 0
1 8 11 0 0 15 0 4 2 0 3 0 0 16 0 0
3 0 0 0 1 0 0 14 10 8 0 16 11 15 12 5
16 14 13 0 0 11 8 0 12 0 0 5 0 0 1 0
10 0 0 0 8 9 14 3 13 0 4 6 0 2 5 11
0 0 9 16 2 0 0 0 0 1 5 8 12 0 7 4
8 0 2 0 0 5 13 11 0 0 10 0 0 1 6 3
0 5 12 13 7 4 0 0 11 0 15 3 0 9 8 14
5 6 14 0 15 7 1 0 3 9 12 0 0 11 10 16
0 16 1 0 13 0 0 0 6 0 7 2 0 5 3 12
2 0 0 7 0 0 4 5 16 13 11 0 1 8 15 0
0 12 0 0 3 6 9 16 8 0 1 15 0 0 2 0
7 13 0 1 0 0 3 0 5 10 16 9 8 12 0 0
9 2 0 3 0 1 0 13 0 6 8 12 7 0 0 15
14 11 0 6 9 0 7 12 0 0 0 1 0 0 0 0
0 0 0 12 5 0 15 0 7 11 13 0 0 6 0 1
