15 0 16 7 0 0 0 10 0 0 0 0 0 8 2 4
0 10 12 0 3 0 7 0 0 9 8 14 0 1 6 5
0 6 11 1 16 9 15 14 0 4 12 5 0 10 7 13
0 3 2 5 0 1 4 13 15 7 10 6 11 12 0 16
12 15 10 0 0 6 0 0 5 3 0 0 9 0 0 11
9 0 8 0 0 13 0 15 10 16 1 2 0 7 14 0
2 11 7 0 4 8 3 5 13 0 0 0 10 0 12 0
6 0 0 13 14 10 0 9 0 12 15 11 0 0 5 2
0 2 15 6 1 3 14 0 0 0 7 0 0 9 10 8
0 0 13 0 0 5 0 4 9 0 0 0 0 6 11 7
1 8 0 0 10 16 13 7 0 2 3 0 5 14 0 15
0 0 4 0 15 0 0 0 0 0 5 0 0 13 0 0
0 0 6 2 0 7 0 0 0 14 11 0 13 0 0 0
11 7 3 0 13 0 5 0 12 0 6 4 0 2 0 0
10 0 14 15 6 0 12 0 1 5 2 0 7 11 8 0
16 12 5 0 0 14 2 1 3 13 9 0 6 0 15 0
