10 0 9 1 8 11 0 0 4 6 0 0 0 0 0 15
0 0 0 0 0 0 7 2 0 0 9 0 0 4 0 0
11 5 16 0 0 0 15 0 0 0 10 0 0 13 2 0
0 13 7 0 12 0 0 4 15 5 0 0 0 0 10 6
0 14 15 11 0 8 0 13 0 7 16 10 1 0 3 0
13 12 0 8 0 16 2 0 9 0 3 5 15 0 7 0
1 7 3 0 10 12 0 9 6 14 8 15 0 0 13 11
9 0 2 16 7 0 0 0 12 13 11 0 14 10 8 5
12 11 5 10 0 0 14 1 3 2 0 0 0 15 0 16
15 16 0 9 0 7 0 0 0 10 5 0 0 3 0 2
0 0 0 7 16 15 0 12 11 0 0 0 0 14 0 8
14 4 0 13 9 2 3 10 7 0 0 0 11 5 12 1
0 0 4 0 2 1 9 0 8 11 13 0 3 0 15 14
0 9 12 14 0 13 8 0 16 4 6 1 0 7 0 10
16 8 13 0 14 4 0 7 5 3 12 2 6 0 1 9
7 1 11 2 0 0 12 3 0 0 14 9 4 0 0 0
