0 3 0 16 1 10 0 6 13 0 0 11 0 0 2 0
15 0 0 0 2 14 3 11 0 0 5 12 0 0 0 13
0 0 5 6 0 0 13 0 0 0 2 0 15 0 7 0
0 0 13 0 8 5 16 0 0 3 0 14 6 4 11 12
8 15 7 0 0 6 12 13 0 1 11 0 9 2 5 10
0 6 11 0 3 0 0 4 0 0 0 13 12 14 0 7
0 0 12 2 0 9 7 1 0 0 0 0 16 8 0 0
0 5 14 0 11 0 10 0 7 8 12 9 4 0 0 15
6 0 1 0 0 12 8 0 14 2 15 3 13 7 0 5
7 16 9 5 4 15 0 3 8 0 0 1 0 12 0 0
0 13 0 0 0 7 1 5 11 12 16 0 8 15 0 3
3 12 0 8 16 0 2 0 9 5 6 0 11 1 10 4
2 9 0 0 0 1 0 16 0 14 0 10 7 0 12 0
14 11 16 12 5 2 4 10 0 0 0 6 0 0 15 9
13 0 0 0 0 3 14 0 0 0 9 15 2 5 0 0
5 8 6 4 0 11 0 0 12 13 3 2 1 0 14 16
