12 1 9 5 16 0 0 14 0 8 0 0 4 0 0 0
14 3 11 0 0 7 0 0 1 16 13 10 9 15 12 6
7 0 0 0 1 4 0 0 0 5 12 9 3 0 0 11
0 8 0 6 10 11 9 0 7 3 0 4 0 0 0 16
4 0 0 0 3 0 11 0 2 0 1 7 0 6 16 12
0 14 0 10 0 12 0 0 16 6 0 15 2 9 0 5
6 0 0 16 7 0 2 13 0 0 3 12 8 4 0 14
0 0 0 11 15 6 16 0 0 4 9 0 0 0 1 13
1 7 15 13 0 8 10 9 3 0 4 0 12 16 0 2
10 6 0 0 0 1 0 7 0 11 0 2 0 0 0 9
11 2 14 9 5 16 12 0 10 15 0 6 0 8 0 1
5 4 0 0 0 2 15 6 0 0 0 1 14 11 0 0
8 5 0 1 9 15 0 11 0 2 0 0 10 0 13 3
3 0 2 0 0 0 0 0 15 0 5 8 16 12 0 4
16 10 4 15 0 3 7 0 0 0 14 13 0 0 5 0
9 0 6 7 4 5 0 0 12 0 10 3 11 0 2 15
