0 0 0 0 14 13 4 15 0 7 16 0 6 8 1 3
8 3 7 12 0 1 0 16 15 0 6 2 0 0 14 5
15 0 0 0 10 0 0 2 0 0 4 3 9 0 13 12
4 13 10 0 6 3 8 12 9 1 5 0 2 7 0 0
3 0 0 1 0 0 0 0 0 8 13 5 0 0 4 0
0 9 15 4 0 0 10 0 0 3 14 11 5 0 0 16
0 16 8 0 12 15 0 7 6 0 2 0 0 3 9 1
0 0 12 11 0 0 3 5 7 16 0 9 0 6 0 0
0 1 4 0 2 9 0 10 5 14 11 16 7 0 6 8
0 0 0 0 8 7 0 6 4 12 3 1 0 9 0 2
0 8 0 2 0 12 1 0 13 0 0 0 16 0 3 11
13 6 0 9 3 11 16 14 2 15 8 7 12 1 10 0
0 4 11 0 15 0 2 0 3 9 0 0 0 0 12 0
9 2 3 0 0 10 6 1 16 5 0 0 13 11 0 0
0 0 6 0 7 0 0 0 0 2 10 13 3 0 8 0
10 0 0 8 9 14 0 0 11 4 7 15 0 2 0 0
