0 0 12 10 6 14 0 8 3 5 1 0 11 0 9 2
0 0 11 0 9 0 5 0 0 0 16 7 10 0 15 4
2 5 9 7 0 3 4 0 11 0 0 0 1 0 12 0
16 3 6 4 11 10 2 0 14 15 0 0 13 0 7 0
9 7 0 0 2 0 0 0 13 0 0 6 14 15 8 10
8 0 0 0 4 12 13 0 15 0 10 0 0 7 0 0
0 0 15 11 14 8 3 0 0 4 7 2 0 13 6 0
10 14 1 13 7 0 9 0 0 0 5 3 0 0 0 0
0 10 13 14 12 2 0 0 0 3 15 0 0 6 0 11
0 11 16 0 5 0 10 3 6 0 0 9 12 2 13 8
6 8 0 5 0 4 0 14 0 0 12 0 0 1 3 9
12 9 3 0 0 0 15 6 0 11 13 0 4 10 14 7
0 6 0 16 1 0 0 7 0 8 2 0 3 5 10 13
7 4 10 12 0 0 14 0 0 13 0 15 6 0 11 1
0 2 0 9 10 0 6 13 0 1 0 5 7 0 0 15
11 0 5 0 0 15 0 4 0 7 0 0 8 12 0 14
