0 5 4 7 0 0 0 8 12 1 10 0 11 0 3 0
12 0 0 0 4 11 0 7 0 5 2 0 0 8 0 0
0 16 8 2 14 0 10 0 7 11 3 15 0 12 4 6
0 1 15 3 6 0 12 9 4 13 0 0 0 0 7 0
0 7 2 11 0 9 6 4 15 0 1 0 0 16 0 13
0 0 12 4 16 0 5 15 0 7 6 0 0 11 0 0
0 6 0 0 0 3 7 0 9 0 4 11 12 5 10 0
3 0 16 0 13 10 0 0 2 0 0 12 4 0 6 7
0 0 0 13 5 1 9 6 11 10 14 16 2 0 8 15
16 8 9 6 7 14 0 0 0 0 0 2 0 0 0 11
10 15 0 14 3 0 0 0 0 12 0 0 1 4 0 0
0 0 0 0 0 0 15 13 0 0 0 3 0 9 0 14
6 11 13 0 1 0 14 0 10 9 0 8 0 3 2 4
2 3 14 0 11 0 8 0 13 6 15 7 10 1 9 5
7 0 5 1 0 0 2 0 3 14 11 4 0 0 16 8
0 0 10 8 0 6 0 3 5 2 16 1 7 14 11 0
