0 10 0 0 0 0 3 0 15 2 12 0 0 8 0 16
13 0 0 0 0 0 0 8 0 0 0 0 3 10 2 14
7 5 0 16 2 0 10 11 0 0 14 8 12 0 15 6
0 0 0 14 16 0 0 13 4 3 0 6 1 5 0 11
16 11 0 0 0 12 0 14 1 8 0 2 6 13 0 5
0 0 0 0 3 15 0 0 10 0 0 16 4 7 9 12
9 4 0 10 1 5 7 0 12 0 0 13 14 11 3 8
3 13 0 12 11 0 6 0 0 4 0 0 16 0 0 0
0 0 0 0 0 3 12 1 5 0 16 11 0 6 14 0
15 0 0 4 10 11 2 9 0 6 13 12 0 1 8 7
5 3 7 11 8 4 0 6 0 0 15 9 13 0 12 0
0 6 12 13 15 0 5 0 0 10 8 0 2 3 11 9
10 1 6 0 7 0 8 0 0 12 2 0 11 0 0 0
12 0 4 3 9 2 1 15 0 0 0 0 0 14 0 13
0 7 0 15 6 14 16 12 0 5 0 3 10 9 0 2
14 2 0 0 5 0 0 3 0 13 4 0 7 12 6 1
