16 9 8 0 0 1 10 0 2 4 0 0 0 7 15 13
2 0 0 3 0 16 0 0 0 0 15 9 1 10 12 4
15 10 0 1 14 0 9 0 13 0 0 6 5 0 2 0
5 0 0 4 15 13 0 3 10 14 0 0 0 9 6 8
0 12 6 11 4 0 7 16 1 9 0 0 3 0 0 10
7 4 9 0 0 0 0 0 12 10 5 3 11 6 0 1
13 1 3 5 9 0 8 6 7 11 4 15 2 16 0 0
10 14 0 0 0 3 0 0 0 0 0 16 0 4 7 5
4 0 0 0 0 12 1 0 9 16 0 5 0 0 11 7
1 8 0 10 16 0 13 15 3 0 11 12 6 14 0 0
14 0 0 0 0 0 11 10 15 0 1 7 0 0 0 0
11 5 16 0 2 7 0 9 0 0 0 4 8 0 10 15
0 0 5 14 0 15 16 12 4 0 9 0 7 8 0 0
3 11 0 13 0 2 4 0 16 0 6 8 15 5 9 14
12 0 1 7 0 0 0 8 0 0 14 0 10 13 4 0
0 0 4 8 6 0 0 0 0 3 0 10 0 2 1 16
