15 13 0 9 0 0 16 0 0 0 3 10 0 5 11 0
5 6 16 2 0 10 14 0 12 0 15 7 3 8 0 0
0 12 0 10 9 8 3 6 0 16 0 11 0 15 14 0
0 14 0 0 13 0 0 5 6 1 4 2 0 12 9 0
0 15 11 0 16 3 8 0 1 0 12 0 0 0 0 7
7 9 0 0 12 0 11 13 0 8 6 16 15 4 0 0
12 10 0 5 15 0 9 14 7 4 0 3 11 16 2 8
2 0 0 16 0 0 5 4 0 15 10 0 12 0 3 0
6 0 13 12 8 0 0 11 15 0 0 0 0 1 0 5
0 7 5 0 4 13 1 15 10 6 0 12 0 0 0 0
10 0 0 15 5 0 6 0 0 0 1 13 0 0 4 14
4 2 8 0 3 0 0 0 16 11 0 5 6 13 0 12
8 11 0 13 0 16 4 2 14 12 7 0 9 0 5 3
3 1 0 0 0 11 0 0 0 5 2 0 4 0 0 0
0 0 12 14 0 0 15 0 0 10 0 8 13 2 1 11
0 4 2 0 1 5 12 9 0 0 11 0 14 10 8 15
