0 9 16 13 2 0 1 11 14 3 5 10 8 15 4 7
14 0 4 0 0 13 15 10 0 0 0 0 0 0 1 9
0 0 1 0 0 0 4 7 9 2 0 6 5 16 0 0
0 11 0 0 3 0 0 8 4 7 0 0 13 0 0 0
0 12 2 6 4 0 10 0 1 0 0 7 14 0 0 0
0 0 0 0 1 14 5 0 0 16 6 4 2 7 11 8
1 0 0 0 13 0 0 0 5 15 0 11 12 0 10 0
5 16 0 7 0 11 2 12 13 14 10 3 15 0 9 1
0 13 12 16 0 1 6 2 3 0 0 14 4 8 7 15
0 0 11 0 0 5 0 3 0 1 7 2 0 9 0 0
6 1 7 2 0 0 8 14 10 0 4 13 11 0 16 5
0 0 10 8 11 7 12 0 6 9 16 0 0 0 0 13
0 0 0 0 8 9 3 6 11 0 14 0 7 0 0 2
8 10 0 9 0 0 16 13 0 6 1 5 3 11 15 4
4 0 3 11 0 10 0 5 15 13 0 16 9 1 6 0
0 0 0 0 0 0 11 1 0 10 3 0 0 5 0 14
