0 8 2 0 0 9 4 0 0 0 0 10 0 3 5 0
4 0 0 0 0 0 5 6 0 0 9 3 0 16 7 12
0 0 0 1 16 13 7 11 8 4 0 0 9 2 10 0
12 0 0 11 0 15 10 3 0 2 0 0 13 14 4 8
0 15 3 5 0 0 0 1 12 8 6 0 14 7 13 0
14 0 12 8 0 16 13 5 0 15 10 9 4 1 0 0
7 16 4 0 0 10 15 0 0 13 0 0 0 9 0 3
0 1 0 13 0 0 8 0 16 7 2 14 0 0 12 10
0 0 7 15 11 12 0 10 0 0 5 0 0 8 3 4
0 10 8 0 0 0 0 7 15 14 3 13 0 0 2 0
11 3 5 16 15 0 1 2 4 12 8 7 10 0 0 0
0 12 1 4 9 0 0 13 0 10 11 0 0 0 0 0
8 0 14 12 4 5 0 0 9 1 0 6 3 10 0 7
0 0 16 0 0 7 14 0 11 0 12 15 2 0 8 5
0 2 13 10 0 3 0 15 0 16 0 8 0 0 1 9
15 7 9 3 13 1 11 0 10 0 4 2 6 12 0 0
