0 6 14 9 0 11 7 16 0 0 0 15 0 2 0 0
0 0 5 0 12 8 0 0 0 9 11 0 13 16 15 4
4 2 11 13 0 1 0 0 3 5 16 10 6 0 7 8
8 16 15 0 0 0 4 5 12 13 0 0 0 0 9 1
0 0 13 0 0 0 11 4 0 10 14 2 0 1 6 7
10 14 0 7 0 13 2 8 11 12 3 1 4 15 0 0
11 3 0 2 5 0 15 0 0 4 0 0 16 0 0 10
6 0 9 0 3 0 10 1 13 16 15 0 0 0 2 12
14 13 0 8 0 0 0 0 0 2 0 0 9 7 11 16
3 0 2 0 0 0 0 14 16 0 13 0 0 10 0 6
5 9 7 0 16 0 1 2 10 14 4 11 8 0 0 0
0 11 0 1 0 0 13 0 8 6 5 9 15 14 4 2
0 7 3 0 15 0 12 10 6 0 0 0 1 0 8 0
9 12 0 0 0 0 14 13 0 0 10 5 0 0 0 3
0 10 4 15 0 3 5 9 0 0 12 16 7 6 13 11
0 5 0 14 0 7 0 11 1 0 0 4 12 9 10 0
