0 12 7 0 1 9 6 15 0 0 0 0 0 16 11 0
8 0 11 13 0 7 3 0 1 0 0 0 0 0 14 2
0 14 15 1 8 11 0 16 0 13 0 3 0 12 9 0
16 0 0 0 4 14 2 13 0 12 6 5 1 7 15 0
0 13 0 11 0 4 7 0 3 0 5 0 0 14 0 0
7 2 14 3 5 8 0 0 13 0 1 9 0 15 0 0
15 10 6 8 0 12 0 11 7 4 16 2 0 1 5 9
5 16 4 9 6 15 1 0 14 0 12 0 0 0 0 7
0 0 8 0 14 6 0 9 15 0 0 0 2 0 10 0
9 0 5 0 3 10 4 12 16 0 11 13 0 0 0 1
10 0 0 0 16 1 0 8 5 3 0 12 14 4 13 6
4 0 0 0 0 5 13 7 0 14 0 10 0 0 0 0
12 8 9 15 0 3 0 6 0 0 0 4 0 0 1 13
0 7 13 4 15 0 12 1 0 5 3 6 0 10 0 14
3 5 10 0 7 0 0 0 0 15 13 1 9 0 6 0
14 0 16 0 10 13 9 4 8 0 2 11 5 0 0 0
