7 4 3 6 9 0 0 0 15 11 16 0 1 0 2 0
15 16 10 13 7 1 4 8 12 0 0 0 0 0 5 0
0 0 14 12 0 5 0 2 4 13 8 0 0 7 15 3
0 0 0 8 11 13 3 0 1 0 0 10 4 0 0 16
0 15 11 0 5 8 0 0 0 0 2 1 12 3 4 10
0 0 1 0 12 10 13 0 0 4 15 0 0 0 9 0
5 10 0 7 0 4 16 1 13 9 11 12 0 15 0 6
0 9 6 0 0 0 11 7 3 5 0 14 16 13 0 8
4 6 9 0 0 0 2 0 0 1 0 15 0 0 0 0
3 5 7 10 14 16 0 0 0 0 9 0 15 0 0 12
0 12 2 11 0 3 0 10 0 16 13 0 0 14 0 1
1 0 16 15 6 12 0 4 0 14 0 3 5 0 11 0
0 11 13 0 0 2 0 0 9 12 3 7 0 0 0 0
10 0 12 9 13 6 0 16 14 0 1 11 0 2 7 4
0 0 0 0 1 7 15 0 0 0 5 13 0 0 0 9
6 7 15 5 10 9 12 0 0 8 4 16 13 1 3 14
