9 14 5 13 16 0 8 6 0 4 0 2 0 0 0 12
0 0 0 1 11 4 0 13 15 0 3 14 7 5 2 0
7 12 2 0 9 5 10 0 0 0 0 16 6 0 3 0
0 15 0 3 2 7 0 14 10 12 0 0 8 4 0 0
1 0 0 7 15 10 0 5 0 0 0 0 0 13 0 8
0 0 11 9 1 0 16 3 5 0 0 0 14 0 15 2
0 16 3 15 6 9 0 0 0 0 0 7 11 12 4 10
12 0 0 8 7 11 0 0 14 0 10 15 16 1 9 5
0 0 0 2 10 16 11 9 0 0 0 4 13 8 0 6
8 0 9 0 12 2 0 0 0 14 6 13 0 15 10 3
0 0 16 0 14 13 0 0 0 15 12 8 9 11 5 1
4 0 12 5 0 6 15 1 9 0 11 0 0 0 7 0
3 9 1 0 0 14 2 10 0 7 0 12 5 0 11 0
10 4 13 0 0 8 9 11 6 5 15 1 12 0 0 0
0 5 7 12 13 0 6 0 3 11 14 0 1 0 8 0
0 0 0 6 5 0 7 12 0 0 0 0 0 3 14 0
