2 16 0 0 3 0 0 14 6 13 10 11 8 4 15 1
9 14 0 15 0 8 13 0 0 3 0 0 10 16 0 0
8 1 13 12 16 2 0 0 9 0 4 15 7 3 0 0
10 3 6 11 0 0 0 1 0 0 8 16 0 0 9 14
16 0 0 9 0 0 12 6 0 4 0 1 0 0 14 7
6 0 0 5 0 16 3 15 11 0 2 0 0 10 0 0
0 0 12 14 0 5 10 0 0 6 16 0 0 0 3 4
1 4 0 0 14 7 11 0 0 0 5 13 0 12 6 0
0 0 11 4 6 10 2 16 14 8 12 7 15 1 0 3
7 0 0 13 12 9 1 4 16 0 0 0 14 5 8 0
12 0 14 0 0 0 8 0 5 1 13 4 0 0 7 0
0 8 1 16 5 0 0 13 0 0 6 10 2 11 4 12
0 13 0 6 0 0 0 12 10 2 0 3 0 0 0 5
3 5 15 8 10 6 14 0 0 16 0 12 0 7 0 0
0 12 16 0 0 0 0 7 13 0 0 8 6 0 10 2
0 2 7 10 0 11 16 0 1 15 14 0 3 0 0 8
