0 7 12 2 14 5 0 10 0 1 8 3 15 6 16 11
0 9 6 8 11 0 0 0 0 12 0 0 4 0 0 0
14 16 0 15 0 0 0 1 2 0 7 11 5 10 0 12
13 11 1 5 3 8 0 16 0 15 0 0 2 0 0 0
0 13 2 6 7 0 4 0 8 0 0 0 11 9 0 3
8 0 4 16 9 0 11 14 3 0 12 10 7 1 6 0
12 0 11 10 0 16 0 8 0 0 9 7 14 2 13 0
3 0 0 7 0 6 10 0 5 13 0 0 0 12 0 8
1 0 13 3 0 0 0 6 0 11 2 5 0 16 15 9
0 0 0 0 16 0 1 0 7 4 0 13 0 14 5 2
16 2 5 14 0 10 0 12 15 0 1 0 6 4 0 0
0 0 7 0 5 9 2 0 0 16 14 0 0 0 1 13
5 0 0 0 10 0 16 13 1 7 0 14 9 11 2 6
0 15 0 13 0 0 0 0 0 10 3 2 1 0 12 0
7 6 10 9 0 0 0 4 11 5 13 12 3 0 14 0
2 0 0 0 12 15 14 11 9 8 0 0 0 0 0 10
