0 1 2 8 15 13 0 0 9 7 16 11 6 0 12 0
0 9 0 4 6 16 0 3 0 12 0 5 1 10 7 0
12 15 0 10 0 7 14 0 4 6 2 13 16 5 0 0
14 16 6 0 5 0 0 9 0 1 0 3 8 13 2 4
15 14 0 2 0 0 0 7 0 0 4 0 3 0 5 13
11 0 7 12 16 0 0 0 0 9 1 14 0 2 0 8
0 10 5 13 0 0 9 4 11 8 3 2 12 7 0 0
4 0 8 16 0 2 3 11 0 0 5 10 0 15 0 1
0 4 13 0 2 0 0 0 16 5 12 7 15 8 3 0
0 0 0 3 10 0 11 0 0 15 0 9 7 0 0 0
0 0 14 0 0 5 16 15 0 0 0 0 9 0 13 0
6 12 15 11 7 9 8 13 0 3 14 1 0 16 0 5
3 11 0 0 9 0 7 14 5 0 0 16 13 4 0 0
0 2 12 14 0 3 0 0 1 0 7 8 0 9 15 0
7 0 0 0 4 0 0 0 13 11 0 0 5 3 0 14
0 13 0 0 11 0 15 16 3 0 10 12 0 0 1 7
