10 1 8 0 3 12 0 4 0 15 0 0 16 6 0 5
5 0 0 11 0 7 6 13 1 0 0 3 0 0 2 0
3 4 0 12 0 15 0 0 0 16 6 0 0 13 0 7
0 7 13 0 2 14 11 0 0 8 5 0 0 12 0 0
0 0 5 2 11 0 0 8 0 0 10 13 1 4 0 0
0 12 15 1 0 0 0 2 3 11 7 16 0 0 10 8
0 0 7 4 0 0 10 9 0 0 0 1 11 0 12 0
11 9 0 0 1 3 12 15 5 4 0 8 0 14 7 6
1 0 0 0 13 0 16 11 0 0 12 2 0 0 8 0
4 10 12 13 7 0 0 0 8 0 0 11 2 16 5 15
0 0 14 5 4 8 3 0 13 0 0 15 0 0 9 10
7 0 0 8 15 5 2 1 0 6 9 0 0 11 13 14
12 0 0 9 6 11 15 14 0 0 3 5 8 0 16 0
15 0 11 0 0 0 13 3 9 0 8 6 7 5 1 0
13 8 1 3 12 2 0 7 16 0 0 14 0 15 0 11
16 5 6 0 0 0 8 10 15 13 0 12 0 3 0 2
