6 0 9 0 2 0 12 15 16 0 5 0 0 14 0 3
5 0 1 13 0 0 0 0 2 0 0 8 15 9 12 0
0 0 0 14 9 8 7 1 12 4 0 0 5 6 13 0
7 12 0 0 3 0 5 0 0 9 6 13 0 0 8 0
4 0 0 0 8 1 15 3 10 0 13 0 16 0 14 0
13 0 0 7 6 5 0 2 4 0 0 1 3 0 0 0
1 10 0 15 0 0 4 13 0 14 2 0 0 12 0 0
2 5 11 0 0 12 0 0 3 6 0 15 13 7 4 1
0 7 4 0 0 3 0 14 0 10 15 6 12 13 9 2
10 1 13 5 0 4 2 7 11 0 0 3 6 15 0 0
12 0 15 3 0 0 0 9 1 0 0 14 4 8 5 7
16 0 14 9 0 15 0 0 7 0 0 0 1 11 0 0
15 0 10 1 13 0 0 0 0 5 7 2 0 0 11 12
0 11 0 6 1 0 14 5 13 3 0 16 0 4 0 15
14 16 0 4 0 7 8 12 6 15 0 9 10 0 0 0
0 0 7 2 0 0 10 16 8 12 11 4 0 5 1 6
