5 8 0 0 0 0 16 3 0 0 6 0 0 15 2 0
0 9 11 15 0 1 6 0 14 0 8 2 0 12 7 0
2 13 16 4 0 0 0 15 0 10 9 0 6 0 0 3
1 0 0 0 0 0 9 8 4 0 3 0 16 0 10 14
7 16 0 0 0 0 13 0 0 5 4 1 12 0 9 0
0 11 13 9 8 10 7 0 0 6 2 0 0 4 0 0
0 0 6 0 5 15 0 0 0 0 0 14 13 0 0 8
0 0 5 1 14 3 12 9 0 13 0 8 0 0 0 0
13 0 0 7 0 0 2 0 5 11 12 16 15 10 0 0
8 4 12 0 6 0 0 10 0 2 0 0 1 7 14 16
9 6 10 0 12 7 15 0 0 14 1 3 5 13 4 2
15 0 2 5 0 0 0 1 6 0 10 7 11 0 3 12
6 10 15 0 0 0 14 12 0 1 13 11 3 0 0 0
0 0 1 0 15 11 0 7 2 3 14 0 0 6 12 0
14 7 9 12 3 16 0 6 0 0 5 10 2 1 13 11
0 3 4 2 1 8 5 0 9 12 16 0 0 14 15 7
