16 9 7 0 12 11 0 4 15 0 0 5 0 8 14 0
14 1 0 0 6 2 0 0 11 0 0 0 0 15 0 0
11 0 0 0 0 8 5 0 0 0 13 0 0 16 0 0
0 5 0 0 16 3 0 14 6 9 0 0 12 4 1 11
0 11 16 2 0 0 0 10 3 8 0 0 1 0 5 0
3 4 14 1 7 5 0 6 13 16 0 11 2 0 0 15
8 6 0 0 11 15 0 0 2 4 14 12 3 10 13 7
7 13 0 15 8 14 3 0 0 0 0 0 16 0 0 4
10 7 0 0 5 1 0 0 4 2 0 6 0 13 3 0
0 3 6 12 0 0 11 0 0 5 0 0 0 0 2 0
0 0 15 0 2 13 0 9 12 0 1 0 10 5 11 0
0 2 5 13 3 0 14 0 0 0 0 10 4 7 0 9
0 16 0 4 14 9 2 11 1 0 15 3 7 0 0 5
0 14 12 0 0 16 15 0 10 0 4 8 9 2 6 0
13 15 1 9 10 7 6 8 5 0 2 0 11 3 4 0
2 0 3 11 0 12 4 0 0 7 6 9 8 14 15 13
