14 0 9 15 0 0 7 0 0 0 0 0 12 3 0 5
2 3 4 11 0 0 13 12 9 0 0 0 0 10 0 16
12 5 0 10 9 4 0 3 16 0 15 13 0 7 0 2
0 0 13 0 0 0 8 0 0 0 0 0 14 0 0 0
0 10 6 0 12 8 4 0 0 0 0 5 16 14 15 3
3 7 14 0 0 11 0 0 10 0 0 0 8 0 0 4
0 8 0 0 2 9 0 7 3 6 14 0 10 13 0 1
0 16 0 12 3 10 14 5 13 8 4 0 7 11 0 0
0 14 0 0 10 13 3 4 6 0 11 16 9 15 0 12
0 13 3 4 0 0 6 9 15 12 0 14 1 8 10 0
0 11 16 9 0 12 5 15 1 3 0 0 4 2 0 14
10 0 0 0 0 2 0 0 8 9 0 4 3 0 16 0
15 0 7 0 0 5 2 1 11 0 10 12 13 16 3 8
6 2 0 8 0 3 12 11 0 13 16 7 5 1 9 0
11 0 0 0 13 7 0 8 0 0 0 6 0 12 0 10
13 12 0 3 14 15 0 16 0 1 9 8 11 0 4 0
