1 3 2 0 7 16 0 4 0 13 11 10 6 0 0 15
7 13 15 0 6 11 1 0 0 0 0 16 0 9 2 3
5 0 11 0 0 0 8 15 2 9 0 3 13 7 0 0
0 0 16 8 5 3 13 0 6 0 0 0 0 0 0 12
11 0 0 0 0 15 6 14 4 0 0 9 7 2 3 0
14 1 9 4 8 13 7 0 11 0 10 2 15 0 5 16
2 7 10 0 16 5 0 1 15 8 6 0 9 0 0 4
0 15 6 0 0 0 0 0 12 1 7 14 8 13 10 11
9 0 0 0 0 0 5 8 16 0 2 4 3 14 12 13
4 6 5 15 3 10 2 13 7 14 0 12 0 16 0 8
0 12 0 16 0 4 0 0 5 11 0 0 0 0 0 7
8 0 0 0 11 0 16 0 3 0 0 0 5 0 6 0
0 0 8 9 0 7 0 0 1 0 14 0 0 15 0 0
15 16 13 0 0 8 12 6 0 4 3 5 1 0 0 0
0 0 1 10 9 2 15 11 13 0 12 0 16 0 4 0
6 0 4 0 0 1 10 0 9 0 0 8 12 3 0 14
