0 12 0 7 9 0 1 0 0 11 0 5 0 4 15 2
16 11 0 1 0 0 13 15 9 0 3 0 7 10 5 14
5 3 4 15 14 0 16 0 0 12 6 7 0 0 9 1
0 10 0 14 0 0 0 5 0 1 15 13 0 8 3 6
11 0 0 0 10 0 0 13 0 14 0 0 9 12 0 3
0 16 3 0 11 6 7 0 0 0 5 0 0 2 0 0
0 4 5 0 0 0 9 12 6 0 8 3 13 0 11 0
0 7 0 12 1 15 0 0 10 0 0 2 5 0 0 4
6 15 16 13 0 0 0 3 7 0 0 0 14 0 10 11
0 9 14 2 16 0 6 0 5 15 0 0 0 0 0 12
8 0 10 3 15 14 2 7 0 16 0 6 4 5 0 9
12 0 7 11 0 8 10 9 3 4 14 0 0 0 0 16
0 13 0 4 0 1 15 11 0 0 7 14 0 0 16 0
3 2 15 16 7 13 12 0 0 0 0 8 0 11 0 10
0 14 0 5 3 10 0 16 13 6 4 0 2 15 0 0
0 6 11 8 5 0 14 2 12 10 16 15 1 3 0 0
