0 0 7 0 0 9 15 13 0 8 1 4 0 5 11 10
8 12 0 0 0 14 11 6 0 15 10 0 7 0 0 1
6 10 13 0 1 4 0 0 7 2 0 0 0 0 15 16
0 0 0 1 0 2 0 7 13 12 14 16 9 3 0 0
5 6 10 0 8 13 14 2 3 1 0 0 0 12 4 9
12 16 14 0 0 0 4 0 8 5 0 2 3 1 10 7
0 1 2 8 0 0 9 5 0 0 12 0 0 0 0 15
0 9 4 0 0 3 1 0 0 0 16 14 2 0 0 13
1 0 15 0 6 0 13 4 16 0 5 7 11 9 0 12
0 13 0 16 5 10 2 9 1 11 0 0 0 7 0 14
0 0 6 9 0 7 3 0 14 0 15 12 0 0 0 0
10 0 11 5 0 12 16 15 0 0 13 8 0 0 1 3
13 5 0 10 0 11 6 3 12 16 8 0 0 4 0 2
0 15 3 0 4 5 0 0 0 7 2 0 1 0 9 0
0 0 16 7 0 15 10 0 9 3 0 1 0 13 0 11
9 0 8 12 13 0 0 16 0 14 0 5 10 0 3 0
