16 14 0 0 11 15 7 1 0 0 0 0 3 0 6 2
3 12 0 0 0 0 10 0 6 14 11 0 1 7 5 15
0 0 0 0 9 0 0 3 0 5 0 0 11 0 0 10
10 4 7 11 0 0 14 6 0 1 0 15 12 8 13 16
0 0 0 0 6 13 5 16 0 4 7 1 10 3 9 11
0 3 0 16 0 7 0 0 10 0 0 12 0 0 15 0
0 13 6 0 0 9 0 0 0 3 0 11 2 1 12 5
1 0 0 4 0 12 3 0 13 0 15 0 8 6 0 7
6 16 1 15 10 2 11 13 12 0 4 0 7 0 0 0
0 8 3 2 16 0 6 12 1 0 0 0 13 11 0 4
0 0 14 10 0 1 9 7 0 0 13 6 5 15 8 0
0 9 12 13 5 4 8 0 0 0 10 14 0 0 0 1
0 6 5 0 0 0 0 0 0 13 2 4 9 0 1 8
2 0 16 0 4 6 0 5 8 0 1 10 14 0 0 0
13 10 0 1 12 3 0 8 0 9 0 16 15 5 0 6
11 7 8 0 1 0 15 9 5 12 6 0 16 0 4 0
