4 1 0 9 0 3 0 0 11 0 0 16 14 13 5 2
3 6 14 0 2 12 0 0 0 7 0 8 0 15 4 0
0 0 16 10 0 0 11 5 3 0 4 13 0 7 9 8
13 7 0 0 15 4 16 8 0 0 14 10 3 11 6 0
0 0 9 2 16 10 0 4 15 8 0 5 0 0 14 7
0 0 0 0 8 7 0 3 9 16 6 12 2 1 13 0
14 0 0 0 1 9 15 11 0 13 3 0 16 0 10 0
0 0 0 0 5 0 0 13 1 0 7 14 15 0 11 0
16 0 5 1 0 8 0 0 0 0 0 7 4 0 0 10
12 0 0 0 13 16 0 2 10 0 5 1 0 6 7 3
7 11 3 13 0 14 10 0 0 0 16 4 5 0 0 0
10 8 2 0 0 0 7 1 0 0 12 9 11 16 15 0
5 2 11 3 9 13 0 6 12 0 0 15 7 0 0 0
0 16 1 4 12 2 8 7 0 14 10 0 0 5 0 11
0 0 0 12 0 15 5 14 0 1 0 11 13 0 8 6
0 14 13 0 0 0 0 16 7 0 9 3 0 0 12 15
