3 9 0 12 10 2 13 4 14 8 0 16 15 5 11 1
0 2 16 11 1 0 15 8 10 0 12 13 0 0 4 0
10 8 0 0 7 11 5 0 4 3 0 15 16 2 0 13
15 0 1 13 12 14 16 6 2 7 11 5 10 3 9 0
0 0 0 5 0 0 0 14 12 1 7 2 9 0 0 0
6 12 0 14 4 0 8 0 0 15 0 10 5 1 0 2
0 0 15 9 0 0 12 0 8 5 16 6 0 0 7 0
1 0 2 0 0 0 6 0 11 4 0 14 12 15 0 0
0 13 0 16 14 0 2 0 6 11 0 3 0 10 15 7
14 0 5 15 8 9 0 0 16 10 0 0 2 0 0 0
12 6 4 3 16 0 7 10 1 0 0 0 8 11 14 5
2 0 0 0 0 0 1 0 15 0 8 0 0 16 3 9
0 0 0 0 2 0 14 0 0 12 10 0 0 9 0 0
13 0 0 0 0 8 4 16 0 6 14 0 7 0 0 0
9 0 12 0 11 13 10 1 7 16 15 0 0 0 0 4
0 0 6 1 3 12 9 7 0 0 13 4 0 8 0 0
