9 16 13 4 3 10 2 15 0 0 11 0 0 8 6 1
0 12 0 0 14 6 11 1 0 8 4 9 5 16 7 13
6 14 0 0 4 0 0 16 0 0 1 15 2 9 0 10
7 0 10 5 12 8 0 13 6 0 0 16 14 4 0 15
1 0 0 2 15 9 3 5 4 7 13 14 6 0 8 12
0 9 0 7 0 1 0 0 0 6 16 0 3 0 13 5
0 0 0 13 0 0 0 6 8 9 10 0 15 0 16 7
0 11 14 6 16 0 7 0 0 5 15 2 0 10 4 0
0 0 0 16 8 2 1 0 14 0 0 3 10 0 15 0
0 3 1 0 0 4 10 0 0 2 0 6 0 0 14 16
11 6 0 0 7 16 0 3 1 15 5 4 0 0 2 0
2 5 0 14 0 15 0 0 0 12 7 0 0 0 0 4
13 0 6 0 10 5 16 0 9 4 3 0 8 1 0 0
0 7 0 0 13 11 0 14 5 0 12 0 0 6 0 2
14 2 0 0 0 0 8 0 0 0 6 0 16 0 9 0
10 0 0 0 9 0 6 7 2 16 0 11 13 15 0 3
