0 0 5 8 12 6 0 0 0 16 7 0 9 0 1 14
0 14 0 7 1 16 0 13 0 11 0 0 0 0 5 12
11 1 0 16 9 8 0 4 0 0 0 6 0 0 10 0
0 12 4 0 3 5 0 15 10 13 1 0 0 8 11 16
8 15 14 0 11 0 10 0 7 4 9 12 1 5 2 6
2 0 0 10 6 4 15 12 14 0 0 3 11 9 0 0
0 11 0 6 8 14 5 9 0 0 2 0 12 13 0 3
12 0 0 9 13 7 1 2 15 5 6 11 0 0 8 4
0 9 3 0 0 11 0 0 13 0 0 0 0 0 0 0
13 2 12 11 0 0 0 0 9 7 14 0 5 16 0 1
10 4 8 0 14 0 0 5 6 2 16 15 7 12 0 0
0 16 6 15 0 12 9 0 11 1 3 5 8 4 13 10
0 0 0 12 0 0 13 0 16 0 11 7 0 0 4 8
16 0 2 0 0 0 12 11 3 6 5 13 10 0 0 9
0 7 0 0 0 1 6 14 0 0 0 0 0 11 0 0
5 6 0 0 0 9 16 8 12 15 0 0 0 0 7 13
