0 3 14 15 8 2 12 0 4 6 16 0 11 1 0 5
0 16 4 2 5 7 11 0 3 0 0 0 0 10 8 0
0 0 11 0 0 4 10 0 0 5 15 8 14 0 13 3
10 6 8 0 1 3 15 14 11 7 2 0 0 0 0 4
0 0 0 0 7 8 14 0 0 3 12 0 0 6 1 10
0 0 0 9 0 13 0 10 1 0 0 2 3 14 15 0
1 14 7 10 0 0 3 11 0 16 0 0 5 4 0 8
8 0 5 0 12 0 9 0 14 0 0 4 7 16 0 0
6 9 0 13 0 0 4 0 16 0 0 11 1 8 10 7
0 11 0 0 0 0 0 0 7 0 14 0 15 0 5 0
0 1 0 7 13 16 8 0 0 0 0 3 2 11 6 0
5 0 2 14 0 11 0 7 12 0 0 0 0 13 0 16
2 8 0 6 11 5 0 0 15 0 3 7 16 12 14 1
7 13 0 0 0 10 0 0 6 4 11 14 8 5 3 9
3 4 15 0 9 0 16 8 0 1 13 5 0 7 11 0
14 5 10 11 6 1 0 0 8 0 9 0 0 15 0 0
