6 0 0 0 16 3 9 1 11 5 0 10 12 0 8 7
10 0 0 0 14 0 2 0 13 3 7 6 15 9 0 5
7 3 9 5 15 0 0 13 1 2 14 12 0 16 0 4
12 4 0 13 0 0 0 0 0 15 0 8 11 0 0 14
4 0 8 7 1 0 16 15 9 0 0 0 0 10 5 0
0 10 15 9 6 7 0 14 5 0 0 4 0 0 0 13
0 0 0 0 0 9 8 2 10 6 0 0 0 12 4 0
0 0 0 1 0 4 10 3 7 12 0 16 9 14 11 0
0 1 0 10 0 6 15 0 0 13 8 3 5 0 2 16
0 14 0 0 0 0 0 0 0 7 10 0 8 11 15 1
0 0 7 0 3 14 0 8 0 0 12 0 0 4 10 9
13 8 0 15 10 0 5 7 2 4 1 9 0 0 0 0
1 5 0 0 0 0 0 12 3 9 6 0 0 0 0 11
0 0 6 2 9 0 14 0 12 0 13 0 4 3 7 10
15 9 0 0 11 0 13 16 4 1 5 7 0 8 14 2
14 0 13 11 0 15 3 6 8 10 0 2 1 0 0 12
