0 0 0 0 12 0 0 9 0 0 11 0 7 0 0 0
0 7 0 0 0 0 0 0 3 0 0 0 13 0 0 0
0 0 0 0 0 0 1 0 7 5 0 0 16 15 3 9
0 0 3 0 4 0 0 0 0 0 0 0 0 0 2 0
12 11 0 0 13 0 0 0 0 0 3 0 8 0 0 2
0 0 0 0 9 0 0 1 0 0 12 0 0 0 0 0
0 16 0 0 0 0 0 12 0 0 15 1 3 0 0 0
0 0 5 0 2 0 0 3 0 0 16 0 0 0 11 12
0 15 0 0 0 8 0 7 0 10 2 0 1 0 4 0
14 8 0 0 0 0 0 0 12 0 9 0 0 0 7 0
7 3 13 12 0 14 0 0 0 0 0 0 10 0 0 0
0 9 0 4 0 12 0 6 1 0 0 0 0 0 0 13
0 0 0 0 0 1 12 0 0 0 4 10 0 11 0 0
9 0 0 0 11 0 0 0 0 0 0 0 2 0 16 0
0 2 0 0 5 13 6 0 0 12 0 0 0 7 0 0
13 0 0 0 0 9 0 0 0 0 0 0 12 6 0 0
