8 7 0 6 0 0 3 0 0 16 0 0 0 0 0 0
0 0 0 10 0 0 1 0 0 0 11 0 0 0 0 0
0 0 0 0 0 0 13 0 0 0 0 7 0 4 15 0
11 5 0 0 0 8 4 16 0 12 0 0 0 7 0 0
9 0 0 0 6 0 0 0 0 0 0 14 0 0 4 16
0 0 0 0 0 2 0 3 0 0 10 0 0 0 11 0
0 0 10 0 11 0 0 1 2 0 0 0 0 13 9 8
13 0 0 0 0 0 0 9 0 0 0 11 0 0 0 5
0 8 0 0 0 0 0 0 14 13 0 9 0 10 0 7
0 9 7 0 1 0 6 0 16 0 2 0 0 14 0 0
0 0 0 0 0 0 9 12 0 0 0 0 0 8 0 0
12 13 11 0 0 0 0 0 0 0 0 0 0 0 0 6
3 0 0 0 0 1 0 0 0 0 0 16 0 0 10 9
0 0 0 0 12 0 0 6 0 14 0 15 0 0 0 0
0 6 16 0 3 11 0 4 0 0 0 0 0 5 0 0
0 12 4 0 15 7 10 0 0 0 0 0 0 0 0 13
