8 0 9 12 0 10 0 0 0 4 0 0 0 0 5 6
1 16 0 2 0 0 0 13 0 0 10 0 0 7 0 8
14 0 11 0 0 0 0 7 0 15 0 0 0 0 0 0
0 0 0 0 0 0 8 11 5 0 0 6 0 0 0 0
0 6 0 8 0 0 0 0 0 2 1 0 0 0 14 0
3 0 0 16 4 0 0 0 0 0 0 8 0 0 0 12
0 0 0 10 0 15 2 0 6 7 3 9 5 0 0 0
0 0 0 14 0 13 7 0 0 0 0 16 0 0 8 0
0 0 0 0 0 0 0 0 0 0 0 0 0 0 2 9
0 0 0 0 0 5 13 6 0 8 0 0 0 12 16 0
4 14 0 0 12 8 0 3 0 0 9 0 0 0 0 7
0 0 0 0 0 0 0 0 0 0 0 0 0 14 0 13
0 0 14 0 13 0 6 2 0 0 0 0 0 15 0 0
0 9 5 0 0 0 3 15 0 0 0 0 0 8 0 0
0 0 0 0 0 0 0 8 0 0 0 14 9 6 0 0
0 0 0 6 0 7 0 0 0 0 2 0 0 4 0 0
