6 0 0 8 0 5 0 1 0 0 0 0 0 0 0 0
0 15 0 0 0 0 0 3 0 0 0 8 13 0 0 0
0 0 5 3 0 0 10 13 0 0 2 12 8 14 15 7
0 16 10 0 0 14 11 0 0 7 0 0 0 1 4 0
0 9 15 0 5 0 12 0 0 0 0 0 0 0 0 0
0 0 16 14 0 0 4 2 0 0 0 15 0 0 3 13
4 0 0 0 16 0 13 0 0 0 0 0 15 0 14 0
10 0 0 0 3 0 0 9 0 0 5 7 12 0 6 0
0 11 0 16 0 0 14 0 0 0 0 0 0 0 5 3
0 0 3 0 11 9 0 15 5 13 8 14 4 16 0 0
0 2 0 12 0 0 0 0 0 0 6 11 0 13 0 0
0 0 0 0 1 0 3 5 0 0 0 0 0 0 0 0
0 0 14 0 0 13 0 0 0 0 0 0 0 15 0 8
0 3 0 1 0 0 0 0 0 0 0 0 0 0 0 0
0 0 0 0 0 3 5 0 0 0 0 0 1 0 0 0
0 0 0 0 0 0 0 0 0 0 0 0 0 0 0 0
