0 0 0 0 0 0 3 12 0 0 6 0 0 0 0 10
15 3 0 0 9 4 0 1 0 0 0 13 11 0 0 0
16 0 11 0 15 0 0 0 0 0 0 0 0 0 6 0
0 2 0 0 0 11 0 0 0 0 0 0 0 4 0 15
0 0 12 0 0 0 0 0 0 0 0 0 0 10 0 0
3 0 0 0 5 0 6 0 0 0 0 0 2 1 9 0
2 0 0 0 14 0 10 9 5 0 15 7 3 0 0 13
0 0 0 0 11 7 1 3 0 0 0 0 15 0 5 0
0 0 0 16 0 14 0 0 0 0 10 5 6 0 4 0
0 0 3 1 0 0 0 0 0 9 0 0 0 0 0 0
0 0 0 0 0 3 0 0 0 0 0 0 0 13 12 0
0 0 0 0 0 0 0 16 12 0 13 14 9 0 0 1
0 0 0 0 6 0 11 0 0 2 0 0 0 14 0 0
0 0 2 0 0 0 16 7 0 5 0 15 0 0 0 0
14 11 0 0 0 0 15 0 0 0 4 0 0 7 0 0
0 9 0 0 3 13 0 0 6 0 0 0 0 0 1 2
