8 0 0 0 0 0 0 0 0 0 0 13 0 0 1 0
0 0 0 0 0 0 3 5 1 0 0 10 0 0 0 0
0 0 0 9 0 0 0 0 0 0 14 0 0 0 5 0
0 0 0 0 0 0 16 0 0 7 0 0 0 0 3 0
0 0 0 0 0 0 0 0 12 13 10 0 7 14 2 0
0 0 14 0 5 0 4 10 0 11 1 0 0 0 0 0
16 0 2 0 0 6 14 0 9 0 0 7 0 0 0 8
0 0 0 11 0 12 0 0 0 0 15 0 0 6 16 0
0 0 0 3 0 0 10 0 0 0 0 0 0 0 0 0
0 0 9 0 1 2 0 3 0 16 0 4 0 0 0 7
0 0 0 0 12 5 0 9 0 15 0 0 0 3 0 0
6 0 0 5 0 0 11 14 0 0 3 0 0 0 9 15
0 0 1 0 14 0 0 0 16 0 13 0 0 0 0 6
0 3 11 0 0 0 6 0 0 0 0 14 0 16 0 9
0 8 13 6 16 0 0 0 0 10 2 0 0 0 7 0
0 16 0 0 9 0 0 0 6 0 7 0 0 0 0 0
