0 0 6 0 0 0 9 3 0 14 4 0 0 0 0 15
0 2 0 0 0 0 15 0 11 0 0 10 0 0 1 16
8 0 0 0 0 12 5 0 0 0 0 15 14 9 2 0
10 14 9 15 0 0 0 13 0 2 5 1 0 8 0 11
0 15 0 0 0 9 0 0 0 0 0 5 0 0 0 0
0 0 0 7 0 0 0 12 0 0 0 0 0 0 0 0
0 0 0 0 0 0 0 0 0 0 0 12 0 0 0 0
9 0 3 0 14 0 0 15 0 7 10 0 0 16 0 0
5 0 0 0 0 0 0 11 0 0 0 7 0 0 0 0
13 0 0 0 12 14 16 0 0 0 0 0 2 5 10 0
0 10 0 16 6 3 8 0 0 0 0 2 0 0 0 14
7 0 14 0 4 0 0 0 0 0 0 0 0 0 0 0
0 9 0 0 0 0 12 0 0 0 0 11 0 0 0 0
0 0 0 12 15 0 0 2 0 10 0 6 0 0 0 0
0 0 0 14 9 0 0 0 0 0 0 0 11 0 0 0
16 1 2 0 0 0 11 0 0 0 0 14 4 13 0 0
