0 5 0 0 11 9 0 0 0 0 0 0 0 0 12 0
0 0 0 0 0 0 0 10 1 0 11 0 0 0 0 0
0 0 0 1 0 8 0 15 16 0 5 0 0 3 10 0
0 0 0 0 0 0 0 0 0 15 0 0 0 1 11 0
0 0 3 0 10 0 0 0 0 6 0 0 9 0 0 0
0 0 0 7 2 5 0 0 0 8 12 15 0 0 1 0
0 0 0 0 0 1 0 0 5 10 0 0 0 12 14 0
0 0 0 0 0 0 11 0 0 0 0 0 0 0 0 0
8 0 0 0 0 6 0 1 0 0 0 0 0 11 0 0
0 11 6 16 0 0 0 0 2 0 0 0 13 8 0 0
0 0 0 0 0 0 12 4 0 0 0 0 6 16 0 0
0 0 0 4 0 0 0 0 0 0 0 13 0 7 0 15
0 4 1 0 14 15 16 11 0 5 0 0 0 0 8 0
0 10 0 0 0 4 13 8 6 0 15 0 0 14 16 5
15 0 16 0 0 0 0 0 0 0 0 2 0 0 13 0
11 0 0 14 0 2 0 0 0 9 0 0 15 6 0 4
