0 0 0 7 0 0 0 0 0 16 0 0 0 0 0 0
0 0 0 14 0 0 0 0 0 0 0 0 0 0 2 11
0 6 0 0 14 0 11 0 0 0 0 12 0 0 1 16
0 11 16 0 1 0 0 4 0 0 0 9 8 0 0 0
10 2 12 0 0 0 0 11 0 0 13 0 1 0 5 0
14 0 0 13 0 0 0 10 0 2 0 1 11 0 8 3
11 0 0 0 0 0 0 0 12 14 0 0 0 13 0 0
0 5 0 0 13 0 8 0 0 0 4 0 0 0 0 14
16 0 0 0 0 0 15 6 13 0 7 10 2 0 0 0
0 0 0 0 7 11 0 0 0 0 0 0 0 0 0 0
0 0 8 0 10 1 0 0 0 0 0 2 6 0 7 0
0 0 7 11 0 0 2 0 0 0 0 0 0 5 0 10
0 0 14 2 0 0 0 16 0 0 0 0 0 0 0 9
15 0 0 0 0 0 0 0 0 1 0 0 0 0 0 0
0 0 0 0 0 0 0 0 0 7 9 0 15 12 16 0
9 16 0 5 0 0 0 15 0 0 3 13 4 14 0 0
