0 0 12 0 0 0 3 14 0 0 1 0 5 8 0 0
0 2 0 5 0 16 0 8 0 14 0 0 0 0 1 0
0 3 15 0 5 0 6 9 16 0 0 0 0 0 13 2
7 0 0 14 0 0 0 0 2 0 0 5 0 0 11 15
0 12 7 0 0 0 0 0 0 0 0 0 9 0 0 0
0 13 0 0 11 0 0 4 9 0 0 16 15 0 0 0
0 0 9 0 0 0 0 1 0 0 13 14 0 0 0 11
1 0 0 0 0 0 16 0 0 2 0 0 0 0 0 0
2 0 4 8 0 0 0 0 0 0 0 0 0 0 0 14
13 0 0 6 0 0 0 0 12 0 0 10 0 7 9 4
0 0 14 0 0 0 0 13 0 0 0 2 0 6 0 10
0 0 0 0 0 6 0 0 0 1 0 0 0 11 0 0
12 0 0 0 0 0 0 0 0 0 0 0 0 0 0 0
0 0 0 0 0 0 13 0 0 0 0 0 11 0 15 0
11 10 0 0 8 14 2 5 0 0 0 0 13 1 0 0
0 0 0 0 6 15 0 0 7 0 11 0 14 0 3 0
