0 0 0 13 11 16 0 7 0 0 0 0 0 0 3 0
10 7 0 9 0 12 0 14 0 0 4 0 0 15 0 0
15 14 0 12 8 0 13 0 0 16 11 9 0 0 0 0
0 11 0 3 4 0 0 0 0 0 0 0 2 0 0 0
11 2 0 0 0 0 0 0 4 13 0 0 0 9 10 0
0 1 0 0 0 0 0 0 3 0 0 0 12 16 0 0
3 0 0 0 15 6 12 0 1 0 0 0 0 0 0 14
0 0 0 0 0 3 0 9 0 5 6 0 1 0 0 0
0 0 0 0 5 0 0 0 0 0 0 0 3 0 12 0
0 0 0 8 0 0 7 0 0 12 3 0 0 6 0 0
5 0 0 4 16 13 3 0 0 0 0 7 0 0 0 0
1 0 0 16 0 0 0 0 0 0 0 0 0 0 8 0
0 0 7 11 0 0 0 13 9 6 0 16 15 0 0 0
0 0 0 0 2 0 0 0 0 0 1 0 0 0 0 0
0 0 0 0 0 0 11 0 10 0 15 0 0 0 0 0
14 5 0 0 0 0 0 0 0 0 12 0 0 11 9 8
