0 1 9 0 0 3 0 0 13 0 0 0 0 2 0 0
0 2 0 0 10 8 6 14 0 0 0 0 0 0 0 7
0 0 0 0 0 0 0 0 4 14 0 0 0 0 0 0
6 0 0 3 0 0 0 15 10 0 8 5 0 0 0 0
11 13 0 0 0 0 0 0 0 0 0 0 0 0 0 0
0 0 0 16 5 4 11 0 0 13 14 0 7 9 0 0
0 0 0 0 2 0 8 13 0 0 3 0 0 0 0 0
12 0 0 0 0 0 1 0 0 6 0 0 0 0 0 0
0 0 0 0 1 0 14 6 12 0 0 0 15 8 0 9
0 0 0 11 4 0 10 8 14 0 0 0 3 0 0 13
0 14 0 0 0 0 0 16 6 0 0 10 4 12 0 0
7 12 3 0 0 5 9 0 16 0 0 0 0 10 0 0
0 3 0 12 0 0 0 4 0 8 16 0 0 7 0 11
0 0 0 2 0 0 0 0 0 0 11 3 13 0 0 0
0 0 0 0 8 0 13 0 0 0 0 0 0 0 0 15
0 0 0 1 0 0 0 0 0 0 0 0 9 0 0 8
