13 7 0 0 0 0 8 1 0 16 0 9 0 5 0 0
0 0 0 0 0 0 0 7 0 0 0 0 0 0 0 0
0 1 0 16 0 5 0 0 14 0 10 0 0 13 0 0
0 0 0 0 0 0 0 0 13 0 0 0 0 0 15 0
1 0 5 0 0 2 0 14 11 15 13 0 0 8 12 16
0 0 3 0 0 0 0 0 5 0 0 0 0 0 0 0
15 0 12 0 0 0 0 0 0 8 4 0 0 9 5 10
0 6 0 0 0 0 0 0 9 0 2 0 7 0 4 13
0 14 0 0 0 0 16 15 12 10 0 11 0 0 13 0
16 8 0 6 0 0 0 3 0 2 7 13 0 0 0 9
11 0 1 0 0 14 0 13 3 4 0 0 0 0 10 15
0 0 0 0 0 0 0 0 0 0 6 0 0 0 0 8
0 15 7 0 8 0 0 0 0 0 0 0 0 0 0 0
0 0 4 0 0 0 0 6 1 0 8 0 0 0 0 0
0 16 14 0 0 1 0 0 0 0 0 0 0 0 0 0
12 11 0 9 0 0 0 5 0 0 0 0 0 0 0 0
