0 0 14 0 0 15 0 16 0 0 0 0 0 7 0 0
0 0 0 0 0 0 8 5 0 0 0 0 6 0 0 10
2 0 7 0 10 0 0 6 0 0 0 9 14 0 15 1
6 3 0 5 0 0 0 0 0 0 0 0 0 12 0 4
0 0 0 0 15 0 0 3 5 0 0 11 0 0 12 0
12 0 0 0 0 0 0 0 0 16 4 0 0 0 0 0
15 0 13 0 11 5 0 0 1 10 0 14 7 8 3 0
14 6 0 0 0 9 0 0 0 0 0 0 0 0 1 0
0 0 0 2 0 7 11 0 0 0 8 13 0 0 0 0
0 0 0 0 3 0 0 0 0 0 0 0 5 9 0 0
0 0 0 0 0 0 2 8 0 1 0 7 0 15 0 11
8 12 0 0 0 16 0 0 10 0 0 4 0 0 0 0
7 0 0 0 0 0 15 0 2 0 0 0 0 0 0 8
10 11 0 0 4 0 14 0 0 0 0 0 15 6 7 12
4 0 0 0 0 0 0 0 12 0 0 0 0 2 0 0
3 15 0 1 0 0 0 0 0 0 0 0 0 0 0 0
