0 4 14 0 0 0 2 0 1 0 0 0 0 0 0 0
0 0 0 0 0 0 4 0 0 0 0 0 11 0 0 15
0 0 0 0 0 0 3 0 0 0 8 12 0 9 4 0
8 0 15 0 11 5 0 0 0 0 3 0 0 0 0 0
0 16 12 0 0 0 15 0 0 0 5 1 3 4 0 0
0 0 0 0 0 0 0 0 0 0 0 0 2 8 0 12
0 15 0 0 5 3 13 0 4 0 6 0 0 0 0 10
0 0 3 0 16 0 0 0 0 0 12 0 0 0 0 0
12 0 0 0 6 0 9 0 16 0 0 0 7 0 2 0
7 0 8 0 0 0 0 0 0 0 0 0 0 0 0 1
0 0 0 0 3 16 0 5 11 15 7 14 4 10 13 0
0 0 0 0 0 0 1 0 0 0 0 10 6 0 0 0
0 0 13 0 0 0 0 0 0 0 0 9 0 0 0 0
0 0 0 1 13 0 0 0 0 0 0 0 0 2 0 9
4 0 6 0 0 0 0 0 15 2 16 5 12 0 0 13
0 2 0 11 9 14 0 0 12 0 0 13 0 15 0 0
