0 0 2 0 0 7 0 10 15 0 0 0 16 0 1 11
0 12 0 0 0 0 0 13 9 3 0 0 2 0 6 0
0 0 0 0 0 0 0 0 5 0 0 0 0 3 0 14
1 0 0 0 0 0 0 0 6 0 0 0 0 8 0 10
2 0 12 15 0 0 13 0 7 0 0 0 0 0 0 8
0 7 0 16 0 0 0 0 0 10 0 0 5 0 12 9
0 6 0 0 8 0 0 0 0 2 0 11 0 0 0 0
8 0 11 13 0 0 12 0 0 0 0 0 0 0 0 0
0 0 1 0 0 0 6 0 0 8 5 15 9 0 0 0
0 0 0 10 0 0 0 0 4 6 0 3 8 0 0 0
0 0 4 0 0 0 0 0 0 0 0 7 0 14 0 6
0 0 0 0 0 0 0 0 2 9 0 0 0 16 0 12
0 0 0 0 1 0 0 0 0 0 0 12 0 9 0 3
0 0 13 0 0 9 0 0 16 0 3 6 14 4 8 0
10 0 0 0 0 15 0 14 0 0 0 0 0 0 0 0
0 0 0 9 12 4 0 0 0 0 0 0 0 13 2 7
