0 0 0 0 0 0 0 3 7 10 5 4 6 0 0 0
4 3 0 0 2 1 0 0 16 0 0 0 0 0 0 5
0 0 0 0 16 6 0 0 3 0 0 0 0 4 0 0
7 14 10 6 0 8 0 0 0 0 0 0 0 2 0 0
0 10 1 0 4 15 0 0 0 0 0 0 0 0 0 0
0 0 0 0 0 0 0 0 0 0 7 0 0 13 5 0
0 5 0 7 0 0 3 0 0 0 12 2 0 16 0 0
0 0 0 0 0 12 5 0 4 8 0 0 0 0 0 0
0 0 0 5 0 0 12 14 13 0 0 0 0 0 0 0
0 0 11 0 0 5 9 0 0 0 0 0 12 0 2 0
10 15 14 0 0 0 0 4 12 5 0 0 0 0 9 16
9 12 16 0 0 0 1 0 11 4 3 0 0 0 0 0
0 0 5 0 0 0 14 8 0 7 4 6 10 15 0 0
0 13 0 10 0 0 0 0 0 15 0 3 0 0 0 0
0 0 0 0 0 0 10 0 0 0 0 0 0 0 0 0
0 0 0 0 0 0 0 15 14 13 0 0 0 12 0 0
