0 0 0 0 15 11 0 14 8 16 10 1 0 0 0 0
5 0 0 0 0 7 3 0 11 9 14 0 0 0 10 16
16 0 0 0 13 5 0 10 0 0 0 0 0 9 0 14
0 0 14 0 0 0 0 0 0 0 0 0 8 0 0 0
0 0 0 0 0 0 0 12 0 0 8 0 9 0 0 0
0 0 12 9 0 0 11 0 13 5 6 0 0 0 16 0
0 7 0 10 9 0 0 16 1 12 0 0 0 6 8 0
0 16 13 5 1 0 15 0 0 0 2 4 0 0 0 11
0 0 0 1 0 8 0 0 4 0 12 0 0 0 13 0
0 0 9 0 0 0 0 0 0 8 0 0 0 12 0 0
0 0 0 0 0 0 0 13 0 0 3 0 0 0 0 10
0 2 0 0 0 0 0 0 15 7 0 9 0 14 0 0
0 12 0 0 0 0 0 0 0 1 0 5 10 0 0 0
1 0 0 15 0 0 0 0 0 0 0 0 4 0 14 0
0 0 0 0 0 0 0 1 0 0 0 0 5 0 9 0
2 8 0 0 0 0 0 11 0 0 0 0 0 0 0 13
