0 14 0 0 0 0 5 0 0 0 15 0 0 16 4 12
10 0 0 0 0 3 0 0 9 4 1 0 7 15 0 0
0 0 0 0 0 0 7 0 0 0 0 0 0 0 0 0
0 0 2 0 0 0 0 0 0 13 12 0 0 10 0 0
13 0 0 0 10 0 0 0 0 0 0 0 15 0 0 6
8 0 0 0 0 14 12 0 3 0 5 0 0 0 0 0
0 0 0 0 13 0 0 0 0 7 0 16 3 4 0 0
0 0 14 6 0 11 9 0 4 0 0 0 0 0 0 0
0 0 13 0 7 0 0 10 16 0 0 3 0 11 8 0
0 0 8 0 0 12 0 0 0 0 0 0 13 6 0 0
0 0 1 7 0 0 0 0 0 0 0 0 0 12 10 0
0 0 0 0 14 0 0 0 8 0 0 0 0 2 7 0
1 15 3 2 0 0 0 12 7 0 0 0 0 0 0 0
0 0 16 14 15 0 0 0 1 0 0 4 10 13 0 0
0 7 0 0 0 0 10 1 6 0 0 14 0 9 0 2
0 0 0 0 6 0 14 7 0 0 0 0 8 0 0 0
