0 0 0 0 0 0 0 12 0 5 10 0 14 2 0 0
0 14 0 4 0 0 0 16 7 1 0 0 0 0 0 0
12 1 16 0 0 0 0 0 8 0 13 0 0 15 7 0
13 0 0 0 0 0 0 0 0 2 0 4 16 0 0 0
0 0 0 0 16 0 0 13 9 0 15 0 0 0 6 3
0 0 0 0 0 0 0 4 0 0 1 0 0 9 8 16
0 6 0 0 0 0 0 0 11 0 16 0 0 5 14 0
0 16 0 0 6 9 0 7 0 0 0 14 0 0 11 0
7 0 0 0 0 0 0 2 0 11 0 0 0 0 0 0
0 0 0 1 0 0 0 11 2 0 4 0 0 13 9 12
0 0 5 10 0 0 6 0 0 0 0 0 0 0 0 0
0 2 0 0 0 10 13 0 12 9 0 1 7 0 0 0
4 0 0 0 0 0 5 0 0 0 0 2 0 0 0 11
0 11 0 0 4 15 0 0 1 0 0 0 0 0 0 0
0 8 0 0 0 0 0 6 14 0 0 13 3 7 4 0
2 3 0 0 0 0 0 0 0 0 0 0 0 0 0 0
