0 6 0 0 0 0 4 5 8 7 0 0 11 9 0 0
0 0 0 0 0 11 6 2 0 0 0 15 0 0 0 0
4 0 5 0 0 0 0 0 0 3 0 9 0 0 6 0
8 12 14 0 10 0 0 0 13 0 0 0 0 0 0 5
0 0 1 0 0 0 0 12 0 0 0 11 2 0 0 0
0 0 13 0 2 10 11 0 0 0 12 0 0 0 0 0
0 5 0 0 0 0 0 4 0 0 0 0 0 0 13 0
0 0 0 4 1 0 0 0 0 0 0 0 12 3 5 0
0 0 9 2 15 0 0 0 0 0 0 0 0 13 0 0
14 0 0 8 12 1 5 0 0 0 11 13 0 2 9 0
0 0 0 1 0 0 0 0 0 0 7 0 0 5 16 0
0 7 12 0 0 2 0 0 0 0 0 4 0 0 0 6
0 0 8 0 5 0 0 0 0 0 0 0 0 0 0 11
12 15 11 0 4 13 1 0 0 6 0 0 5 0 0 2
1 4 0 0 0 3 0 0 11 0 0 0 16 0 0 0
5 0 0 0 0 0 0 0 0 1 0 0 0 0 0 0
