0 5 0 0 0 12 0 0 0 9 0 0 13 0 0 0
13 0 0 0 0 0 0 0 7 3 0 0 15 0 0 12
12 0 0 4 8 0 0 11 0 0 14 6 0 0 0 0
8 0 0 11 0 0 0 0 5 0 0 12 1 0 3 0
0 0 0 0 2 0 0 6 10 0 0 0 5 0 0 0
0 0 0 14 0 0 0 0 13 0 5 16 0 0 10 3
0 0 5 0 10 14 16 0 0 0 0 0 0 13 0 0
0 0 0 3 0 0 0 0 2 0 0 0 0 16 1 0
0 1 12 0 7 16 0 0 0 0 0 0 4 0 0 0
0 0 9 0 0 10 0 0 0 4 0 0 0 0 0 0
0 11 0 0 0 2 0 0 0 1 0 0 9 15 12 16
0 16 0 0 0 0 12 0 15 0 6 0 14 0 0 7
5 13 0 0 0 0 0 0 0 12 0 3 0 0 0 0
0 0 0 12 0 0 0 0 0 0 0 0 16 3 0 0
0 0 0 0 3 0 0 0 0 0 0 0 0 12 4 8
0 0 4 0 12 0 11 0 6 0 0 2 10 14 13 0
