0 6 0 0 5 8 0 0 0 0 0 0 0 9 0 0
14 0 0 0 0 0 4 0 0 10 0 0 0 0 0 1
9 7 0 0 14 0 0 0 0 0 0 0 8 0 0 0
0 0 0 0 6 0 7 2 0 0 4 0 0 3 0 0
0 0 8 2 0 0 1 0 16 0 0 13 0 0 0 0
0 0 10 15 0 0 0 0 0 2 0 0 3 0 0 0
0 14 0 0 2 0 16 0 0 0 6 0 0 0 0 8
0 0 0 0 0 0 11 0 0 0 0 12 0 0 0 0
0 0 9 0 0 0 2 13 15 0 14 0 10 7 0 0
0 0 3 7 0 0 0 9 12 13 8 0 14 2 0 0
0 0 5 12 0 6 0 0 0 0 9 0 0 4 0 15
2 0 0 0 0 0 0 0 1 0 0 0 0 0 9 0
1 3 0 0 4 15 0 0 0 12 0 0 0 0 0 0
15 0 0 0 12 0 0 0 6 16 13 0 0 0 0 0
0 0 0 11 3 2 10 0 0 0 0 7 0 12 15 0
16 0 0 0 9 0 0 7 0 0 15 0 0 5 1 0
