10 0 0 0 0 0 14 12 0 0 0 0 4 0 0 6
8 1 7 0 0 10 0 6 0 0 0 0 0 0 0 0
0 0 6 12 1 0 13 0 0 0 7 16 0 0 0 0
0 0 0 0 7 0 15 0 0 6 8 0 0 1 0 5
6 11 0 0 0 15 0 8 0 0 0 0 0 0 0 0
0 0 0 9 14 12 0 0 0 0 6 0 0 0 10 0
14 0 0 0 0 9 0 0 11 0 3 13 8 16 0 0
1 0 0 0 10 0 0 11 0 0 0 0 13 0 3 0
0 0 15 10 3 0 0 0 0 14 0 0 0 0 0 0
3 0 13 0 0 0 0 0 12 0 0 0 7 0 0 0
0 0 12 0 0 0 6 0 8 0 0 0 0 0 2 0
9 0 0 0 0 0 8 0 16 0 2 0 15 11 0 0
0 0 0 14 0 7 0 10 13 16 0 15 0 0 0 0
12 0 0 0 8 0 5 0 0 0 10 3 0 0 7 0
0 0 0 0 0 13 0 0 6 0 11 0 0 0 0 0
0 9 0 0 6 0 2 0 5 0 0 0 0 0 0 0
