0 0 0 0 12 10 0 0 16 5 0 4 0 0 13 11
0 0 0 0 6 9 0 2 15 0 14 0 0 0 0 1
0 15 0 1 7 0 0 0 0 0 0 8 9 0 6 5
0 0 0 0 0 0 0 15 0 0 0 0 10 0 0 0
0 0 0 0 16 0 0 0 8 0 0 14 13 9 7 0
0 0 0 0 2 0 0 0 0 16 0 12 0 3 0 0
1 0 0 0 0 0 0 0 11 13 15 3 0 0 10 0
0 0 0 0 0 0 0 6 0 2 0 9 0 0 0 0
14 4 0 0 0 7 13 0 10 0 0 0 0 0 0 0
12 10 0 0 0 0 0 0 0 0 0 0 0 0 15 0
0 11 0 7 10 5 12 0 0 6 16 0 0 0 0 0
0 0 0 0 0 16 0 0 0 0 0 0 0 7 0 10
9 0 4 0 13 0 0 0 0 0 2 7 0 0 0 0
0 0 3 0 9 0 2 0 0 0 0 11 0 0 14 12
0 0 0 0 0 0 0 0 0 15 0 0 7 6 0 9
8 0 0 0 0 0 7 0 3 9 0 0 11 0 2 0
