0 10 13 1 15 0 0 0 0 0 0 16 14 4 8 0
6 0 0 0 10 0 0 9 0 0 0 0 1 0 11 0
0 0 2 0 5 0 0 0 11 0 0 0 0 0 0 0
16 9 0 0 0 0 2 11 0 5 6 1 0 0 0 0
10 2 3 0 0 0 0 0 0 0 0 13 11 0 0 0
0 0 0 0 0 3 0 2 14 0 1 0 0 0 0 0
0 0 8 0 0 4 10 6 2 0 5 7 3 0 14 12
1 0 0 11 7 0 0 15 3 0 0 0 0 0 2 4
0 6 0 0 0 8 0 0 0 13 0 12 7 0 16 3
0 0 0 0 3 0 0 0 4 16 0 8 0 0 1 0
0 0 0 16 0 0 0 0 0 0 0 0 5 0 0 0
0 0 0 3 12 16 0 0 0 0 0 0 0 0 0 9
0 0 0 0 0 0 0 0 0 0 2 0 0 0 0 0
0 0 0 5 6 0 9 8 0 0 0 0 0 0 0 0
0 0 16 0 0 0 12 0 0 1 15 0 0 0 0 11
0 0 0 0 0 0 0 0 10 0 0 0 0 0 13 1
