3 0 0 1 10 0 0 0 0 7 0 0 13 0 0 0
5 0 0 0 0 0 0 12 0 0 0 0 0 0 0 0
0 0 0 14 1 0 2 0 0 4 11 16 3 0 10 8
0 0 0 0 0 15 9 0 0 0 6 0 4 11 0 0
0 0 0 0 0 0 5 0 0 0 0 9 2 4 0 0
0 12 0 0 0 0 0 0 0 0 0 0 15 0 0 0
15 0 4 0 2 3 14 0 0 1 0 0 0 0 0 0
2 0 8 11 0 7 4 0 6 0 12 15 0 0 0 0
0 0 2 3 5 9 8 0 0 0 0 0 0 0 11 14
0 9 0 0 0 0 0 2 0 0 0 0 0 16 0 0
16 0 0 7 0 0 0 0 9 0 0 1 0 0 0 0
0 0 0 15 0 1 0 16 0 0 0 0 9 0 0 0
0 3 0 0 0 0 0 0 0 0 15 0 10 0 0 0
12 0 15 2 14 0 0 11 0 6 16 10 0 0 0 0
0 6 0 0 0 0 0 0 13 11 0 0 0 0 0 0
0 7 0 16 0 6 0 3 0 12 0 5 11 0 0 0
