0 0 15 0 0 0 0 0 0 0 0 0 0 0 0 0
0 0 0 7 0 3 0 0 8 0 0 0 0 0 0 0
9 0 0 0 4 6 0 0 0 16 0 0 0 14 0 0
0 12 8 0 0 0 16 0 0 0 0 0 9 11 0 7
0 15 0 0 16 9 6 13 12 0 14 11 0 0 2 0
0 0 0 0 0 10 0 11 0 0 16 2 0 0 0 0
0 16 0 2 0 7 8 4 0 0 0 0 0 9 0 11
0 0 0 0 1 0 0 0 0 0 10 0 16 0 0 0
0 13 0 0 7 0 0 14 0 0 6 9 0 0 0 3
4 0 12 0 2 5 0 0 0 0 1 0 0 6 11 14
0 7 3 6 0 0 0 0 0 0 2 4 10 1 0 0
0 1 0 0 0 0 0 6 0 0 0 15 0 5 0 0
0 14 0 0 0 0 0 2 4 0 0 0 0 0 0 1
0 0 0 11 6 0 7 8 0 0 0 12 0 0 0 0
0 0 7 0 0 1 0 0 0 0 0 0 0 8 0 0
0 0 13 0 14 0 0 9 2 0 0 1 0 0 0 0
