0 0 0 0 10 0 0 0 9 0 0 0 16 0 13 0
0 0 0 0 0 7 0 0 0 0 16 6 4 8 1 0
7 16 0 0 0 0 0 0 2 0 14 0 9 0 0 0
0 0 0 0 0 0 0 2 0 11 0 0 0 5 12 0
11 0 14 8 0 9 0 5 4 0 6 0 0 0 0 13
0 0 0 2 0 0 10 0 0 0 0 0 0 0 0 0
0 0 0 0 0 15 0 0 0 0 0 0 0 0 10 14
0 0 0 0 7 0 13 0 16 0 0 14 0 9 6 1
0 8 16 13 0 1 11 0 0 0 10 0 12 0 4 9
6 0 10 7 0 0 0 0 0 0 0 0 0 0 0 0
0 0 0 4 0 0 14 0 0 0 1 0 0 0 0 7
0 0 9 0 12 16 0 0 0 0 0 0 0 0 0 0
0 7 3 0 0 12 0 10 0 0 0 16 0 0 15 0
12 9 0 0 0 0 0 0 0 6 8 0 0 1 5 4
0 14 0 0 8 3 0 13 0 0 0 0 0 2 0 0
0 15 8 0 0 0 0 4 0 12 0 0 0 0 0 0
