13 0 0 12 4 0 0 0 7 0 0 0 0 3 16 10
0 0 0 0 12 0 0 0 0 0 0 0 6 11 5 0
10 0 0 0 0 8 0 0 0 9 0 0 1 0 0 0
0 0 0 0 15 0 0 0 0 0 0 0 0 4 12 0
2 0 0 0 1 11 0 0 0 14 0 16 0 0 0 0
16 14 0 0 0 15 0 0 2 0 5 12 0 0 11 0
0 0 0 0 0 16 0 0 13 6 0 0 3 14 0 0
0 0 12 0 14 0 0 0 0 0 0 1 0 0 0 0
0 0 0 0 0 0 0 0 12 0 0 9 0 0 0 0
0 0 16 0 0 0 7 0 0 0 11 6 0 0 13 0
0 9 0 0 0 0 0 0 0 0 0 0 0 0 7 5
8 0 4 13 6 2 9 11 0 0 0 0 12 0 0 0
0 0 0 5 9 0 0 14 0 0 0 0 7 0 2 0
0 15 13 9 11 0 0 0 5 0 0 2 0 10 0 4
0 8 0 0 0 0 0 7 0 0 3 13 0 0 0 1
0 0 2 16 0 0 0 13 10 0 0 4 14 0 0 0
