14 8 0 0 9 0 0 0 0 12 0 0 10 16 0 0
4 0 0 0 16 0 0 10 0 0 11 0 0 12 0 15
15 0 0 10 4 12 0 0 0 0 0 5 0 0 8 0
0 0 0 0 0 0 8 0 0 16 0 0 11 0 0 0
2 9 14 0 0 7 1 12 6 0 0 10 15 0 0 11
0 0 0 16 8 0 9 0 0 11 0 0 0 0 7 0
0 0 0 8 0 0 10 0 0 0 2 0 0 0 5 9
0 0 0 0 0 16 0 0 9 0 14 0 8 0 0 12
12 0 0 0 0 8 0 7 0 10 0 0 0 11 14 0
0 3 0 0 0 10 16 0 5 0 0 0 0 4 12 2
0 0 0 0 0 1 0 0 0 4 0 0 0 0 0 5
0 0 9 0 0 4 0 0 0 0 0 0 0 0 15 0
0 12 0 15 0 9 0 0 0 13 0 0 4 0 0 0
0 10 0 0 0 0 0 0 0 0 0 0 5 0 11 0
9 0 0 7 0 0 0 0 0 1 0 0 12 0 0 0
0 0 0 0 0 0 0 0 4 0 0 0 2 15 0 0
