0 0 0 0 14 13 0 9 0 0 0 8 2 0 0 0
0 0 10 0 11 0 0 4 7 0 0 0 0 0 0 14
0 0 0 0 0 15 7 0 0 0 11 0 5 0 0 0
0 0 4 0 1 0 0 0 0 0 0 0 0 0 0 0
0 0 15 13 0 0 0 3 16 0 14 2 0 0 0 0
0 0 0 0 0 0 0 0 0 0 0 0 13 0 0 0
0 14 5 0 0 4 13 0 0 6 8 7 12 0 0 3
0 0 0 0 0 0 0 15 0 13 3 4 0 0 2 5
1 0 11 9 8 14 0 0 3 0 0 0 10 0 6 0
0 0 0 7 2 0 0 0 14 10 0 0 0 0 0 0
0 0 0 6 0 0 0 0 0 0 0 5 9 0 0 0
10 0 0 0 6 0 4 7 0 15 0 0 0 0 0 0
2 0 0 4 5 8 1 0 0 9 0 3 0 10 0 0
0 9 14 0 0 0 15 0 0 0 7 0 0 4 0 1
15 8 0 0 0 10 0 2 6 0 0 0 0 0 3 0
13 0 16 0 0 0 0 0 0 0 0 0 0 0 0 0
