0 0 0 0 7 0 2 0 0 5 0 9 0 0 0 0
0 0 0 0 5 3 0 0 7 0 0 11 0 6 12 0
0 0 0 12 0 14 0 15 0 0 0 0 0 2 9 0
0 0 0 4 10 0 0 0 0 15 0 0 0 0 1 0
0 0 9 0 0 0 0 0 0 0 0 0 1 8 0 0
0 0 15 8 0 0 0 0 9 3 0 0 13 0 0 0
10 3 0 13 0 8 0 5 0 0 0 0 9 0 0 11
0 0 0 0 0 0 0 0 0 8 0 0 0 16 0 3
16 0 0 2 3 0 0 8 4 6 9 0 0 0 0 0
0 0 0 0 9 0 0 4 0 0 0 0 0 0 10 0
0 0 0 7 0 13 0 0 0 14 0 0 0 9 0 0
15 0 3 10 0 0 0 0 0 7 0 13 0 0 0 0
0 15 0 0 0 0 8 0 10 0 0 0 0 12 0 0
2 0 0 0 0 0 5 7 11 0 8 12 10 13 3 0
7 0 16 0 4 0 0 14 13 0 3 0 6 0 0 0
0 0 0 0 0 6 0 0 0 0 0 16 0 5 0 9
