10 0 0 0 0 0 0 0 2 0 6 9 0 0 15 0
0 0 0 0 0 10 8 0 13 12 0 0 0 0 0 0
12 0 0 0 0 0 0 0 0 0 15 10 0 16 0 0
7 0 0 2 3 0 0 15 0 0 0 0 0 0 0 0
0 0 0 7 0 11 0 0 0 6 0 2 0 4 10 15
0 15 0 0 0 0 0 4 0 0 0 0 0 13 0 0
9 0 12 0 0 0 0 0 0 0 0 0 1 0 0 0
0 16 10 0 0 0 15 0 14 7 0 1 9 0 3 0
0 0 0 9 10 0 0 0 0 16 0 0 6 11 13 1
0 1 0 0 0 0 13 0 5 0 2 0 0 3 0 0
13 6 0 8 0 0 0 0 10 9 3 0 7 0 0 0
0 7 5 0 0 16 0 6 0 0 11 0 0 0 8 0
0 0 0 0 0 0 0 7 0 0 0 13 4 0 0 0
0 0 0 6 0 4 0 10 0 1 0 0 0 0 0 8
0 0 9 0 13 0 1 0 0 10 0 7 0 0 0 0
0 0 0 0 12 0 9 0 0 0 0 0 0 0 1 13
