0 4 14 0 16 0 11 7 0 0 0 0 2 0 0 5
6 0 0 0 12 0 0 0 0 0 0 0 9 0 0 0
0 0 0 0 0 0 0 0 0 0 14 0 0 0 12 0
3 11 0 0 15 0 4 13 16 0 2 0 10 0 0 14
0 6 0 14 9 0 0 0 0 1 3 15 4 10 2 0
9 2 0 0 3 10 0 8 0 0 0 0 0 0 14 0
10 0 0 0 0 0 0 0 0 12 11 14 6 3 0 13
5 0 7 0 0 0 0 15 0 0 0 0 0 9 1 12
7 12 0 0 0 0 0 9 0 13 0 5 0 0 0 0
0 0 0 0 0 0 0 0 0 0 0 0 14 0 0 0
0 0 0 11 0 12 0 0 6 0 0 0 0 0 0 0
0 0 0 0 0 0 0 0 1 14 7 12 0 15 0 0
0 0 0 0 0 0 0 0 0 4 0 11 0 0 13 10
14 0 0 0 0 0 16 10 0 0 0 0 0 8 0 0
11 0 0 0 5 0 0 0 0 7 0 0 0 0 0 2
0 0 6 0 0 0 0 0 5 16 0 0 1 14 0 0
