0 0 16 12 0 4 0 0 5 0 15 0 11 0 0 0
0 4 9 0 5 0 0 0 3 0 0 1 0 15 10 0
0 0 0 13 0 0 0 9 14 0 0 0 0 0 0 0
5 0 0 14 0 0 0 0 0 0 2 0 0 0 13 1
7 0 0 8 0 0 0 0 0 0 0 0 0 0 0 13
0 0 0 0 7 0 0 1 0 15 0 0 0 12 0 0
0 0 0 0 0 0 5 0 0 0 0 0 9 7 0 0
0 0 0 16 0 8 3 0 1 2 7 0 0 0 4 11
13 8 0 0 0 0 4 0 0 6 0 0 0 0 0 0
2 0 6 0 12 0 0 0 0 13 0 0 0 0 0 16
0 1 0 0 3 0 0 15 0 0 0 0 10 8 0 12
0 0 0 0 8 0 0 0 0 0 0 4 0 0 0 0
0 16 0 0 0 0 14 8 0 0 0 0 0 0 6 0
0 0 0 0 0 6 12 0 0 5 0 8 0 0 0 3
0 0 0 0 9 0 0 7 15 4 0 0 8 0 0 0
0 0 0 0 0 0 16 0 11 0 0 0 2 9 0 0
