0 0 0 0 0 0 0 0 0 0 0 9 10 0 0 5
0 5 0 0 0 0 0 0 0 0 0 0 0 0 2 1
0 0 0 10 0 0 0 0 0 0 0 1 0 11 16 0
7 13 0 0 0 0 16 0 0 0 0 11 6 0 15 12
0 0 0 0 0 16 2 0 0 0 11 8 1 0 0 0
10 0 0 11 0 0 0 12 14 0 1 0 0 0 4 0
0 16 0 8 0 13 0 0 0 0 2 0 0 0 0 7
0 0 0 0 0 10 0 14 0 0 0 13 0 0 0 0
8 0 0 0 16 0 0 0 0 5 0 0 0 10 0 0
16 0 0 0 0 0 0 0 0 9 0 10 0 0 5 15
0 10 11 0 7 4 5 0 0 0 14 2 0 0 0 0
0 0 0 14 0 0 0 9 0 0 0 0 0 0 7 0
0 0 3 0 0 0 0 16 0 0 0 0 13 7 11 0
0 14 0 2 0 0 0 0 0 6 9 0 0 0 0 0
0 12 0 0 0 11 8 5 0 0 0 0 0 0 6 0
0 0 10 0 6 0 0 0 0 0 16 0 0 1 12 0
